##bucket, min, mean, max, stddev, count,total
0 1.0 4.615384615384617 34.0 8.939970745090665 13 60.0
1 1.0 2.307692307692308 11.0 2.6890089681459286 13 30.0
2 1.0 1.7692307692307692 7.0 1.640825308284734 13 23.0
3 1.0 2.076923076923077 8.0 1.8912755158683456 13 27.0
4 1.0 2.0 7.0 1.632993161855452 13 26.0
5 1.0 2.076923076923077 8.0 1.8912755158683456 13 27.0
6 1.0 1.923076923076923 8.0 1.9348358440936906 13 25.0
7 1.0 1.923076923076923 8.0 1.8912755158683456 13 25.0
8 1.0 1.8461538461538458 8.0 1.9513309067639732 13 24.0
9 1.0 1.6153846153846154 6.0 1.3867504905630723 13 21.0
10 1.0 1.5384615384615385 6.0 1.3913653136029507 13 20.0
11 1.0 1.7692307692307692 6.0 1.3634420996046581 13 23.0
12 1.0 1.6153846153846154 4.0 0.9607689228305227 13 21.0
13 1.0 1.8461538461538463 4.0 1.0681880176381127 13 24.0
14 1.0 1.6923076923076923 4.0 0.8548504142651101 13 22.0
15 1.0 1.8461538461538463 4.0 0.8987170342729172 13 24.0
16 1.0 1.923076923076923 5.0 1.0377490433255416 13 25.0
17 1.0 1.7692307692307692 3.0 0.7250110520819841 13 23.0
18 1.0 1.7692307692307692 3.0 0.7250110520819842 13 23.0
19 1.0 1.6153846153846154 3.0 0.6504436355879909 13 21.0
20 1.0 2.0 4.0 0.816496580927726 13 26.0
21 1.0 1.5384615384615385 4.0 0.8770580193070292 13 20.0
22 1.0 1.4615384615384615 3.0 0.6602252917735247 13 19.0
23 1.0 1.7692307692307692 3.0 0.7250110520819842 13 23.0
24 1.0 1.7692307692307692 4.0 0.9268086959962983 13 23.0
25 1.0 1.6153846153846154 3.0 0.7679476477883045 13 21.0
26 1.0 1.7692307692307692 4.0 0.8320502943378436 13 23.0
27 1.0 1.7692307692307692 4.0 0.8320502943378436 13 23.0
28 1.0 1.846153846153846 6.0 1.4051188470584879 13 24.0
29 1.0 2.076923076923077 6.0 1.255755978254962 13 27.0
30 1.0 1.7692307692307692 5.0 1.235168419949695 13 23.0
31 1.0 1.7692307692307692 6.0 1.3634420996046581 13 23.0
32 1.0 1.8461538461538463 4.0 0.898717034272917 13 24.0
33 1.0 1.3846153846153846 3.0 0.650443635587991 13 18.0
34 1.0 1.6923076923076923 3.0 0.6304251719561152 13 22.0
35 1.0 1.5384615384615385 4.0 0.9674179220468453 13 20.0
36 1.0 1.6923076923076923 3.0 0.6304251719561152 13 22.0
37 1.0 1.692307692307692 4.0 0.9473309334313418 13 22.0
38 1.0 1.4615384615384615 3.0 0.6602252917735247 13 19.0
39 1.0 1.5384615384615385 3.0 0.6602252917735247 13 20.0
40 1.0 1.5384615384615385 3.0 0.6602252917735246 13 20.0
41 1.0 1.6153846153846154 3.0 0.6504436355879909 13 21.0
42 1.0 1.4615384615384615 3.0 0.6602252917735247 13 19.0
43 1.0 1.4615384615384615 2.0 0.5188745216627707 13 19.0
44 1.0 1.6923076923076923 4.0 0.8548504142651101 13 22.0
45 1.0 1.6153846153846154 3.0 0.6504436355879909 13 21.0
46 1.0 1.5384615384615385 2.0 0.5188745216627708 13 20.0
47 1.0 1.7692307692307692 3.0 0.7250110520819842 13 23.0
48 1.0 1.6923076923076923 2.0 0.48038446141526137 13 22.0
49 1.0 1.7692307692307692 3.0 0.7250110520819842 13 23.0
50 1.0 3.846153846153846 21.0 5.683985600588052 13 50.0
51 1.0 1.7692307692307692 3.0 0.5991446895152781 13 23.0
52 1.0 1.6153846153846154 3.0 0.6504436355879909 13 21.0
53 1.0 1.5384615384615385 2.0 0.5188745216627708 13 20.0
54 1.0 1.6153846153846154 2.0 0.5063696835418334 13 21.0
55 1.0 1.6923076923076923 3.0 0.7510676161988107 13 22.0
56 1.0 1.6153846153846154 2.0 0.5063696835418333 13 21.0
57 1.0 1.6153846153846154 3.0 0.6504436355879909 13 21.0
58 1.0 1.4615384615384615 2.0 0.5188745216627707 13 19.0
59 1.0 1.7692307692307692 3.0 0.599144689515278 13 23.0
60 1.0 1.5384615384615385 3.0 0.6602252917735246 13 20.0
61 1.0 1.7692307692307692 3.0 0.5991446895152781 13 23.0
62 1.0 1.6153846153846154 3.0 0.6504436355879909 13 21.0
63 1.0 1.6923076923076923 4.0 0.8548504142651102 13 22.0
64 1.0 1.5384615384615385 2.0 0.5188745216627708 13 20.0
65 1.0 1.6153846153846154 3.0 0.7679476477883045 13 21.0
66 1.0 1.8461538461538463 3.0 0.6887372317211946 13 24.0
67 1.0 1.7692307692307692 3.0 0.7250110520819844 13 23.0
68 1.0 1.8461538461538463 3.0 0.5547001962252291 13 24.0
69 1.0 1.6923076923076923 3.0 0.7510676161988108 13 22.0
70 1.0 1.8461538461538463 3.0 0.5547001962252291 13 24.0
71 1.0 1.7692307692307692 3.0 0.8320502943378438 13 23.0
72 1.0 1.6923076923076923 2.0 0.48038446141526137 13 22.0
73 1.0 1.4615384615384615 3.0 0.6602252917735248 13 19.0
74 1.0 1.7692307692307692 3.0 0.599144689515278 13 23.0
75 1.0 1.6153846153846154 3.0 0.6504436355879909 13 21.0
76 1.0 1.7692307692307692 2.0 0.4385290096535146 13 23.0
77 1.0 1.6153846153846154 2.0 0.5063696835418333 13 21.0
78 1.0 1.6153846153846154 2.0 0.5063696835418333 13 21.0
79 1.0 1.6923076923076923 3.0 0.7510676161988107 13 22.0
80 1.0 1.6153846153846154 2.0 0.5063696835418334 13 21.0
81 1.0 1.6923076923076923 3.0 0.6304251719561152 13 22.0
82 1.0 1.6153846153846154 2.0 0.5063696835418333 13 21.0
83 1.0 1.4615384615384615 2.0 0.5188745216627707 13 19.0
84 1.0 1.6923076923076923 2.0 0.48038446141526137 13 22.0
85 1.0 1.6153846153846154 3.0 0.6504436355879909 13 21.0
86 1.0 1.5384615384615385 3.0 0.6602252917735247 13 20.0
87 1.0 1.7692307692307692 3.0 0.5991446895152781 13 23.0
88 1.0 1.3846153846153846 4.0 0.8697184926229038 13 18.0
tot,1.0,1.757130509939507,34.0,1.467866208232455,1157
