##ver, min, mean, max, stddev, count
0 0.0 2.846153846153846 19.0 4.963972767957699 13 37.0
1 0.0 1.5384615384615385 11.0 2.8756270219259603 13 20.0
2 0.0 1.307692307692308 7.0 1.7974340685458334 13 17.0
3 0.0 1.1538461538461537 4.0 0.8987170342729167 13 15.0
4 0.0 0.9230769230769229 3.0 0.8623164985025763 13 12.0
5 0.0 0.8461538461538461 4.0 1.143543749793731 13 11.0
6 0.0 1.307692307692308 5.0 1.2506408613597129 13 17.0
7 0.0 1.1538461538461537 3.0 0.8006407690254358 13 15.0
8 0.0 1.0769230769230769 3.0 0.6405126152203484 13 14.0
9 0.0 0.9230769230769229 4.0 1.1875421719907087 13 12.0
10 0.0 1.1538461538461537 3.0 0.6887372317211946 13 15.0
11 0.0 0.9230769230769229 3.0 0.8623164985025763 13 12.0
12 0.0 0.846153846153846 2.0 0.6887372317211945 13 11.0
13 1.0 1.4615384615384615 4.0 0.8770580193070292 13 19.0
14 0.0 1.0 4.0 1.0801234497346435 13 13.0
15 0.0 1.1538461538461537 4.0 0.8987170342729167 13 15.0
16 0.0 1.1538461538461537 3.0 0.6887372317211946 13 15.0
17 0.0 1.0 3.0 0.7071067811865476 13 13.0
18 0.0 1.4615384615384615 7.0 1.7134460703206962 13 19.0
19 1.0 1.3846153846153846 4.0 0.8697184926229038 13 18.0
20 0.0 1.076923076923077 3.0 0.75955452531275 13 14.0
21 0.0 1.153846153846154 4.0 1.0681880176381124 13 15.0
22 0.0 1.1538461538461537 4.0 0.9870962335856489 13 15.0
23 1.0 1.0769230769230769 2.0 0.27735009811261463 13 14.0
24 1.0 1.3076923076923077 2.0 0.48038446141526137 13 17.0
25 0.0 1.1538461538461537 5.0 1.2142318453899048 13 15.0
26 0.0 1.3846153846153846 4.0 0.9607689228305225 13 18.0
27 1.0 1.2307692307692308 3.0 0.599144689515278 13 16.0
28 0.0 1.1538461538461537 4.0 0.9870962335856489 13 15.0
29 1.0 1.3076923076923077 3.0 0.7510676161988106 13 17.0
30 1.0 1.3846153846153846 4.0 0.8697184926229038 13 18.0
31 1.0 1.3076923076923077 3.0 0.630425171956115 13 17.0
32 0.0 1.307692307692308 4.0 1.1094003924504583 13 17.0
33 0.0 1.0769230769230769 3.0 0.6405126152203484 13 14.0
34 1.0 1.4615384615384615 4.0 0.9674179220468453 13 19.0
35 1.0 1.3846153846153846 3.0 0.7679476477883046 13 18.0
36 0.0 1.1538461538461537 4.0 0.9870962335856489 13 15.0
37 0.0 1.1538461538461537 3.0 0.898717034272917 13 15.0
38 0.0 1.1538461538461537 3.0 0.8006407690254358 13 15.0
39 0.0 1.1538461538461537 3.0 0.6887372317211946 13 15.0
40 0.0 1.1538461538461537 3.0 0.6887372317211946 13 15.0
41 1.0 1.3846153846153846 5.0 1.1208970766356097 13 18.0
42 0.0 0.923076923076923 3.0 0.7595545253127501 13 12.0
43 0.0 0.923076923076923 3.0 0.7595545253127501 13 12.0
44 0.0 0.9230769230769231 1.0 0.2773500981126146 13 12.0
45 0.0 0.923076923076923 2.0 0.6405126152203485 13 12.0
46 1.0 1.1538461538461537 2.0 0.3755338080994054 13 15.0
47 0.0 1.0769230769230769 2.0 0.6405126152203486 13 14.0
48 0.0 1.2307692307692308 2.0 0.599144689515278 13 16.0
49 1.0 2.6153846153846154 18.0 4.6999727222339915 13 34.0
50 1.0 1.2307692307692308 2.0 0.4385290096535146 13 16.0
51 0.0 1.0 2.0 0.5773502691896257 13 13.0
52 1.0 1.2307692307692308 2.0 0.4385290096535146 13 16.0
53 1.0 1.2307692307692308 2.0 0.4385290096535146 13 16.0
54 1.0 1.3076923076923077 3.0 0.630425171956115 13 17.0
55 1.0 1.1538461538461537 2.0 0.3755338080994054 13 15.0
56 0.0 1.1538461538461537 3.0 0.6887372317211946 13 15.0
57 0.0 1.0 2.0 0.408248290463863 13 13.0
58 1.0 1.3076923076923077 2.0 0.48038446141526137 13 17.0
59 1.0 1.3846153846153846 3.0 0.650443635587991 13 18.0
60 1.0 1.1538461538461537 2.0 0.37553380809940534 13 15.0
61 1.0 1.2307692307692308 3.0 0.599144689515278 13 16.0
62 0.0 1.4615384615384615 5.0 1.1982893790305562 13 19.0
63 0.0 1.3076923076923077 3.0 0.7510676161988106 13 17.0
64 1.0 1.3846153846153846 3.0 0.650443635587991 13 18.0
65 1.0 1.3076923076923077 2.0 0.48038446141526137 13 17.0
66 1.0 1.3076923076923077 2.0 0.48038446141526137 13 17.0
67 1.0 1.0769230769230769 2.0 0.27735009811261463 13 14.0
68 1.0 1.0769230769230769 2.0 0.27735009811261463 13 14.0
69 1.0 1.2307692307692308 2.0 0.4385290096535146 13 16.0
70 1.0 1.3076923076923077 2.0 0.48038446141526137 13 17.0
71 1.0 1.2307692307692308 2.0 0.4385290096535146 13 16.0
72 1.0 1.2307692307692308 2.0 0.4385290096535146 13 16.0
73 1.0 1.4615384615384615 3.0 0.6602252917735248 13 19.0
74 1.0 1.2307692307692308 2.0 0.4385290096535146 13 16.0
75 1.0 1.3076923076923077 3.0 0.630425171956115 13 17.0
76 1.0 1.3076923076923077 2.0 0.48038446141526137 13 17.0
77 1.0 1.3846153846153846 3.0 0.650443635587991 13 18.0
78 1.0 1.2307692307692308 3.0 0.599144689515278 13 16.0
79 1.0 1.2307692307692308 2.0 0.4385290096535146 13 16.0
80 1.0 1.4615384615384615 2.0 0.5188745216627707 13 19.0
81 1.0 1.3076923076923077 2.0 0.48038446141526137 13 17.0
82 1.0 1.2307692307692308 3.0 0.599144689515278 13 16.0
83 1.0 1.2307692307692308 2.0 0.4385290096535146 13 16.0
84 1.0 1.3846153846153846 3.0 0.650443635587991 13 18.0
85 1.0 1.2307692307692308 2.0 0.4385290096535146 13 16.0
86 1.0 1.0769230769230769 2.0 0.27735009811261463 13 14.0
87 1.0 1.0769230769230769 2.0 0.27735009811261463 13 14.0
88 0.0 1.1538461538461537 2.0 0.5547001962252291 13 15.0
