##ver, min, mean, max, stddev, count
0 0.0 2.6122448979591826 43.0 6.210932319073273 49 128.0
1 0.0 1.081632653061225 15.0 2.196936642747099 49 53.0
2 0.0 1.081632653061225 11.0 1.9021559554651564 49 53.0
3 0.0 0.9795918367346937 6.0 1.0505910225195338 49 48.0
4 0.0 0.7959183673469387 5.0 0.9569829290695904 49 39.0
5 0.0 0.9183673469387756 5.0 1.0172826281708698 49 45.0
6 0.0 2.3469387755102047 76.0 10.788788587402822 49 115.0
7 0.0 0.9183673469387756 5.0 0.90913729009699 49 45.0
8 0.0 1.4693877551020411 33.0 4.7174412238712895 49 72.0
9 0.0 1.0 5.0 1.0 49 49.0
10 0.0 0.9183673469387753 8.0 1.3044273119821195 49 45.0
11 0.0 0.8367346938775512 6.0 1.086794575335924 49 41.0
12 0.0 0.7959183673469385 4.0 0.841120082507414 49 39.0
13 0.0 0.9591836734693877 5.0 0.9119389524859789 49 47.0
14 0.0 0.9795918367346937 6.0 0.9680262547741011 49 48.0
15 0.0 1.1428571428571432 11.0 1.670828137980284 49 56.0
16 0.0 1.0204081632653064 6.0 1.0101525445522108 49 50.0
17 0.0 0.9591836734693877 6.0 0.9991492980170134 49 47.0
18 0.0 1.0612244897959182 5.0 0.9444611176332718 49 52.0
19 0.0 2.1836734693877546 58.0 8.181975793850555 49 107.0
20 0.0 1.1224489795918369 5.0 0.7808289681812661 49 55.0
21 0.0 0.9387755102040818 5.0 0.9662678041763345 49 46.0
22 0.0 1.0204081632653061 6.0 0.9680262547741012 49 50.0
23 0.0 1.0612244897959182 6.0 0.9662678041763347 49 52.0
24 0.0 1.1224489795918369 7.0 1.111167799007432 49 55.0
25 0.0 1.5714285714285712 21.0 2.9999999999999987 49 77.0
26 0.0 1.0612244897959182 6.0 0.9444611176332719 49 52.0
27 0.0 2.3877551020408174 64.0 9.029618685495095 49 117.0
28 0.0 1.1224489795918369 6.0 0.9923174278178434 49 55.0
29 0.0 1.2040816326530615 6.0 0.9785105994302155 49 59.0
30 0.0 1.1224489795918369 6.0 0.9923174278178434 49 55.0
31 0.0 1.1020408163265305 6.0 1.0256075020685642 49 54.0
32 0.0 1.183673469387755 6.0 0.8820777882306052 49 58.0
33 0.0 1.1020408163265305 6.0 0.918442929618377 49 54.0
34 0.0 1.0204081632653061 6.0 1.0305701479918643 49 50.0
35 0.0 1.1020408163265305 6.0 1.1225881175358363 49 54.0
36 0.0 1.142857142857143 6.0 1.0408329997330665 49 56.0
37 0.0 1.2040816326530615 6.0 1.0797297469879272 49 59.0
38 0.0 1.1020408163265305 6.0 1.065459563584021 49 54.0
39 0.0 1.0612244897959182 7.0 1.1256139670069347 49 52.0
40 0.0 0.9795918367346939 6.0 0.9239813291396314 49 48.0
41 0.0 1.1224489795918369 6.0 0.9710958814063388 49 55.0
42 0.0 1.0 6.0 0.9354143466934853 49 49.0
43 0.0 0.8775510204081634 6.0 1.0534200859823304 49 43.0
44 0.0 1.0204081632653061 6.0 0.8777289805317506 49 50.0
45 0.0 1.0408163265306123 7.0 1.0598581601930948 49 51.0
46 0.0 1.1428571428571428 6.0 0.8897565210026097 49 56.0
47 0.0 1.1428571428571428 7.0 1.020620726159658 49 56.0
48 0.0 1.183673469387755 6.0 0.9281134401694277 49 58.0
49 0.0 1.2040816326530612 7.0 1.040424429354328 49 59.0
50 0.0 1.1020408163265305 6.0 0.8954723604329282 49 54.0
51 0.0 1.2448979591836733 7.0 1.0313949341566897 49 61.0
52 0.0 1.2244897959183674 6.0 0.84816729193128 49 60.0
53 0.0 1.2244897959183674 7.0 1.1229667945975554 49 60.0
54 0.0 1.346938775510204 7.0 1.011414447036164 49 66.0
55 0.0 1.2448979591836733 6.0 0.8299250027587323 49 61.0
56 0.0 1.2448979591836735 7.0 1.010993987883912 49 61.0
57 0.0 1.2244897959183674 7.0 1.0055120197037468 49 60.0
58 0.0 1.163265306122449 6.0 0.9649468632933067 49 57.0
59 0.0 1.306122448979592 7.0 1.1218303799418805 49 64.0
60 0.0 1.2857142857142858 7.0 1.0206207261596576 49 63.0
61 0.0 1.2040816326530615 6.0 0.9569829290695904 49 59.0
62 1.0 1.3877551020408165 7.0 1.0168645954315532 49 68.0
63 0.0 1.3265306122448979 7.0 1.0080458633341207 49 65.0
64 0.0 1.4081632653061225 7.0 0.998297871106506 49 69.0
65 0.0 1.2244897959183674 7.0 1.0461298939912012 49 60.0
66 0.0 1.306122448979592 7.0 1.0247780579360637 49 64.0
67 0.0 1.3265306122448979 7.0 0.9871624972203747 49 65.0
68 0.0 1.4081632653061225 7.0 1.0590555412516296 49 69.0
69 1.0 1.4285714285714286 7.0 0.978945010372561 49 70.0
70 0.0 1.3265306122448979 7.0 0.9658276912843718 49 65.0
71 1.0 1.4489795918367347 7.0 0.9802470881066142 49 71.0
72 0.0 1.346938775510204 8.0 1.0906997067663196 49 66.0
73 0.0 1.4285714285714284 7.0 0.9999999999999999 49 70.0
74 0.0 1.4285714285714286 7.0 1.0206207261596576 49 70.0
75 0.0 1.346938775510204 7.0 0.9693429993248703 49 66.0
76 0.0 1.8163265306122454 24.0 3.4136580415281506 49 89.0
77 1.0 1.3673469387755102 7.0 0.9724084693648634 49 67.0
78 0.0 1.4489795918367347 7.0 1.0012746977768703 49 71.0
79 1.0 1.3877551020408163 8.0 1.057046327639196 49 68.0
80 0.0 1.530612244897959 18.0 2.450357463857114 49 75.0
81 0.0 1.6122448979591837 15.0 2.0596958364708877 49 79.0
82 1.0 1.530612244897959 15.0 2.0217776915411845 49 75.0
83 0.0 1.4897959183673468 13.0 1.7573944844996132 49 73.0
84 0.0 1.4081632653061225 13.0 1.8133574678265867 49 69.0
85 0.0 1.3877551020408163 12.0 1.6306482163367355 49 68.0
86 0.0 1.3673469387755102 12.0 1.6290830441158761 49 67.0
87 0.0 1.3673469387755102 11.0 1.481748369762058 49 67.0
88 0.0 1.346938775510204 10.0 1.3624582624824888 49 66.0
