##bucket, min, mean, max, stddev, count,total
0 1.0 3.428571428571428 59.0 8.504900548115376 49 168.0
1 1.0 2.0 15.0 2.5413251136628174 49 98.0
2 0.0 1.5510204081632653 9.0 1.4869042853329522 49 76.0
3 0.0 1.653061224489796 10.0 1.7859523650814804 49 81.0
4 0.0 1.5918367346938773 11.0 1.682240165014828 49 78.0
5 1.0 1.7142857142857142 10.0 1.7795130420052183 49 84.0
6 0.0 1.7551020408163263 10.0 1.9951045528670295 49 86.0
7 1.0 1.5714285714285716 9.0 1.5811388300841889 49 77.0
8 1.0 1.6734693877551021 10.0 1.5993195832139682 49 82.0
9 1.0 1.5918367346938773 9.0 1.3680638287213738 49 78.0
10 1.0 1.530612244897959 9.0 1.4009229222243478 49 75.0
11 1.0 1.653061224489796 9.0 1.4223076965528483 49 81.0
12 1.0 2.408163265306123 27.0 4.808492345783216 49 118.0
13 1.0 2.1836734693877546 26.0 3.800622040029297 49 107.0
14 1.0 1.7959183673469385 10.0 1.5135442928869351 49 88.0
15 1.0 1.7346938775510203 10.0 1.5913242677625659 49 85.0
16 1.0 1.7346938775510203 10.0 1.5515517797257259 49 85.0
17 1.0 1.6734693877551021 10.0 1.5730511103960887 49 82.0
18 1.0 1.7755102040816328 10.0 1.5036802924055055 49 87.0
19 1.0 1.6122448979591835 9.0 1.3511773651556056 49 79.0
20 1.0 1.7346938775510203 10.0 1.5781781453636343 49 85.0
21 1.0 1.5918367346938775 9.0 1.3372603733463615 49 78.0
22 1.0 1.7551020408163267 9.0 1.2995289570471606 49 86.0
23 1.0 1.7346938775510203 10.0 1.5107325789728865 49 85.0
24 1.0 1.857142857142857 10.0 1.5811388300841898 49 91.0
25 1.0 1.7346938775510203 9.0 1.4687793997636496 49 85.0
26 1.0 1.816326530612245 9.0 1.4954579759468765 49 89.0
27 1.0 1.9387755102040818 10.0 1.420213646857784 49 95.0
28 1.0 1.9591836734693875 13.0 2.2449868566195565 49 96.0
29 1.0 2.6326530612244907 40.0 5.6594091179756445 49 129.0
30 1.0 1.8367346938775513 10.0 1.5322496910250167 49 90.0
31 1.0 1.6734693877551021 10.0 1.4199142447996758 49 82.0
32 1.0 1.816326530612245 10.0 1.4386548895257893 49 89.0
33 1.0 1.7755102040816328 10.0 1.4471999706682004 49 87.0
34 1.0 1.7346938775510203 10.0 1.46877939976365 49 85.0
35 1.0 1.836734693877551 10.0 1.4339185642774812 49 90.0
36 1.0 1.7755102040816328 10.0 1.5036802924055055 49 87.0
37 1.0 1.7346938775510203 10.0 1.578178145363634 49 85.0
38 1.0 1.7959183673469385 10.0 1.6454430993496185 49 88.0
39 1.0 1.653061224489796 10.0 1.493751156319821 49 81.0
40 1.0 1.6326530612244898 10.0 1.4096967397136102 49 80.0
41 1.0 1.7755102040816328 10.0 1.571428571428571 49 87.0
42 1.0 1.6734693877551021 10.0 1.4914723584157927 49 82.0
43 0.0 1.530612244897959 10.0 1.5152288168283161 49 75.0
44 1.0 1.816326530612245 10.0 1.3945350089389872 49 89.0
45 1.0 1.693877551020408 10.0 1.4172167799460118 49 83.0
46 1.0 1.7551020408163267 11.0 1.53474498756984 49 86.0
47 1.0 1.9183673469387754 10.0 1.4554027892345003 49 94.0
48 1.0 1.7346938775510203 11.0 1.578178145363635 49 85.0
49 1.0 1.9387755102040818 10.0 1.360272081627209 49 95.0
50 1.0 1.7959183673469385 11.0 1.6705736519323569 49 88.0
51 1.0 1.9183673469387754 10.0 1.4696475582867579 49 94.0
52 1.0 2.0408163265306127 11.0 1.7435498233186677 49 100.0
53 1.0 1.816326530612245 10.0 1.5230652944494736 49 89.0
54 1.0 2.1428571428571432 11.0 1.8929694486000903 49 105.0
55 1.0 1.9183673469387754 11.0 1.6309089323374957 49 94.0
56 1.0 2.0408163265306123 10.0 1.471382338617178 49 100.0
57 1.0 1.9387755102040818 11.0 1.6381921344542445 49 95.0
58 1.0 1.9183673469387754 10.0 1.5388948238627498 49 94.0
59 1.0 2.0 11.0 1.5942605391424158 49 98.0
60 1.0 1.8979591836734695 11.0 1.6487987794045658 49 93.0
61 1.0 2.0408163265306123 10.0 1.4136121532187995 49 100.0
62 1.0 1.9387755102040818 11.0 1.7842851423995434 49 95.0
63 1.0 2.163265306122449 11.0 1.5857035606672911 49 106.0
64 1.0 1.9183673469387754 11.0 1.6309089323374957 49 94.0
65 1.0 2.020408163265306 11.0 1.4928970147329785 49 99.0
66 1.0 1.9591836734693877 11.0 1.5540160830553063 49 96.0
67 1.0 2.0 11.0 1.5545631755148024 49 98.0
68 1.0 1.8571428571428572 10.0 1.414213562373095 49 91.0
69 1.0 2.061224489795918 11.0 1.5466113935701773 49 101.0
70 1.0 2.3469387755102047 23.0 3.3575227748555148 49 115.0
71 1.0 2.1224489795918364 11.0 1.7634324136612165 49 104.0
72 1.0 2.6734693877551026 32.0 4.611524310093684 49 131.0
73 1.0 2.163265306122449 11.0 1.6500876084760647 49 106.0
74 1.0 2.020408163265306 11.0 1.6893020738158822 49 99.0
75 1.0 2.0816326530612246 11.0 1.6687911629614505 49 102.0
76 1.0 1.9591836734693875 11.0 1.5673648755351202 49 96.0
77 1.0 2.061224489795918 11.0 1.7005901336656908 49 101.0
78 1.0 2.0 11.0 1.5811388300841898 49 98.0
79 1.0 2.0 12.0 1.7199806200458578 49 98.0
80 1.0 2.1020408163265305 11.0 1.544410593602832 49 103.0
81 1.0 1.8979591836734695 11.0 1.5711579853617474 49 93.0
82 1.0 1.9387755102040818 11.0 1.5600235477029676 49 95.0
83 1.0 2.061224489795918 12.0 1.66343223568653 49 101.0
84 1.0 1.8775510204081631 11.0 1.5762911779081366 49 92.0
85 1.0 2.020408163265306 11.0 1.5341908279606675 49 99.0
86 1.0 1.8571428571428572 11.0 1.5679073101855647 49 91.0
87 1.0 1.836734693877551 11.0 1.518592258962093 49 90.0
88 1.0 1.836734693877551 11.0 1.5987878061142426 49 90.0
tot,0.0,1.8958954368264045,59.0,2.070142514280354,4361
