##ver, min, mean, max, stddev, count, total
0 0.0 0.3076923076923078 3.0 0.8548504142651105 13 4.0
1 0.0 0.23076923076923073 3.0 0.8320502943378436 13 3.0
2 0.0 0.46153846153846145 2.0 0.6602252917735247 13 6.0
3 0.0 0.38461538461538464 3.0 0.869718492622904 13 5.0
4 0.0 0.6153846153846153 4.0 1.12089707663561 13 8.0
5 0.0 0.46153846153846145 4.0 1.1266014242982163 13 6.0
6 0.0 0.46153846153846145 5.0 1.3913653136029496 13 6.0
7 0.0 0.7692307692307693 5.0 1.3634420996046581 13 10.0
8 0.0 0.7692307692307693 7.0 1.921537845661045 13 10.0
9 0.0 0.7692307692307693 7.0 1.921537845661045 13 10.0
10 0.0 0.8461538461538461 5.0 1.3445044840729643 13 11.0
11 0.0 0.6153846153846154 5.0 1.3867504905630723 13 8.0
12 0.0 0.8461538461538463 6.0 1.625123269486238 13 11.0
13 0.0 0.6923076923076922 5.0 1.3774744634423888 13 9.0
14 0.0 0.7692307692307693 5.0 1.4232501627054275 13 10.0
15 0.0 0.9230769230769229 5.0 1.3204505835470497 13 12.0
16 0.0 0.7692307692307693 5.0 1.3634420996046581 13 10.0
17 0.0 1.153846153846154 7.0 1.863963243832607 13 15.0
18 0.0 1.076923076923077 7.0 1.84668795692624 13 14.0
19 0.0 1.0 4.0 1.0801234497346435 13 13.0
20 0.0 1.1538461538461542 7.0 1.908147174886057 13 15.0
21 0.0 1.3076923076923077 6.0 1.493575987611354 13 17.0
22 0.0 1.0 6.0 1.632993161855452 13 13.0
23 0.0 1.2307692307692308 8.0 2.1273554065179203 13 16.0
24 0.0 1.153846153846154 6.0 1.5191090506255 13 15.0
25 0.0 1.0 4.0 1.1547005383792515 13 13.0
26 0.0 1.153846153846154 6.0 1.5191090506255 13 15.0
27 0.0 1.4615384615384615 5.0 1.1982893790305562 13 19.0
28 0.0 0.846153846153846 3.0 0.8006407690254357 13 11.0
29 0.0 1.076923076923077 4.0 0.9540735874430285 13 14.0
30 1.0 1.3846153846153846 4.0 0.8697184926229038 13 18.0
31 0.0 1.1538461538461537 4.0 0.9870962335856489 13 15.0
32 0.0 1.076923076923077 4.0 1.0377490433255416 13 14.0
33 0.0 0.846153846153846 4.0 1.0681880176381127 13 11.0
34 0.0 0.923076923076923 3.0 0.7595545253127501 13 12.0
35 0.0 1.3846153846153846 4.0 0.9607689228305225 13 18.0
36 0.0 1.3076923076923077 4.0 0.947330933431342 13 17.0
37 1.0 1.3846153846153846 5.0 1.1208970766356097 13 18.0
38 1.0 1.3846153846153846 4.0 0.9607689228305225 13 18.0
39 1.0 1.3846153846153846 4.0 0.8697184926229038 13 18.0
40 1.0 1.3846153846153846 4.0 0.8697184926229038 13 18.0
41 1.0 1.3846153846153846 4.0 0.8697184926229038 13 18.0
42 1.0 1.692307692307692 5.0 1.3155870289605436 13 22.0
43 1.0 1.692307692307692 5.0 1.1821319289469756 13 22.0
44 1.0 1.5384615384615385 5.0 1.1982893790305564 13 20.0
45 1.0 1.846153846153846 5.0 1.3445044840729639 13 24.0
46 1.0 1.692307692307692 5.0 1.2506408613597124 13 22.0
47 1.0 1.692307692307692 5.0 1.1821319289469756 13 22.0
48 1.0 1.7692307692307692 5.0 1.2351684199496948 13 23.0
49 1.0 1.8461538461538463 5.0 1.2142318453899048 13 24.0
50 1.0 1.5384615384615385 5.0 1.1266014242982163 13 20.0
51 1.0 1.923076923076923 8.0 2.0191391920625676 13 25.0
52 1.0 1.846153846153846 8.0 1.9081471748860577 13 24.0
53 1.0 2.076923076923077 8.0 1.9774368283857795 13 27.0
54 1.0 2.076923076923077 8.0 1.8912755158683456 13 27.0
55 1.0 2.076923076923077 9.0 2.1779783615981456 13 27.0
56 1.0 1.923076923076923 7.0 1.6563785025137654 13 25.0
57 1.0 2.0 6.0 1.4719601443879744 13 26.0
58 1.0 1.7692307692307692 6.0 1.4232501627054275 13 23.0
59 1.0 2.153846153846154 9.0 2.154303980645638 13 28.0
60 1.0 2.3076923076923075 8.0 1.7974340685458339 13 30.0
61 1.0 2.3076923076923075 9.0 2.097006413303473 13 30.0
62 1.0 2.153846153846154 9.0 2.154303980645638 13 28.0
63 1.0 1.923076923076923 6.0 1.3821202589704018 13 25.0
64 1.0 2.076923076923077 6.0 1.3204505835470495 13 27.0
65 1.0 2.076923076923077 6.0 1.3204505835470495 13 27.0
66 1.0 1.923076923076923 6.0 1.3821202589704018 13 25.0
67 1.0 2.1538461538461537 6.0 1.281025230440697 13 28.0
68 1.0 2.3076923076923075 6.0 1.377474463442389 13 30.0
69 1.0 2.3076923076923075 8.0 1.7974340685458339 13 30.0
70 1.0 2.615384615384616 9.0 2.2926862533740326 13 34.0
71 1.0 2.692307692307692 10.0 2.5620504608813945 13 35.0
72 1.0 2.5384615384615383 9.0 2.331501112137293 13 33.0
73 1.0 2.4615384615384617 6.0 1.613246448179602 13 32.0
74 1.0 2.384615384615384 7.0 1.757766648262388 13 31.0
75 1.0 2.3846153846153846 7.0 1.7097008285302202 13 31.0
76 1.0 2.769230769230769 8.0 2.1273554065179194 13 36.0
77 2.0 2.923076923076923 9.0 1.9348358440936906 13 38.0
78 1.0 2.3846153846153846 6.0 1.3252962900462129 13 31.0
79 1.0 2.230769230769231 5.0 1.091928428198338 13 29.0
80 1.0 2.3846153846153846 5.0 1.2608503439122303 13 31.0
81 2.0 2.5384615384615383 5.0 0.8770580193070292 13 33.0
82 1.0 2.3076923076923075 5.0 1.0315534712764842 13 30.0
83 1.0 2.3846153846153846 5.0 1.1929278784054478 13 31.0
84 1.0 2.4615384615384617 6.0 1.3913653136029498 13 32.0
85 2.0 2.846153846153846 8.0 1.772293892396417 13 37.0
86 1.0 2.769230769230769 11.0 2.5545334262132924 13 36.0
87 2.0 2.846153846153846 9.0 2.0349510168614975 13 37.0
88 1.0 2.6153846153846154 6.0 1.26085034391223 13 34.0
