<version>,<mean_time>,<total>
0,0.0124615,0.162
1,0.0120769,0.157
2,0.0113846,0.148
3,0.0122308,0.159
4,0.0118462,0.154
5,0.0133846,0.174
6,0.0134615,0.175
7,0.0113077,0.147
8,0.0118462,0.154
9,0.0101538,0.132
10,0.00969231,0.126
11,0.0100769,0.131
12,0.00907692,0.118
13,0.0124615,0.162
14,0.01,0.13
15,0.0113846,0.148
16,0.0100769,0.131
17,0.012,0.156
18,0.00961538,0.125
19,0.0112308,0.146
20,0.00938462,0.122
21,0.0114615,0.149
22,0.00984615,0.128
23,0.0106154,0.138
24,0.0112308,0.146
25,0.0102308,0.133
26,0.0110769,0.144
27,0.00984615,0.128
28,0.0132308,0.172
29,0.011,0.143
30,0.0107692,0.14
31,0.0106923,0.139
32,0.00984615,0.128
33,0.0101538,0.132
34,0.0108462,0.141
35,0.011,0.143
36,0.0102308,0.133
37,0.0109231,0.142
38,0.0119231,0.155
39,0.0119231,0.155
40,0.0133077,0.173
41,0.0103077,0.134
42,0.0125385,0.163
43,0.0105385,0.137
44,0.011,0.143
45,0.01,0.13
46,0.0115385,0.15
47,0.012,0.156
48,0.00961538,0.125
49,0.0122308,0.159
50,0.0120769,0.157
51,0.00961538,0.125
52,0.0133846,0.174
53,0.0133077,0.173
54,0.0146923,0.191
55,0.0129231,0.168
56,0.0121538,0.158
57,0.0117692,0.153
58,0.0115385,0.15
59,0.0115385,0.15
60,0.0104615,0.136
61,0.0113077,0.147
62,0.0109231,0.142
63,0.0138462,0.18
64,0.0104615,0.136
65,0.0114615,0.149
66,0.0124615,0.162
67,0.012,0.156
68,0.0102308,0.133
69,0.0116154,0.151
70,0.0106154,0.138
71,0.0122308,0.159
72,0.0118462,0.154
73,0.0114615,0.149
74,0.00938462,0.122
75,0.0127692,0.166
76,0.0143846,0.187
77,0.0114615,0.149
78,0.0123846,0.161
79,0.011,0.143
80,0.0111538,0.145
81,0.0116154,0.151
82,0.0120769,0.157
83,0.0123077,0.16
84,0.0127692,0.166
85,0.0129231,0.168
86,0.0113077,0.147
87,0.0111538,0.145
88,0.0119231,0.155
89,0.0116923,0.152
90,0.0114615,0.149
91,0.0131538,0.171
92,0.0122308,0.159
93,0.0103077,0.134
94,0.00992308,0.129
95,0.0132308,0.172
96,0.0129231,0.168
97,0.0115385,0.15
98,0.0124615,0.162
99,0.0130769,0.17
100,0.0124615,0.162
101,0.00984615,0.128
102,0.00961538,0.125
103,0.013,0.169
104,0.0134615,0.175
105,0.0122308,0.159
106,0.0113077,0.147
107,0.0125385,0.163
108,0.0122308,0.159
109,0.0114615,0.149
110,0.0133846,0.174
111,0.0113846,0.148
112,0.0114615,0.149
113,0.0117692,0.153
114,0.0101538,0.132
115,0.0118462,0.154
116,0.0114615,0.149
117,0.0117692,0.153
118,0.0107692,0.14
119,0.0127692,0.166
120,0.0127692,0.166
121,0.0126923,0.165
122,0.0121538,0.158
123,0.00984615,0.128
124,0.0127692,0.166
125,0.0121538,0.158
126,0.0125385,0.163
127,0.0112308,0.146
128,0.0101538,0.132
129,0.0121538,0.158
130,0.0153077,0.199
131,0.0101538,0.132
132,0.0101538,0.132
133,0.0117692,0.153
134,0.0100769,0.131
135,0.0102308,0.133
136,0.0106154,0.138
137,0.0114615,0.149
138,0.00884615,0.115
139,0.0114615,0.149
140,0.0103077,0.134
141,0.0114615,0.149
142,0.00846154,0.11
143,0.0116154,0.151
144,0.0127692,0.166
145,0.0106154,0.138
146,0.011,0.143
147,0.0120769,0.157
148,0.0115385,0.15
149,0.0112308,0.146
150,0.0103077,0.134
151,0.0115385,0.15
152,0.0104615,0.136
153,0.0106923,0.139
154,0.0110769,0.144
155,0.0115385,0.15
156,0.0118462,0.154
157,0.00953846,0.124
158,0.0101538,0.132
159,0.0123077,0.16
160,0.012,0.156
161,0.012,0.156
162,0.011,0.143
163,0.01,0.13
164,0.0114615,0.149
165,0.00992308,0.129
166,0.0105385,0.137
167,0.00923077,0.12
168,0.00930769,0.121
169,0.00984615,0.128
170,0.0108462,0.141
171,0.01,0.13
172,0.0103077,0.134
173,0.0117692,0.153
174,0.0102308,0.133
175,0.00946154,0.123
176,0.00953846,0.124
177,0.0110769,0.144
178,0.0115385,0.15
179,0.0123846,0.161
180,0.0119231,0.155
181,0.0119231,0.155
182,0.00907692,0.118
183,0.0116154,0.151
184,0.0104615,0.136
185,0.00946154,0.123
186,0.0107692,0.14
187,0.0108462,0.141
188,0.011,0.143
189,0.0103077,0.134
190,0.0122308,0.159
191,0.0113077,0.147
192,0.0106154,0.138
193,0.0116154,0.151
194,0.0106923,0.139
195,0.0116923,0.152
196,0.00984615,0.128
197,0.01,0.13
198,0.0109231,0.142
199,0.00969231,0.126
200,0.0119231,0.155
201,0.0118462,0.154
202,0.0113846,0.148
203,0.0113846,0.148
204,0.0120769,0.157
205,0.0114615,0.149
206,0.0106154,0.138
207,0.0115385,0.15
208,0.0118462,0.154
209,0.0111538,0.145
210,0.00992308,0.129
211,0.0123077,0.16
212,0.0122308,0.159
213,0.0137692,0.179
214,0.0140769,0.183
215,0.0105385,0.137
216,0.0110769,0.144
217,0.0101538,0.132
218,0.0122308,0.159
219,0.0133077,0.173
220,0.012,0.156
221,0.0123846,0.161
222,0.012,0.156
223,0.0117692,0.153
224,0.0118462,0.154
225,0.011,0.143
226,0.0118462,0.154
227,0.0105385,0.137
228,0.0105385,0.137
229,0.0105385,0.137
230,0.0127692,0.166
231,0.0136154,0.177
232,0.0113846,0.148
233,0.01,0.13
234,0.0128462,0.167
235,0.013,0.169
236,0.0127692,0.166
237,0.0141538,0.184
238,0.0133077,0.173
239,0.0143077,0.186
240,0.0104615,0.136
241,0.0111538,0.145
242,0.0121538,0.158
243,0.0128462,0.167
244,0.0109231,0.142
245,0.0113077,0.147
246,0.0112308,0.146
247,0.0102308,0.133
248,0.0130769,0.17
249,0.0114615,0.149
250,0.00930769,0.121
251,0.00961538,0.125
252,0.0116154,0.151
253,0.0110769,0.144
254,0.00969231,0.126
255,0.0102308,0.133
256,0.0124615,0.162
257,0.0139231,0.181
258,0.00946154,0.123
259,0.0116923,0.152
260,0.0128462,0.167
261,0.0111538,0.145
262,0.011,0.143
263,0.0100769,0.131
264,0.0113077,0.147
265,0.0103846,0.135
266,0.0104615,0.136
267,0.0122308,0.159
268,0.0107692,0.14
269,0.0112308,0.146
270,0.0108462,0.141
271,0.01,0.13
272,0.012,0.156
273,0.00984615,0.128
274,0.0150769,0.196
275,0.0103846,0.135
276,0.011,0.143
277,0.0126154,0.164
278,0.0106154,0.138
279,0.0113077,0.147
280,0.00992308,0.129
281,0.00961538,0.125
282,0.0127692,0.166
283,0.0128462,0.167
284,0.0107692,0.14
285,0.0104615,0.136
286,0.0106154,0.138
287,0.0117692,0.153
288,0.00946154,0.123
289,0.0104615,0.136
290,0.0102308,0.133
291,0.00946154,0.123
292,0.0119231,0.155
293,0.0109231,0.142
294,0.0102308,0.133
295,0.0103077,0.134
296,0.0128462,0.167
297,0.0110769,0.144
298,0.0122308,0.159
299,0.011,0.143
300,0.0109231,0.142
301,0.00953846,0.124
302,0.0115385,0.15
303,0.0116154,0.151
304,0.0102308,0.133
305,0.0119231,0.155
306,0.0116923,0.152
307,0.0123846,0.161
308,0.0111538,0.145
309,0.0116154,0.151
310,0.0104615,0.136
311,0.0106923,0.139
312,0.011,0.143
313,0.0126923,0.165
314,0.0103846,0.135
315,0.0102308,0.133
316,0.0108462,0.141
317,0.009,0.117
318,0.0101538,0.132
319,0.00946154,0.123
320,0.00938462,0.122
321,0.00992308,0.129
322,0.0109231,0.142
323,0.0130769,0.17
324,0.0114615,0.149
325,0.00938462,0.122
326,0.00984615,0.128
327,0.00946154,0.123
328,0.00953846,0.124
329,0.0119231,0.155
330,0.0105385,0.137
331,0.0108462,0.141
332,0.012,0.156
333,0.00969231,0.126
334,0.00923077,0.12
335,0.0111538,0.145
336,0.0103846,0.135
337,0.00992308,0.129
338,0.0114615,0.149
339,0.0103077,0.134
340,0.0122308,0.159
341,0.00984615,0.128
342,0.0113846,0.148
343,0.00953846,0.124
344,0.00946154,0.123
345,0.00915385,0.119
346,0.00953846,0.124
347,0.01,0.13
348,0.0118462,0.154
349,0.0101538,0.132
350,0.0104615,0.136
351,0.00969231,0.126
352,0.00907692,0.118
353,0.0105385,0.137
354,0.0113077,0.147
355,0.00976923,0.127
356,0.0106154,0.138
357,0.00961538,0.125
358,0.0115385,0.15
359,0.00961538,0.125
360,0.0109231,0.142
361,0.00992308,0.129
362,0.0114615,0.149
363,0.00923077,0.12
364,0.0106923,0.139
365,0.00915385,0.119
366,0.0100769,0.131
367,0.00930769,0.121
368,0.00953846,0.124
369,0.00961538,0.125
370,0.00930769,0.121
371,0.00976923,0.127
372,0.0101538,0.132
373,0.00930769,0.121
374,0.0115385,0.15
375,0.0115385,0.15
376,0.00961538,0.125
377,0.0115385,0.15
378,0.0102308,0.133
379,0.0105385,0.137
380,0.00915385,0.119
381,0.00930769,0.121
382,0.0115385,0.15
383,0.00923077,0.12
384,0.0115385,0.15
385,0.00992308,0.129
386,0.00953846,0.124
387,0.00992308,0.129
388,0.0104615,0.136
389,0.0100769,0.131
390,0.00984615,0.128
391,0.0121538,0.158
392,0.0105385,0.137
393,0.0126154,0.164
394,0.00946154,0.123
395,0.0110769,0.144
396,0.00884615,0.115
397,0.00892308,0.116
398,0.00953846,0.124
399,0.00884615,0.115
400,0.01,0.13
401,0.0105385,0.137
402,0.0107692,0.14
403,0.0100769,0.131
404,0.0106923,0.139
405,0.00953846,0.124
406,0.00976923,0.127
407,0.00869231,0.113
408,0.00861538,0.112
409,0.00969231,0.126
410,0.0102308,0.133
411,0.0105385,0.137
412,0.0111538,0.145
413,0.0108462,0.141
414,0.0119231,0.155
415,0.00961538,0.125
416,0.0129231,0.168
417,0.0103077,0.134
418,0.0106923,0.139
419,0.00946154,0.123
420,0.00961538,0.125
421,0.0103846,0.135
422,0.00969231,0.126
423,0.00861538,0.112
424,0.00969231,0.126
425,0.0106923,0.139
426,0.0116154,0.151
427,0.0108462,0.141
428,0.0101538,0.132
429,0.00907692,0.118
430,0.00992308,0.129
431,0.00869231,0.113
432,0.0112308,0.146
433,0.0110769,0.144
434,0.0105385,0.137
435,0.0104615,0.136
436,0.00961538,0.125
437,0.0104615,0.136
438,0.00946154,0.123
439,0.00892308,0.116
440,0.00961538,0.125
441,0.00907692,0.118
442,0.00976923,0.127
443,0.0101538,0.132
444,0.0100769,0.131
445,0.0106923,0.139
446,0.0113846,0.148
447,0.01,0.13
448,0.0125385,0.163
449,0.0118462,0.154
450,0.0105385,0.137
451,0.0104615,0.136
452,0.0119231,0.155
453,0.00976923,0.127
454,0.00984615,0.128
455,0.0100769,0.131
456,0.0121538,0.158
457,0.011,0.143
458,0.0109231,0.142
459,0.0103846,0.135
460,0.0133846,0.174
461,0.00984615,0.128
462,0.00876923,0.114
463,0.00892308,0.116
464,0.0111538,0.145
465,0.0106923,0.139
466,0.0101538,0.132
467,0.00992308,0.129
468,0.0110769,0.144
469,0.0100769,0.131
470,0.0123077,0.16
471,0.0103077,0.134
472,0.00992308,0.129
473,0.00915385,0.119
474,0.0113077,0.147
475,0.00961538,0.125
476,0.0108462,0.141
477,0.0116923,0.152
478,0.0108462,0.141
479,0.00953846,0.124
480,0.00930769,0.121
481,0.0115385,0.15
482,0.0126154,0.164
483,0.0109231,0.142
484,0.0104615,0.136
485,0.0103077,0.134
486,0.0103077,0.134
487,0.0100769,0.131
488,0.00969231,0.126
489,0.0107692,0.14
490,0.0105385,0.137
491,0.00892308,0.116
492,0.0120769,0.157
493,0.01,0.13
494,0.0116154,0.151
495,0.0122308,0.159
496,0.0112308,0.146
497,0.0103846,0.135
498,0.00923077,0.12
499,0.0103846,0.135
500,0.0103077,0.134
501,0.00930769,0.121
502,0.0102308,0.133
503,0.00953846,0.124
504,0.0109231,0.142
505,0.0102308,0.133
506,0.0103077,0.134
507,0.00992308,0.129
508,0.0120769,0.157
509,0.011,0.143
510,0.0113077,0.147
511,0.0126923,0.165
512,0.0110769,0.144
513,0.0125385,0.163
514,0.00961538,0.125
515,0.00876923,0.114
516,0.0114615,0.149
517,0.011,0.143
518,0.00953846,0.124
519,0.00892308,0.116
520,0.0116154,0.151
521,0.0103077,0.134
522,0.00992308,0.129
523,0.0102308,0.133
524,0.0106154,0.138
525,0.00976923,0.127
526,0.00984615,0.128
527,0.00946154,0.123
528,0.0105385,0.137
529,0.0103846,0.135
530,0.0114615,0.149
531,0.00961538,0.125
532,0.0107692,0.14
533,0.0107692,0.14
534,0.00930769,0.121
535,0.00992308,0.129
536,0.00984615,0.128
537,0.0135385,0.176
538,0.0113846,0.148
539,0.00923077,0.12
540,0.00961538,0.125
541,0.0105385,0.137
542,0.0119231,0.155
543,0.0117692,0.153
544,0.0103846,0.135
545,0.012,0.156
546,0.00992308,0.129
547,0.0113077,0.147
548,0.0117692,0.153
549,0.0100769,0.131
550,0.00938462,0.122
551,0.0109231,0.142
552,0.00938462,0.122
553,0.0100769,0.131
554,0.00961538,0.125
555,0.00992308,0.129
556,0.00953846,0.124
557,0.0100769,0.131
558,0.0105385,0.137
559,0.00946154,0.123
560,0.00984615,0.128
561,0.0123077,0.16
562,0.0106154,0.138
563,0.0105385,0.137
564,0.00884615,0.115
565,0.0131538,0.171
566,0.0128462,0.167
567,0.00930769,0.121
568,0.00876923,0.114
569,0.00876923,0.114
570,0.0103077,0.134
571,0.0113077,0.147
572,0.00984615,0.128
573,0.0100769,0.131
574,0.0116923,0.152
575,0.0106154,0.138
576,0.0106154,0.138
577,0.0114615,0.149
578,0.0126923,0.165
579,0.0102308,0.133
580,0.0123846,0.161
581,0.0108462,0.141
582,0.00961538,0.125
583,0.0110769,0.144
584,0.0109231,0.142
585,0.0113846,0.148
586,0.012,0.156
587,0.0106154,0.138
588,0.0106154,0.138
589,0.00938462,0.122
590,0.0105385,0.137
591,0.0105385,0.137
592,0.0105385,0.137
593,0.0123077,0.16
594,0.0111538,0.145
595,0.0116923,0.152
596,0.00961538,0.125
597,0.00961538,0.125
598,0.0116154,0.151
599,0.00938462,0.122
600,0.00976923,0.127
601,0.0127692,0.166
602,0.0113846,0.148
603,0.0134615,0.175
604,0.0113077,0.147
605,0.0102308,0.133
606,0.0114615,0.149
607,0.0102308,0.133
608,0.0111538,0.145
609,0.0105385,0.137
610,0.0111538,0.145
611,0.0101538,0.132
612,0.011,0.143
613,0.0119231,0.155
614,0.0119231,0.155
615,0.0121538,0.158
616,0.0108462,0.141
617,0.0104615,0.136
618,0.0116154,0.151
619,0.0104615,0.136
620,0.012,0.156
621,0.0113846,0.148
622,0.0103846,0.135
623,0.0119231,0.155
624,0.0119231,0.155
625,0.0107692,0.14
626,0.0110769,0.144
627,0.0132308,0.172
628,0.00923077,0.12
629,0.0119231,0.155
630,0.0111538,0.145
631,0.00992308,0.129
632,0.0102308,0.133
633,0.0103077,0.134
634,0.0108462,0.141
635,0.0106154,0.138
636,0.0115385,0.15
637,0.0106154,0.138
638,0.0109231,0.142
639,0.0106154,0.138
640,0.00953846,0.124
641,0.0111538,0.145
642,0.00876923,0.114
643,0.0116923,0.152
644,0.00853846,0.111
645,0.0109231,0.142
646,0.0110769,0.144
647,0.0100769,0.131
648,0.0117692,0.153
649,0.0111538,0.145
650,0.0117692,0.153
651,0.00961538,0.125
652,0.00953846,0.124
653,0.0126923,0.165
654,0.0102308,0.133
655,0.0103846,0.135
656,0.012,0.156
657,0.0128462,0.167
658,0.0116154,0.151
659,0.0103846,0.135
660,0.0109231,0.142
661,0.0102308,0.133
662,0.0104615,0.136
663,0.00884615,0.115
664,0.0113077,0.147
665,0.0113846,0.148
666,0.0100769,0.131
667,0.0113077,0.147
668,0.0115385,0.15
669,0.0113846,0.148
670,0.0118462,0.154
671,0.0124615,0.162
672,0.0107692,0.14
673,0.0100769,0.131
674,0.009,0.117
675,0.00923077,0.12
676,0.0130769,0.17
677,0.0106154,0.138
678,0.00876923,0.114
679,0.0119231,0.155
680,0.011,0.143
681,0.0121538,0.158
682,0.0115385,0.15
683,0.0100769,0.131
684,0.0134615,0.175
685,0.0120769,0.157
686,0.0119231,0.155
687,0.012,0.156
688,0.011,0.143
689,0.0116923,0.152
690,0.00976923,0.127
691,0.0108462,0.141
692,0.0105385,0.137
693,0.0113846,0.148
694,0.0115385,0.15
695,0.0129231,0.168
696,0.0108462,0.141
697,0.0113077,0.147
698,0.0109231,0.142
699,0.00976923,0.127
700,0.00984615,0.128
701,0.00992308,0.129
702,0.011,0.143
703,0.0105385,0.137
704,0.0103846,0.135
705,0.01,0.13
706,0.00846154,0.11
707,0.0100769,0.131
708,0.00923077,0.12
709,0.0102308,0.133
710,0.0107692,0.14
711,0.0109231,0.142
712,0.00969231,0.126
713,0.00976923,0.127
714,0.0108462,0.141
715,0.00992308,0.129
716,0.00976923,0.127
717,0.0100769,0.131
718,0.00861538,0.112
719,0.0102308,0.133
720,0.0115385,0.15
721,0.0109231,0.142
722,0.00961538,0.125
723,0.00915385,0.119
724,0.00930769,0.121
725,0.00976923,0.127
726,0.0136154,0.177
727,0.0106923,0.139
728,0.0108462,0.141
729,0.0104615,0.136
730,0.00976923,0.127
731,0.0101538,0.132
732,0.0114615,0.149
733,0.0131538,0.171
734,0.0110769,0.144
735,0.0110769,0.144
736,0.00938462,0.122
737,0.00984615,0.128
738,0.0105385,0.137
739,0.01,0.13
740,0.0132308,0.172
741,0.011,0.143
742,0.00953846,0.124
743,0.00907692,0.118
744,0.0100769,0.131
745,0.00923077,0.12
746,0.0106154,0.138
747,0.0105385,0.137
748,0.0110769,0.144
749,0.00876923,0.114
750,0.0126154,0.164
751,0.011,0.143
752,0.00984615,0.128
753,0.011,0.143
754,0.0110769,0.144
755,0.00953846,0.124
756,0.01,0.13
757,0.009,0.117
758,0.0102308,0.133
759,0.00992308,0.129
760,0.00815385,0.106
761,0.00923077,0.12
762,0.0100769,0.131
763,0.0118462,0.154
764,0.00938462,0.122
765,0.0103077,0.134
766,0.0125385,0.163
767,0.0108462,0.141
768,0.01,0.13
769,0.00907692,0.118
770,0.0101538,0.132
771,0.0110769,0.144
772,0.0103846,0.135
773,0.00938462,0.122
774,0.00923077,0.12
775,0.00892308,0.116
776,0.00923077,0.12
777,0.00984615,0.128
778,0.0109231,0.142
779,0.00869231,0.113
780,0.00915385,0.119
781,0.0119231,0.155
782,0.00907692,0.118
783,0.0100769,0.131
784,0.0100769,0.131
785,0.0106923,0.139
786,0.008,0.104
787,0.0112308,0.146
788,0.0117692,0.153
789,0.0100769,0.131
790,0.00953846,0.124
791,0.0108462,0.141
792,0.01,0.13
793,0.009,0.117
794,0.00992308,0.129
795,0.0103077,0.134
796,0.00853846,0.111
797,0.0116154,0.151
798,0.0101538,0.132
799,0.0132308,0.172
800,0.0108462,0.141
801,0.0102308,0.133
802,0.0114615,0.149
803,0.0100769,0.131
804,0.0102308,0.133
805,0.0120769,0.157
806,0.0106923,0.139
807,0.00946154,0.123
808,0.00915385,0.119
809,0.0104615,0.136
810,0.00892308,0.116
811,0.0107692,0.14
812,0.0116154,0.151
813,0.0125385,0.163
814,0.00992308,0.129
815,0.0118462,0.154
816,0.00961538,0.125
817,0.0101538,0.132
818,0.0110769,0.144
819,0.0102308,0.133
820,0.0107692,0.14
821,0.00953846,0.124
822,0.0105385,0.137
823,0.00915385,0.119
824,0.00869231,0.113
825,0.0100769,0.131
826,0.0121538,0.158
827,0.0105385,0.137
828,0.0143077,0.186
829,0.0101538,0.132
830,0.0113846,0.148
831,0.0120769,0.157
832,0.011,0.143
833,0.00938462,0.122
834,0.00984615,0.128
835,0.00969231,0.126
836,0.00961538,0.125
837,0.0113846,0.148
838,0.00923077,0.12
839,0.009,0.117
840,0.0110769,0.144
841,0.008,0.104
842,0.00969231,0.126
843,0.00892308,0.116
844,0.0108462,0.141
845,0.0103846,0.135
846,0.0112308,0.146
847,0.0123846,0.161
848,0.0104615,0.136
849,0.00869231,0.113
850,0.0108462,0.141
851,0.0117692,0.153
852,0.0143077,0.186
853,0.0106154,0.138
854,0.0113846,0.148
855,0.00969231,0.126
856,0.0120769,0.157
857,0.0102308,0.133
858,0.0109231,0.142
859,0.0105385,0.137
860,0.00976923,0.127
861,0.00930769,0.121
862,0.0100769,0.131
863,0.0124615,0.162
864,0.0106923,0.139
865,0.0103846,0.135
866,0.0100769,0.131
867,0.00984615,0.128
868,0.00961538,0.125
869,0.00976923,0.127
870,0.00892308,0.116
871,0.0106154,0.138
872,0.00976923,0.127
873,0.00946154,0.123
874,0.0109231,0.142
875,0.013,0.169
876,0.0109231,0.142
877,0.009,0.117
878,0.01,0.13
879,0.0101538,0.132
880,0.011,0.143
881,0.009,0.117
882,0.0109231,0.142
883,0.00823077,0.107
884,0.00992308,0.129
885,0.009,0.117
886,0.00946154,0.123
887,0.00938462,0.122
888,0.0107692,0.14
889,0.00869231,0.113
890,0.0100769,0.131
891,0.00953846,0.124
892,0.00915385,0.119
893,0.0102308,0.133
894,0.00915385,0.119
895,0.00915385,0.119
896,0.00961538,0.125
897,0.00938462,0.122
898,0.009,0.117
899,0.00946154,0.123
900,0.01,0.13
901,0.0103846,0.135
902,0.00946154,0.123
903,0.00892308,0.116
904,0.0106923,0.139
905,0.0107692,0.14
906,0.00976923,0.127
907,0.00892308,0.116
908,0.01,0.13
909,0.0108462,0.141
910,0.00876923,0.114
911,0.0101538,0.132
912,0.0113846,0.148
913,0.00953846,0.124
914,0.009,0.117
915,0.0105385,0.137
916,0.0106154,0.138
917,0.0103077,0.134
918,0.00876923,0.114
919,0.0113077,0.147
920,0.0101538,0.132
921,0.0107692,0.14
922,0.0101538,0.132
923,0.0118462,0.154
924,0.00907692,0.118
925,0.01,0.13
926,0.0105385,0.137
927,0.00907692,0.118
928,0.00846154,0.11
929,0.00884615,0.115
930,0.00992308,0.129
931,0.0106154,0.138
932,0.00784615,0.102
933,0.00984615,0.128
934,0.0108462,0.141
935,0.0120769,0.157
936,0.00915385,0.119
937,0.00846154,0.11
938,0.0106923,0.139
939,0.0111538,0.145
940,0.00946154,0.123
941,0.0118462,0.154
942,0.0100769,0.131
943,0.00976923,0.127
944,0.00892308,0.116
945,0.0103077,0.134
946,0.0108462,0.141
947,0.0102308,0.133
948,0.0106923,0.139
949,0.0116154,0.151
950,0.0104615,0.136
951,0.01,0.13
952,0.0108462,0.141
953,0.00976923,0.127
954,0.0104615,0.136
955,0.0109231,0.142
956,0.00930769,0.121
957,0.00992308,0.129
958,0.0109231,0.142
959,0.0124615,0.162
960,0.0126923,0.165
961,0.0101538,0.132
962,0.00953846,0.124
963,0.0104615,0.136
964,0.0113846,0.148
965,0.011,0.143
966,0.0118462,0.154
967,0.0100769,0.131
968,0.0105385,0.137
969,0.0102308,0.133
970,0.0109231,0.142
971,0.0107692,0.14
972,0.0118462,0.154
973,0.0106923,0.139
974,0.0100769,0.131
975,0.01,0.13
976,0.00923077,0.12
977,0.00938462,0.122
978,0.00923077,0.12
979,0.00884615,0.115
980,0.00946154,0.123
981,0.0123846,0.161
982,0.0111538,0.145
983,0.0113077,0.147
984,0.0102308,0.133
985,0.0122308,0.159
986,0.00953846,0.124
987,0.0114615,0.149
988,0.00961538,0.125
989,0.009,0.117
990,0.00961538,0.125
991,0.00992308,0.129
992,0.0110769,0.144
993,0.0106923,0.139
994,0.00953846,0.124
995,0.0126154,0.164
996,0.009,0.117
997,0.00984615,0.128
998,0.0130769,0.17
999,0.01,0.13
1000,0.0106923,0.139
1001,0.0102308,0.133
1002,0.0106154,0.138
1003,0.00953846,0.124
1004,0.00946154,0.123
1005,0.00946154,0.123
1006,0.0106923,0.139
1007,0.00923077,0.12
1008,0.00992308,0.129
1009,0.0104615,0.136
1010,0.0103077,0.134
1011,0.0120769,0.157
1012,0.0107692,0.14
1013,0.0124615,0.162
1014,0.0117692,0.153
1015,0.0107692,0.14
1016,0.00992308,0.129
1017,0.00884615,0.115
1018,0.011,0.143
1019,0.0113077,0.147
1020,0.0127692,0.166
1021,0.0122308,0.159
1022,0.01,0.13
1023,0.0109231,0.142
1024,0.0125385,0.163
1025,0.0108462,0.141
1026,0.0104615,0.136
1027,0.009,0.117
1028,0.0123846,0.161
1029,0.0146923,0.191
1030,0.0111538,0.145
1031,0.00884615,0.115
1032,0.00961538,0.125
1033,0.0116923,0.152
1034,0.0109231,0.142
1035,0.01,0.13
1036,0.011,0.143
1037,0.0106923,0.139
1038,0.0118462,0.154
1039,0.00876923,0.114
1040,0.0105385,0.137
1041,0.00869231,0.113
1042,0.00992308,0.129
1043,0.00907692,0.118
1044,0.0107692,0.14
1045,0.0100769,0.131
1046,0.009,0.117
1047,0.0105385,0.137
1048,0.00830769,0.108
1049,0.00946154,0.123
1050,0.0104615,0.136
1051,0.00953846,0.124
1052,0.00946154,0.123
1053,0.00946154,0.123
1054,0.00892308,0.116
1055,0.00976923,0.127
1056,0.009,0.117
1057,0.00938462,0.122
1058,0.00992308,0.129
1059,0.0133846,0.174
1060,0.0110769,0.144
1061,0.00853846,0.111
1062,0.0103077,0.134
1063,0.0106154,0.138
1064,0.00969231,0.126
1065,0.00869231,0.113
1066,0.00953846,0.124
1067,0.0112308,0.146
1068,0.0123077,0.16
1069,0.00976923,0.127
1070,0.00984615,0.128
1071,0.0112308,0.146
1072,0.011,0.143
1073,0.00915385,0.119
1074,0.0117692,0.153
1075,0.0107692,0.14
1076,0.00953846,0.124
1077,0.00969231,0.126
1078,0.00853846,0.111
1079,0.0106923,0.139
1080,0.00969231,0.126
1081,0.00938462,0.122
1082,0.0106154,0.138
1083,0.00892308,0.116
1084,0.00976923,0.127
1085,0.0113846,0.148
1086,0.00984615,0.128
1087,0.00892308,0.116
1088,0.011,0.143
1089,0.00923077,0.12
1090,0.0103846,0.135
1091,0.0102308,0.133
1092,0.00992308,0.129
1093,0.00930769,0.121
1094,0.0106923,0.139
1095,0.00976923,0.127
1096,0.00984615,0.128
1097,0.00892308,0.116
1098,0.0116154,0.151
1099,0.0118462,0.154
1100,0.00992308,0.129
1101,0.00938462,0.122
1102,0.0103077,0.134
1103,0.0108462,0.141
1104,0.0103077,0.134
1105,0.0114615,0.149
1106,0.00915385,0.119
1107,0.0116154,0.151
1108,0.0100769,0.131
1109,0.0115385,0.15
1110,0.0103846,0.135
1111,0.0106923,0.139
1112,0.00938462,0.122
1113,0.0109231,0.142
1114,0.00946154,0.123
1115,0.0113077,0.147
1116,0.0112308,0.146
1117,0.0104615,0.136
1118,0.0129231,0.168
1119,0.0117692,0.153
1120,0.01,0.13
1121,0.0114615,0.149
1122,0.011,0.143
1123,0.011,0.143
1124,0.00992308,0.129
1125,0.00869231,0.113
1126,0.00953846,0.124
1127,0.0113077,0.147
1128,0.00961538,0.125
1129,0.00992308,0.129
1130,0.00984615,0.128
1131,0.00984615,0.128
1132,0.0102308,0.133
1133,0.0113077,0.147
1134,0.00976923,0.127
1135,0.00992308,0.129
1136,0.00876923,0.114
1137,0.0108462,0.141
1138,0.0126923,0.165
1139,0.00930769,0.121
1140,0.0100769,0.131
1141,0.0106154,0.138
1142,0.0102308,0.133
1143,0.0111538,0.145
1144,0.00953846,0.124
1145,0.00969231,0.126
1146,0.00807692,0.105
1147,0.0106923,0.139
1148,0.0106154,0.138
1149,0.0106923,0.139
1150,0.00984615,0.128
1151,0.00930769,0.121
1152,0.00961538,0.125
1153,0.0102308,0.133
1154,0.0101538,0.132
1155,0.0126923,0.165
1156,0.0118462,0.154
1157,0.0110769,0.144
1158,0.0103846,0.135
1159,0.00846154,0.11
1160,0.0113077,0.147
1161,0.0113846,0.148
1162,0.0117692,0.153
1163,0.00938462,0.122
1164,0.00961538,0.125
1165,0.0119231,0.155
1166,0.0112308,0.146
1167,0.0107692,0.14
1168,0.0105385,0.137
1169,0.0101538,0.132
1170,0.0105385,0.137
1171,0.0101538,0.132
1172,0.0133846,0.174
1173,0.00976923,0.127
1174,0.00976923,0.127
1175,0.00969231,0.126
1176,0.0114615,0.149
1177,0.0103846,0.135
1178,0.00992308,0.129
1179,0.00969231,0.126
1180,0.0110769,0.144
1181,0.0102308,0.133
1182,0.0117692,0.153
1183,0.0105385,0.137
1184,0.00861538,0.112
1185,0.00946154,0.123
1186,0.0104615,0.136
1187,0.0114615,0.149
1188,0.0104615,0.136
1189,0.0105385,0.137
1190,0.0102308,0.133
1191,0.00869231,0.113
1192,0.011,0.143
1193,0.00984615,0.128
1194,0.0108462,0.141
1195,0.0111538,0.145
1196,0.0116923,0.152
1197,0.0129231,0.168
1198,0.0112308,0.146
1199,0.0140769,0.183
1200,0.00976923,0.127
1201,0.00938462,0.122
1202,0.011,0.143
1203,0.0113846,0.148
1204,0.00969231,0.126
1205,0.00838462,0.109
1206,0.0100769,0.131
1207,0.00915385,0.119
1208,0.0104615,0.136
1209,0.00953846,0.124
1210,0.0104615,0.136
1211,0.0117692,0.153
1212,0.00930769,0.121
1213,0.00884615,0.115
1214,0.0114615,0.149
1215,0.0122308,0.159
1216,0.0101538,0.132
1217,0.00953846,0.124
1218,0.0103077,0.134
1219,0.0106154,0.138
1220,0.0106154,0.138
1221,0.00907692,0.118
1222,0.00969231,0.126
1223,0.00961538,0.125
1224,0.009,0.117
1225,0.00923077,0.12
1226,0.0116154,0.151
1227,0.0100769,0.131
1228,0.0113077,0.147
1229,0.00976923,0.127
1230,0.01,0.13
1231,0.00823077,0.107
1232,0.00861538,0.112
1233,0.011,0.143
1234,0.0114615,0.149
1235,0.00946154,0.123
1236,0.00961538,0.125
1237,0.00938462,0.122
1238,0.0112308,0.146
1239,0.0110769,0.144
1240,0.00976923,0.127
1241,0.01,0.13
1242,0.00969231,0.126
1243,0.0106923,0.139
1244,0.00992308,0.129
1245,0.0105385,0.137
1246,0.00930769,0.121
1247,0.00976923,0.127
1248,0.0103077,0.134
1249,0.00953846,0.124
1250,0.0108462,0.141
1251,0.00907692,0.118
1252,0.0105385,0.137
1253,0.00892308,0.116
1254,0.00915385,0.119
1255,0.0107692,0.14
1256,0.0116154,0.151
1257,0.0106923,0.139
1258,0.00876923,0.114
1259,0.01,0.13
1260,0.013,0.169
1261,0.00992308,0.129
1262,0.00976923,0.127
1263,0.0122308,0.159
1264,0.00884615,0.115
1265,0.00923077,0.12
1266,0.0114615,0.149
1267,0.00861538,0.112
1268,0.0103077,0.134
1269,0.0124615,0.162
1270,0.0103077,0.134
1271,0.00992308,0.129
1272,0.0103846,0.135
1273,0.009,0.117
1274,0.00869231,0.113
1275,0.00984615,0.128
1276,0.00838462,0.109
1277,0.00907692,0.118
1278,0.00961538,0.125
1279,0.0101538,0.132
1280,0.00984615,0.128
1281,0.009,0.117
1282,0.00884615,0.115
1283,0.0101538,0.132
1284,0.0102308,0.133
1285,0.0106154,0.138
1286,0.0108462,0.141
1287,0.0100769,0.131
1288,0.00853846,0.111
1289,0.00907692,0.118
1290,0.011,0.143
1291,0.00876923,0.114
1292,0.00892308,0.116
1293,0.00815385,0.106
1294,0.00938462,0.122
1295,0.0110769,0.144
1296,0.0124615,0.162
1297,0.00915385,0.119
