<version>,<mean_time>,<total>
0,0.388449,19.034
1,0.371286,18.193
2,0.378245,18.534
3,0.37149,18.203
4,0.372796,18.267
5,0.371184,18.188
6,0.370959,18.177
7,0.373184,18.286
8,0.373122,18.283
9,0.370327,18.146
10,0.370816,18.17
11,0.369898,18.125
12,0.370571,18.158
13,0.368878,18.075
14,0.387429,18.984
15,0.370449,18.152
16,0.369878,18.124
17,0.370347,18.147
18,0.371469,18.202
19,0.369184,18.09
20,0.371184,18.188
21,0.374714,18.361
22,0.372306,18.243
23,0.368449,18.054
24,0.371286,18.193
25,0.372776,18.266
26,0.371327,18.195
27,0.371714,18.214
28,0.372735,18.264
29,0.371898,18.223
30,0.388347,19.029
31,0.36702,17.984
32,0.370265,18.143
33,0.370571,18.158
34,0.372245,18.24
35,0.367571,18.011
36,0.374061,18.329
37,0.374898,18.37
38,0.372776,18.266
39,0.371204,18.189
40,0.371082,18.183
41,0.370633,18.161
42,0.375633,18.406
43,0.369224,18.092
44,0.371041,18.181
45,0.370286,18.144
46,0.372898,18.272
47,0.372102,18.233
48,0.371347,18.196
49,0.370184,18.139
50,0.371796,18.218
51,0.372592,18.257
52,0.372735,18.264
53,0.376633,18.455
54,0.376612,18.454
55,0.378918,18.567
56,0.376959,18.471
57,0.37898,18.57
58,0.381143,18.676
59,0.377796,18.512
60,0.376347,18.441
61,0.379408,18.591
62,0.382776,18.756
63,0.387633,18.994
64,0.378082,18.526
65,0.377633,18.504
66,0.374,18.326
67,0.379571,18.599
68,0.378449,18.544
69,0.379694,18.605
70,0.379163,18.579
71,0.377122,18.479
72,0.375347,18.392
73,0.379286,18.585
74,0.378878,18.565
75,0.379041,18.573
76,0.376286,18.438
77,0.38,18.62
78,0.378633,18.553
79,0.377633,18.504
80,0.378939,18.568
81,0.383429,18.788
82,0.382408,18.738
83,0.382857,18.76
84,0.386816,18.954
85,0.386796,18.953
86,0.388245,19.024
87,0.384286,18.83
88,0.385306,18.88
89,0.382776,18.756
90,0.382837,18.759
91,0.381653,18.701
92,0.380918,18.665
93,0.381286,18.683
94,0.389694,19.095
95,0.379143,18.578
96,0.381694,18.703
97,0.38098,18.668
98,0.384959,18.863
99,0.381429,18.69
100,0.382918,18.763
101,0.387327,18.979
102,0.384082,18.82
103,0.380612,18.65
104,0.389755,19.098
105,0.381245,18.681
106,0.386633,18.945
107,0.386612,18.944
108,0.390653,19.142
109,0.388714,19.047
110,0.384755,18.853
111,0.390388,19.129
112,0.387878,19.006
113,0.390898,19.154
114,0.386347,18.931
115,0.387755,19
116,0.383143,18.774
117,0.381122,18.675
118,0.385612,18.895
119,0.387469,18.986
120,0.386796,18.953
121,0.384143,18.823
122,0.384633,18.847
123,0.386245,18.926
124,0.380633,18.651
125,0.384347,18.833
126,0.384122,18.822
127,0.387531,18.989
128,0.386878,18.957
129,0.387939,19.009
130,0.393102,19.262
131,0.384612,18.846
132,0.386327,18.93
133,0.392776,19.246
134,0.383163,18.775
135,0.387184,18.972
136,0.387327,18.979
137,0.386245,18.926
138,0.383347,18.784
139,0.383082,18.771
140,0.382796,18.757
141,0.384388,18.835
142,0.38551,18.89
143,0.38551,18.89
144,0.389939,19.107
145,0.388122,19.018
146,0.389102,19.066
147,0.384327,18.832
148,0.387204,18.973
149,0.385531,18.891
150,0.386306,18.929
151,0.388571,19.04
152,0.390082,19.114
153,0.386204,18.924
154,0.392245,19.22
155,0.388347,19.029
156,0.391429,19.18
157,0.387388,18.982
158,0.401347,19.666
159,0.385388,18.884
160,0.389633,19.092
161,0.391,19.159
162,0.391184,19.168
163,0.391184,19.168
164,0.386571,18.942
165,0.385714,18.9
166,0.388408,19.032
167,0.385184,18.874
168,0.385245,18.877
169,0.389,19.061
170,0.387388,18.982
171,0.38498,18.864
172,0.388551,19.039
173,0.392163,19.216
174,0.391265,19.172
175,0.387224,18.974
176,0.387,18.963
177,0.392122,19.214
178,0.387184,18.972
179,0.38602,18.915
180,0.38849,19.036
181,0.388714,19.047
182,0.385388,18.884
183,0.386122,18.92
184,0.385449,18.887
185,0.387245,18.975
186,0.390837,19.151
187,0.390694,19.144
188,0.390204,19.12
189,0.389571,19.089
190,0.387592,18.992
191,0.392184,19.217
192,0.392204,19.218
193,0.389224,19.072
194,0.391735,19.195
195,0.387122,18.969
196,0.389633,19.092
197,0.391551,19.186
198,0.397286,19.467
199,0.392959,19.255
200,0.391224,19.17
201,0.38902,19.062
202,0.391531,19.185
203,0.388102,19.017
204,0.393878,19.3
205,0.394327,19.322
206,0.390653,19.142
207,0.391388,19.178
208,0.391592,19.188
209,0.389306,19.076
210,0.390388,19.129
211,0.389633,19.092
212,0.394347,19.323
213,0.391694,19.193
214,0.392571,19.236
215,0.390714,19.145
216,0.389755,19.098
217,0.393388,19.276
218,0.399673,19.584
219,0.393673,19.29
220,0.396571,19.432
221,0.391918,19.204
222,0.389939,19.107
223,0.389592,19.09
224,0.397122,19.459
225,0.396306,19.419
226,0.392714,19.243
227,0.396898,19.448
228,0.392612,19.238
229,0.390061,19.113
230,0.396551,19.431
231,0.395837,19.396
232,0.396816,19.444
233,0.394122,19.312
234,0.394449,19.328
235,0.395163,19.363
236,0.394469,19.329
237,0.392612,19.238
238,0.395184,19.364
239,0.393449,19.279
240,0.393653,19.289
241,0.395653,19.387
242,0.395469,19.378
243,0.394551,19.333
244,0.393571,19.285
245,0.393796,19.296
246,0.398755,19.539
247,0.395551,19.382
248,0.396388,19.423
249,0.397714,19.488
250,0.394694,19.34
251,0.397837,19.494
252,0.397122,19.459
253,0.396612,19.434
254,0.39698,19.452
255,0.398633,19.533
256,0.400082,19.604
257,0.39749,19.477
258,0.414755,20.323
259,0.395102,19.36
260,0.397837,19.494
261,0.395837,19.396
262,0.396122,19.41
263,0.400633,19.631
264,0.398143,19.509
265,0.39798,19.501
266,0.396184,19.413
267,0.39598,19.403
268,0.392204,19.218
269,0.395898,19.399
270,0.394143,19.313
271,0.393837,19.298
272,0.39798,19.501
273,0.397204,19.463
274,0.39751,19.478
275,0.397776,19.491
276,0.390408,19.13
277,0.398816,19.542
278,0.397735,19.489
279,0.400449,19.622
280,0.398714,19.537
281,0.400694,19.634
282,0.396714,19.439
283,0.399245,19.563
284,0.399551,19.578
285,0.396653,19.436
286,0.402612,19.728
287,0.405347,19.862
288,0.399918,19.596
289,0.401327,19.665
290,0.402735,19.734
291,0.397796,19.492
292,0.398408,19.522
293,0.39551,19.38
294,0.399429,19.572
295,0.39902,19.552
296,0.397286,19.467
297,0.399571,19.579
298,0.398408,19.522
299,0.396,19.404
300,0.397612,19.483
301,0.395939,19.401
302,0.398531,19.528
303,0.394694,19.34
304,0.40102,19.65
305,0.400918,19.645
306,0.396673,19.437
307,0.399245,19.563
308,0.398429,19.523
309,0.398245,19.514
310,0.404408,19.816
311,0.403816,19.787
312,0.397837,19.494
313,0.402449,19.72
314,0.398694,19.536
315,0.398184,19.511
316,0.399102,19.556
317,0.402041,19.7
318,0.397061,19.456
319,0.402122,19.704
320,0.40302,19.748
321,0.400367,19.618
322,0.396265,19.417
323,0.399388,19.57
324,0.401408,19.669
325,0.404082,19.8
326,0.402776,19.736
327,0.405327,19.861
328,0.423143,20.734
329,0.398408,19.522
330,0.40151,19.674
331,0.40051,19.625
332,0.398163,19.51
333,0.401776,19.687
334,0.404306,19.811
335,0.405367,19.863
336,0.401735,19.685
337,0.398286,19.516
338,0.398041,19.504
339,0.40402,19.797
340,0.405816,19.885
341,0.395673,19.388
342,0.401857,19.691
343,0.402143,19.705
344,0.396347,19.421
345,0.403816,19.787
346,0.402939,19.744
347,0.398592,19.531
348,0.398694,19.536
349,0.398,19.502
350,0.399,19.551
351,0.402102,19.703
352,0.400449,19.622
353,0.396551,19.431
354,0.399898,19.595
355,0.399673,19.584
356,0.398755,19.539
357,0.40098,19.648
358,0.401837,19.69
359,0.398918,19.547
360,0.399796,19.59
361,0.398653,19.534
362,0.397531,19.479
363,0.398939,19.548
364,0.39451,19.331
365,0.398082,19.506
366,0.396224,19.415
367,0.401286,19.663
368,0.398918,19.547
369,0.397388,19.472
370,0.399204,19.561
371,0.39949,19.575
372,0.425531,20.851
373,0.403041,19.749
374,0.402,19.698
375,0.398878,19.545
376,0.401204,19.659
377,0.396367,19.422
378,0.397898,19.497
379,0.402,19.698
380,0.398347,19.519
381,0.400857,19.642
382,0.39702,19.454
383,0.398714,19.537
384,0.400694,19.634
385,0.400837,19.641
386,0.399796,19.59
387,0.399694,19.585
388,0.397327,19.469
389,0.395429,19.376
390,0.397224,19.464
391,0.39598,19.403
392,0.40249,19.722
393,0.39549,19.379
394,0.398592,19.531
395,0.39551,19.38
396,0.394306,19.321
397,0.395592,19.384
398,0.397327,19.469
399,0.396633,19.435
400,0.39351,19.282
401,0.398612,19.532
402,0.400776,19.638
403,0.397286,19.467
404,0.392347,19.225
405,0.399633,19.582
406,0.39651,19.429
407,0.394816,19.346
408,0.393082,19.261
409,0.403551,19.774
410,0.398878,19.545
411,0.399918,19.596
412,0.396082,19.408
413,0.398735,19.538
414,0.412857,20.23
415,0.394449,19.328
416,0.403796,19.786
417,0.396143,19.411
418,0.397714,19.488
419,0.40202,19.699
420,0.399653,19.583
421,0.398306,19.517
422,0.401714,19.684
423,0.397306,19.468
424,0.399082,19.555
425,0.402714,19.733
426,0.396143,19.411
427,0.400082,19.604
428,0.395735,19.391
429,0.398429,19.523
430,0.395694,19.389
431,0.4,19.6
432,0.397102,19.458
433,0.399265,19.564
434,0.400184,19.609
435,0.398837,19.543
436,0.400061,19.603
437,0.398816,19.542
438,0.405224,19.856
439,0.404469,19.819
440,0.401633,19.68
441,0.402061,19.701
442,0.400735,19.636
443,0.409653,20.073
444,0.406041,19.896
445,0.405408,19.865
446,0.404102,19.801
447,0.409143,20.048
448,0.401714,19.684
449,0.401959,19.696
450,0.403245,19.759
451,0.402204,19.708
452,0.406224,19.905
453,0.401265,19.662
454,0.401286,19.663
455,0.404184,19.805
456,0.405776,19.883
457,0.407816,19.983
458,0.402898,19.742
459,0.405122,19.851
460,0.400347,19.617
461,0.40402,19.797
462,0.401143,19.656
463,0.407,19.943
464,0.403449,19.769
465,0.402163,19.706
466,0.402714,19.733
467,0.403796,19.786
468,0.404245,19.808
469,0.400286,19.614
470,0.403551,19.774
471,0.405857,19.887
472,0.404224,19.807
473,0.402837,19.739
474,0.405837,19.886
475,0.403837,19.788
476,0.410449,20.112
477,0.408204,20.002
478,0.406204,19.904
479,0.403592,19.776
480,0.408143,19.999
481,0.405551,19.872
482,0.402898,19.742
483,0.403612,19.777
484,0.402429,19.719
485,0.400878,19.643
486,0.406633,19.925
487,0.404469,19.819
488,0.405265,19.858
489,0.408429,20.013
490,0.403469,19.77
491,0.405571,19.873
492,0.407531,19.969
493,0.405714,19.88
494,0.407122,19.949
495,0.405408,19.865
496,0.405143,19.852
497,0.407571,19.971
498,0.40451,19.821
499,0.405898,19.889
500,0.410816,20.13
501,0.409449,20.063
502,0.411469,20.162
503,0.403102,19.752
504,0.409,20.041
505,0.403224,19.758
506,0.404265,19.809
507,0.406592,19.923
508,0.41198,20.187
509,0.411327,20.155
510,0.409612,20.071
511,0.410592,20.119
512,0.407755,19.98
513,0.40602,19.895
514,0.405,19.845
515,0.405224,19.856
516,0.404327,19.812
517,0.405408,19.865
518,0.409061,20.044
519,0.40902,20.042
520,0.402714,19.733
521,0.405918,19.89
522,0.408449,20.014
523,0.412,20.188
524,0.409612,20.071
525,0.408551,20.019
526,0.407122,19.949
527,0.409245,20.053
528,0.407592,19.972
529,0.410694,20.124
530,0.409592,20.07
531,0.406551,19.921
532,0.404429,19.817
533,0.404306,19.811
534,0.409041,20.043
535,0.408816,20.032
536,0.408245,20.004
537,0.408755,20.029
538,0.411429,20.16
539,0.409939,20.087
540,0.406633,19.925
541,0.409224,20.052
542,0.409408,20.061
543,0.404898,19.84
544,0.405878,19.888
545,0.410163,20.098
546,0.409755,20.078
547,0.406939,19.94
548,0.406041,19.896
549,0.405776,19.883
550,0.41049,20.114
551,0.413592,20.266
552,0.409673,20.074
553,0.416204,20.394
554,0.415571,20.363
555,0.416102,20.389
556,0.418184,20.491
557,0.415122,20.341
558,0.414633,20.317
559,0.419041,20.533
560,0.416796,20.423
561,0.421776,20.667
562,0.418224,20.493
563,0.419224,20.542
564,0.425612,20.855
565,0.413122,20.243
566,0.416857,20.426
567,0.417571,20.461
568,0.413,20.237
569,0.415163,20.343
570,0.409918,20.086
571,0.418939,20.528
572,0.418122,20.488
573,0.423082,20.731
574,0.418469,20.505
575,0.413265,20.25
576,0.417184,20.442
577,0.420796,20.619
578,0.421347,20.646
579,0.417184,20.442
580,0.417449,20.455
581,0.421592,20.658
582,0.419082,20.535
583,0.424143,20.783
584,0.421184,20.638
585,0.418449,20.504
586,0.417245,20.445
587,0.419061,20.534
588,0.413776,20.275
589,0.421592,20.658
590,0.420184,20.589
591,0.421286,20.643
592,0.418388,20.501
593,0.417551,20.46
594,0.419102,20.536
595,0.417918,20.478
596,0.412408,20.208
597,0.417265,20.446
598,0.415571,20.363
599,0.415429,20.356
600,0.416347,20.401
601,0.413878,20.28
602,0.415163,20.343
603,0.414429,20.307
604,0.417347,20.45
605,0.413,20.237
606,0.420204,20.59
607,0.417102,20.438
608,0.422245,20.69
609,0.419735,20.567
610,0.421122,20.635
611,0.421429,20.65
612,0.418,20.482
613,0.416184,20.393
614,0.420204,20.59
615,0.417735,20.469
616,0.419612,20.561
617,0.418367,20.5
618,0.422327,20.694
619,0.421918,20.674
620,0.419673,20.564
621,0.415041,20.337
622,0.419184,20.54
623,0.416673,20.417
624,0.417367,20.451
625,0.418429,20.503
626,0.417755,20.47
627,0.422286,20.692
628,0.415755,20.372
629,0.415735,20.371
630,0.411653,20.171
631,0.418,20.482
632,0.415551,20.362
633,0.416449,20.406
634,0.417796,20.472
635,0.413796,20.276
636,0.415592,20.364
637,0.417878,20.476
638,0.416816,20.424
639,0.41802,20.483
640,0.419388,20.55
641,0.419898,20.575
642,0.411918,20.184
643,0.416633,20.415
644,0.416776,20.422
645,0.416796,20.423
646,0.41849,20.506
647,0.418592,20.511
648,0.417857,20.475
649,0.417286,20.447
650,0.424878,20.819
651,0.41449,20.31
652,0.418469,20.505
653,0.417878,20.476
654,0.418449,20.504
655,0.415531,20.361
656,0.423061,20.73
657,0.418306,20.497
658,0.419898,20.575
659,0.420143,20.587
660,0.420796,20.619
661,0.420367,20.598
662,0.419388,20.55
663,0.422204,20.688
664,0.416878,20.427
665,0.421755,20.666
666,0.420122,20.586
667,0.420918,20.625
668,0.417531,20.459
669,0.420939,20.626
670,0.417429,20.454
671,0.419429,20.552
672,0.420653,20.612
673,0.42351,20.752
674,0.418388,20.501
675,0.42098,20.628
676,0.419633,20.562
677,0.41698,20.432
678,0.417837,20.474
679,0.416816,20.424
680,0.417061,20.436
681,0.412816,20.228
682,0.415714,20.37
683,0.416959,20.431
684,0.418408,20.502
685,0.418367,20.5
686,0.414551,20.313
687,0.416551,20.411
688,0.422816,20.718
689,0.41898,20.53
690,0.416612,20.414
691,0.417306,20.448
692,0.419673,20.564
693,0.419265,20.544
694,0.422592,20.707
695,0.421959,20.676
696,0.420347,20.597
697,0.411816,20.179
698,0.414082,20.29
699,0.423367,20.745
700,0.416306,20.399
701,0.415122,20.341
702,0.419429,20.552
703,0.417224,20.444
704,0.420367,20.598
705,0.420122,20.586
706,0.421408,20.649
707,0.416265,20.397
708,0.422469,20.701
709,0.42,20.58
710,0.421653,20.661
711,0.416224,20.395
712,0.424204,20.786
713,0.422245,20.69
714,0.418571,20.51
715,0.412449,20.21
716,0.417347,20.45
717,0.419857,20.573
718,0.415571,20.363
719,0.417143,20.44
720,0.417592,20.462
721,0.425306,20.84
722,0.421735,20.665
723,0.418204,20.492
724,0.419551,20.558
725,0.419327,20.547
726,0.417755,20.47
727,0.418204,20.492
728,0.416857,20.426
729,0.417673,20.466
730,0.418571,20.51
731,0.417265,20.446
732,0.425245,20.837
733,0.420653,20.612
734,0.419306,20.546
735,0.41551,20.36
736,0.415653,20.367
737,0.411204,20.149
738,0.415306,20.35
739,0.418816,20.522
740,0.414367,20.304
741,0.413286,20.251
742,0.415041,20.337
743,0.415939,20.381
744,0.416653,20.416
745,0.410796,20.129
746,0.415347,20.352
747,0.413878,20.28
748,0.415429,20.356
749,0.417184,20.442
750,0.416449,20.406
751,0.417102,20.438
752,0.416816,20.424
753,0.41902,20.532
754,0.418286,20.496
755,0.413878,20.28
756,0.416082,20.388
757,0.416204,20.394
758,0.413367,20.255
759,0.417571,20.461
760,0.41849,20.506
761,0.421796,20.668
762,0.418061,20.485
763,0.415388,20.354
764,0.420898,20.624
765,0.420429,20.601
766,0.416673,20.417
767,0.420061,20.583
768,0.425673,20.858
769,0.427224,20.934
770,0.41702,20.434
771,0.421204,20.639
772,0.421347,20.646
773,0.418673,20.515
774,0.420184,20.589
775,0.418367,20.5
776,0.41798,20.481
777,0.421531,20.655
778,0.417592,20.462
779,0.419735,20.567
780,0.424735,20.812
781,0.418,20.482
782,0.415653,20.367
783,0.420367,20.598
784,0.421245,20.641
785,0.417939,20.479
786,0.424837,20.817
787,0.417837,20.474
788,0.41502,20.336
789,0.42351,20.752
790,0.418653,20.514
791,0.420469,20.603
792,0.420102,20.585
793,0.419286,20.545
794,0.419,20.531
795,0.419204,20.541
796,0.414612,20.316
797,0.420224,20.591
798,0.419184,20.54
799,0.418082,20.486
800,0.413633,20.268
801,0.417388,20.452
802,0.418408,20.502
803,0.418571,20.51
804,0.42149,20.653
805,0.42349,20.751
806,0.418204,20.492
807,0.415306,20.35
808,0.422082,20.682
809,0.420755,20.617
810,0.422367,20.696
811,0.422551,20.705
812,0.424286,20.79
813,0.423327,20.743
814,0.421959,20.676
815,0.422939,20.724
816,0.422265,20.691
817,0.420306,20.595
818,0.424408,20.796
819,0.422592,20.707
820,0.427653,20.955
821,0.427061,20.926
822,0.424265,20.789
823,0.422551,20.705
824,0.426694,20.908
825,0.427551,20.95
826,0.42202,20.679
827,0.42598,20.873
828,0.424327,20.792
829,0.421735,20.665
830,0.42051,20.605
831,0.420633,20.611
832,0.422408,20.698
833,0.425959,20.872
834,0.424673,20.809
835,0.427,20.923
836,0.427122,20.929
837,0.425082,20.829
838,0.425878,20.868
839,0.423735,20.763
840,0.430347,21.087
841,0.425306,20.84
842,0.428,20.972
843,0.421245,20.641
844,0.423449,20.749
845,0.428592,21.001
846,0.423,20.727
847,0.418469,20.505
848,0.425551,20.852
849,0.42698,20.922
850,0.423143,20.734
851,0.420673,20.613
852,0.423204,20.737
853,0.423102,20.732
854,0.421918,20.674
855,0.425653,20.857
856,0.422041,20.68
857,0.424592,20.805
858,0.425306,20.84
859,0.425796,20.864
860,0.422918,20.723
861,0.424633,20.807
862,0.418041,20.484
863,0.424878,20.819
864,0.423204,20.737
865,0.424857,20.818
866,0.42349,20.751
867,0.419939,20.577
868,0.419592,20.56
869,0.421755,20.666
870,0.418143,20.489
871,0.422469,20.701
872,0.422163,20.686
873,0.420531,20.606
874,0.420612,20.61
875,0.418306,20.497
876,0.420612,20.61
877,0.421388,20.648
878,0.422347,20.695
879,0.419,20.531
880,0.419184,20.54
881,0.42149,20.653
882,0.426388,20.893
883,0.426,20.874
884,0.431327,21.135
885,0.431184,21.128
886,0.427857,20.965
887,0.421694,20.663
888,0.425367,20.843
889,0.420878,20.623
890,0.421837,20.67
891,0.422571,20.706
892,0.421388,20.648
893,0.422776,20.716
894,0.422878,20.721
895,0.419122,20.537
896,0.439061,21.514
897,0.42151,20.654
898,0.422714,20.713
899,0.425939,20.871
900,0.422082,20.682
901,0.425041,20.827
902,0.421898,20.673
903,0.417429,20.454
904,0.423,20.727
905,0.426143,20.881
906,0.421857,20.671
907,0.426878,20.917
908,0.420592,20.609
909,0.418571,20.51
910,0.422571,20.706
911,0.426061,20.877
912,0.421531,20.655
913,0.425531,20.851
914,0.426776,20.912
915,0.420571,20.608
916,0.423857,20.769
917,0.424959,20.823
918,0.421939,20.675
919,0.42102,20.63
920,0.42251,20.703
921,0.423592,20.756
922,0.422592,20.707
923,0.425918,20.87
924,0.428571,21
925,0.428449,20.994
926,0.423531,20.753
927,0.423367,20.745
928,0.42798,20.971
929,0.42549,20.849
930,0.429551,21.048
931,0.425857,20.867
932,0.423122,20.733
933,0.427469,20.946
934,0.431429,21.14
935,0.430224,21.081
936,0.430061,21.073
937,0.427306,20.938
938,0.428959,21.019
939,0.431347,21.136
940,0.426918,20.919
941,0.432571,21.196
942,0.428347,20.989
943,0.428,20.972
944,0.425878,20.868
945,0.429816,21.061
946,0.423041,20.729
947,0.424918,20.821
948,0.427245,20.935
949,0.434449,21.288
950,0.432837,21.209
951,0.427224,20.934
952,0.424592,20.805
953,0.428755,21.009
954,0.42551,20.85
955,0.426327,20.89
956,0.420184,20.589
957,0.424327,20.792
958,0.430347,21.087
959,0.430122,21.076
960,0.428755,21.009
961,0.428571,21
962,0.430224,21.081
963,0.427245,20.935
964,0.430082,21.074
965,0.427959,20.97
966,0.430735,21.106
967,0.428327,20.988
968,0.429184,21.03
969,0.42702,20.924
970,0.429551,21.048
971,0.427837,20.964
972,0.427347,20.94
973,0.428571,21
974,0.428592,21.001
975,0.426041,20.876
976,0.431735,21.155
977,0.429714,21.056
978,0.425388,20.844
979,0.428898,21.016
980,0.425837,20.866
981,0.424122,20.782
982,0.429041,21.023
983,0.428408,20.992
984,0.428429,20.993
985,0.427102,20.928
986,0.43151,21.144
987,0.428408,20.992
988,0.422796,20.717
989,0.43051,21.095
990,0.425,20.825
991,0.425898,20.869
992,0.432347,21.185
993,0.425061,20.828
994,0.428898,21.016
995,0.42902,21.022
996,0.428184,20.981
997,0.432286,21.182
998,0.431633,21.15
999,0.427816,20.963
1000,0.428245,20.984
1001,0.434592,21.295
1002,0.429327,21.037
1003,0.427531,20.949
1004,0.472367,23.146
1005,0.454286,22.26
1006,0.44798,21.951
1007,0.437796,21.452
1008,0.445959,21.852
1009,0.428204,20.982
1010,0.429551,21.048
1011,0.432592,21.197
1012,0.431673,21.152
1013,0.427837,20.964
1014,0.429531,21.047
1015,0.430878,21.113
1016,0.43,21.07
1017,0.431224,21.13
1018,0.434204,21.276
1019,0.437837,21.454
1020,0.429327,21.037
1021,0.432367,21.186
1022,0.433367,21.235
1023,0.432204,21.178
1024,0.439367,21.529
1025,0.427653,20.955
1026,0.431061,21.122
1027,0.425265,20.838
1028,0.425796,20.864
1029,0.42849,20.996
1030,0.431673,21.152
1031,0.431143,21.126
1032,0.429837,21.062
1033,0.427551,20.95
1034,0.434224,21.277
1035,0.428449,20.994
1036,0.434531,21.292
1037,0.429878,21.064
1038,0.427122,20.929
1039,0.431388,21.138
1040,0.425347,20.842
1041,0.432347,21.185
1042,0.429061,21.024
1043,0.431347,21.136
1044,0.430265,21.083
1045,0.432061,21.171
1046,0.433286,21.231
1047,0.428857,21.014
1048,0.430857,21.112
1049,0.431122,21.125
1050,0.431367,21.137
1051,0.431735,21.155
1052,0.433143,21.224
1053,0.427898,20.967
1054,0.431245,21.131
1055,0.435122,21.321
1056,0.435673,21.348
1057,0.435204,21.325
1058,0.433367,21.235
1059,0.433184,21.226
1060,0.428694,21.006
1061,0.434959,21.313
1062,0.429143,21.028
1063,0.429571,21.049
1064,0.434143,21.273
1065,0.429408,21.041
1066,0.429102,21.026
1067,0.436102,21.369
1068,0.428837,21.013
1069,0.429878,21.064
1070,0.430612,21.1
1071,0.431122,21.125
1072,0.429041,21.023
1073,0.42898,21.02
1074,0.431796,21.158
1075,0.427082,20.927
1076,0.435551,21.342
1077,0.433612,21.247
1078,0.430571,21.098
1079,0.429367,21.039
1080,0.428653,21.004
1081,0.422653,20.71
1082,0.428286,20.986
1083,0.427898,20.967
1084,0.430653,21.102
1085,0.426694,20.908
1086,0.432265,21.181
1087,0.427041,20.925
1088,0.430245,21.082
1089,0.425408,20.845
1090,0.429163,21.029
1091,0.431531,21.145
1092,0.428143,20.979
1093,0.42998,21.069
1094,0.434143,21.273
1095,0.432673,21.201
1096,0.430837,21.111
1097,0.429347,21.038
1098,0.431571,21.147
1099,0.43598,21.363
1100,0.433469,21.24
1101,0.438306,21.477
1102,0.432531,21.194
1103,0.438061,21.465
1104,0.430857,21.112
1105,0.434347,21.283
1106,0.433714,21.252
1107,0.430612,21.1
1108,0.434796,21.305
1109,0.432469,21.191
1110,0.429122,21.027
1111,0.427367,20.941
1112,0.436531,21.39
1113,0.432082,21.172
1114,0.43202,21.169
1115,0.433776,21.255
1116,0.430612,21.1
1117,0.433531,21.243
1118,0.432061,21.171
1119,0.433122,21.223
1120,0.430184,21.079
1121,0.430673,21.103
1122,0.430531,21.096
1123,0.428224,20.983
1124,0.434327,21.282
1125,0.431714,21.154
1126,0.428878,21.015
1127,0.429816,21.061
1128,0.431327,21.135
1129,0.430878,21.113
1130,0.434245,21.278
1131,0.427347,20.94
1132,0.429694,21.055
1133,0.429347,21.038
1134,0.431082,21.123
1135,0.430878,21.113
1136,0.431184,21.128
1137,0.432571,21.196
1138,0.431735,21.155
1139,0.434449,21.288
1140,0.43198,21.167
1141,0.431592,21.148
1142,0.438163,21.47
1143,0.434673,21.299
1144,0.43598,21.363
1145,0.429837,21.062
1146,0.434918,21.311
1147,0.437306,21.428
1148,0.430673,21.103
1149,0.434898,21.31
1150,0.428551,20.999
1151,0.440286,21.574
1152,0.438184,21.471
1153,0.437571,21.441
1154,0.433122,21.223
1155,0.437265,21.426
1156,0.439163,21.519
1157,0.438673,21.495
1158,0.447184,21.912
1159,0.43698,21.412
1160,0.435408,21.335
1161,0.438184,21.471
1162,0.439245,21.523
1163,0.435878,21.358
1164,0.439163,21.519
1165,0.439673,21.544
1166,0.439714,21.546
1167,0.442939,21.704
1168,0.434041,21.268
1169,0.439837,21.552
1170,0.435143,21.322
1171,0.440286,21.574
1172,0.44098,21.608
1173,0.437449,21.435
1174,0.439531,21.537
1175,0.434796,21.305
1176,0.435837,21.356
1177,0.450327,22.066
1178,0.442857,21.7
1179,0.438408,21.482
1180,0.433041,21.219
1181,0.440714,21.595
1182,0.437898,21.457
1183,0.43849,21.486
1184,0.441061,21.612
1185,0.434122,21.272
1186,0.43902,21.512
1187,0.454408,22.266
1188,0.440041,21.562
1189,0.441163,21.617
1190,0.433816,21.257
1191,0.438694,21.496
1192,0.434429,21.287
1193,0.438184,21.471
1194,0.435082,21.319
1195,0.442714,21.693
1196,0.437755,21.45
1197,0.432551,21.195
1198,0.442388,21.677
1199,0.438143,21.469
1200,0.438837,21.503
1201,0.434612,21.296
1202,0.437816,21.453
1203,0.438204,21.472
1204,0.436367,21.382
1205,0.432735,21.204
1206,0.434,21.266
1207,0.440245,21.572
1208,0.437388,21.432
1209,0.436694,21.398
1210,0.438122,21.468
1211,0.433714,21.252
1212,0.436143,21.371
1213,0.439531,21.537
1214,0.439796,21.55
1215,0.438857,21.504
1216,0.440388,21.579
1217,0.436265,21.377
1218,0.435388,21.334
1219,0.439,21.511
1220,0.437469,21.436
1221,0.438102,21.467
1222,0.434796,21.305
1223,0.436653,21.396
1224,0.436204,21.374
1225,0.437449,21.435
1226,0.435102,21.32
1227,0.435551,21.342
1228,0.436347,21.381
1229,0.438163,21.47
1230,0.436551,21.391
1231,0.434245,21.278
1232,0.440143,21.567
1233,0.436959,21.411
1234,0.437102,21.418
1235,0.433959,21.264
1236,0.435592,21.344
1237,0.439184,21.52
1238,0.443184,21.716
1239,0.446796,21.893
1240,0.439796,21.55
1241,0.441653,21.641
1242,0.437857,21.455
1243,0.441143,21.616
1244,0.439571,21.539
1245,0.435612,21.345
1246,0.437735,21.449
1247,0.438633,21.493
1248,0.437265,21.426
1249,0.441286,21.623
1250,0.437082,21.417
1251,0.432204,21.178
1252,0.437857,21.455
1253,0.431755,21.156
1254,0.439082,21.515
1255,0.435306,21.33
1256,0.435898,21.359
1257,0.443204,21.717
1258,0.436469,21.387
1259,0.437735,21.449
1260,0.436694,21.398
1261,0.441653,21.641
1262,0.441408,21.629
1263,0.438714,21.497
1264,0.434245,21.278
1265,0.436735,21.4
1266,0.43549,21.339
1267,0.434816,21.306
1268,0.440122,21.566
1269,0.437837,21.454
1270,0.440531,21.586
1271,0.436469,21.387
1272,0.432245,21.18
1273,0.428061,20.975
1274,0.439633,21.542
1275,0.436429,21.385
1276,0.44249,21.682
1277,0.435102,21.32
1278,0.434653,21.298
1279,0.440347,21.577
1280,0.43949,21.535
1281,0.439265,21.524
1282,0.439776,21.549
1283,0.444204,21.766
1284,0.43698,21.412
1285,0.439857,21.553
1286,0.438571,21.49
1287,0.433306,21.232
1288,0.432816,21.208
1289,0.434327,21.282
1290,0.436041,21.366
1291,0.431939,21.165
1292,0.439449,21.533
1293,0.436837,21.405
1294,0.437592,21.442
1295,0.434918,21.311
1296,0.440224,21.571
1297,0.437469,21.436
