##ver, min, mean, max, stddev, count
0 2.0 5.16326530612245 65.0 9.254158837101993 49 253.0
1 2.0 2.8163265306122454 13.0 1.8334106353523545 49 138.0
2 2.0 2.795918367346939 15.0 2.188793349434936 49 137.0
3 2.0 2.8775510204081636 13.0 2.1759351731039756 49 141.0
4 2.0 2.836734693877551 15.0 2.173197900709057 49 139.0
5 2.0 2.612244897959184 12.0 1.6809759879631965 49 128.0
6 2.0 2.6530612244897958 10.0 1.4513071752757247 49 130.0
7 2.0 2.6530612244897958 9.0 1.299856088319063 49 130.0
8 2.0 2.4897959183673466 9.0 1.2436915644495594 49 122.0
9 2.0 2.63265306122449 9.0 1.2532271267781092 49 129.0
10 2.0 2.4489795918367347 6.0 0.9587584091286134 49 120.0
11 2.0 2.510204081632653 6.0 0.9600878644598075 49 123.0
12 2.0 2.5714285714285716 6.0 0.9354143466934852 49 126.0
13 2.0 2.4693877551020407 6.0 0.9596449173246001 49 121.0
14 2.0 2.489795918367347 6.0 0.7937896703890313 49 122.0
15 2.0 2.4693877551020407 6.0 0.9151967187515511 49 121.0
16 2.0 2.4693877551020407 7.0 0.9151967187515515 49 121.0
17 2.0 2.510204081632653 6.0 0.8446510369079414 49 123.0
18 2.0 2.4081632653061225 6.0 0.7884152709427831 49 118.0
19 2.0 2.4693877551020407 6.0 0.7665409539050115 49 121.0
20 2.0 2.5306122448979593 6.0 0.8684766552304516 49 124.0
21 2.0 2.4285714285714284 6.0 0.8164965809277259 49 119.0
22 2.0 2.510204081632653 6.0 0.7937896703890311 49 123.0
23 2.0 2.4081632653061225 6.0 0.7615326472247368 49 118.0
24 2.0 2.612244897959184 6.0 0.7857142857142859 49 128.0
25 2.0 2.3469387755102042 6.0 0.7514158970504523 49 115.0
26 2.0 2.4489795918367347 6.0 0.792181179029244 49 120.0
27 2.0 2.4081632653061225 6.0 0.7046975517594636 49 118.0
28 2.0 2.5510204081632653 6.0 0.7921811790292441 49 125.0
29 2.0 2.4081632653061225 6.0 0.7336656637205047 49 118.0
30 2.0 2.4285714285714284 6.0 0.8416254115301733 49 119.0
31 2.0 2.4693877551020407 6.0 0.7388628880563283 49 121.0
32 2.0 2.510204081632653 6.0 0.8196149751456432 49 123.0
33 2.0 2.4285714285714284 7.0 0.841625411530173 49 119.0
34 2.0 2.489795918367347 6.0 0.8196149751456433 49 122.0
35 2.0 2.4285714285714284 6.0 0.7359800721939874 49 119.0
36 2.0 2.4693877551020407 6.0 0.7665409539050116 49 121.0
37 2.0 2.4693877551020407 6.0 0.710106823428892 49 121.0
38 2.0 2.4489795918367347 6.0 0.7654308288418337 49 120.0
39 2.0 2.4489795918367347 6.0 0.8911889177244238 49 120.0
40 2.0 2.5510204081632653 6.0 0.8911889177244237 49 125.0
41 2.0 2.510204081632653 7.0 0.9381375383259787 49 123.0
42 2.0 2.4081632653061225 6.0 0.7336656637205047 49 118.0
43 2.0 2.36734693877551 6.0 0.698029295917574 49 116.0
44 2.0 2.5714285714285716 6.0 0.7637626158259734 49 126.0
45 2.0 2.5714285714285716 7.0 0.8897565210026089 49 126.0
46 2.0 2.5306122448979593 6.0 0.7388628880563284 49 124.0
47 2.0 2.693877551020408 7.0 0.8709210075319943 49 132.0
48 2.0 2.836734693877551 16.0 2.054942606411735 49 139.0
49 2.0 2.7551020408163263 7.0 0.9020950671653636 49 135.0
50 2.0 2.6530612244897958 6.0 0.778647877417516 49 130.0
51 2.0 2.6530612244897958 6.0 0.778647877417516 49 130.0
52 2.0 2.63265306122449 7.0 0.8586296628693788 49 129.0
53 2.0 2.7755102040816326 6.0 0.8481672919312798 49 136.0
54 2.0 2.7551020408163267 7.0 0.8786972422498066 49 135.0
55 2.0 2.7346938775510203 6.0 0.7576144084141582 49 134.0
56 2.0 2.693877551020408 6.0 0.8216873298446381 49 132.0
57 2.0 2.7755102040816326 7.0 0.8723843314552984 49 136.0
58 2.0 2.673469387755102 6.0 0.8007224628952492 49 131.0
59 2.0 2.795918367346939 7.0 0.8411200825074142 49 137.0
60 2.0 9.795918367346943 349.0 49.473048046317075 49 480.0
61 2.0 2.7551020408163267 7.0 1.0109939878839116 49 135.0
62 2.0 2.816326530612245 6.0 0.9719711369976288 49 138.0
63 2.0 2.7551020408163267 7.0 0.8546590997998841 49 135.0
64 2.0 2.816326530612245 6.0 0.7819172320796678 49 138.0
65 2.0 2.9591836734693877 13.0 1.6827455699128206 49 145.0
66 2.0 5.938775510204081 79.0 15.04494400574673 49 291.0
67 2.0 2.795918367346939 7.0 1.098855310401365 49 137.0
68 2.0 4.204081632653062 59.0 8.256259221132204 49 206.0
69 2.0 2.938775510204082 6.0 0.8992627365724408 49 144.0
70 2.0 3.1836734693877546 23.0 3.018508664526762 49 156.0
71 2.0 4.816326530612246 102.0 14.191654633075379 49 236.0
72 2.0 3.8775510204081636 62.0 8.51624098673926 49 190.0
73 2.0 3.897959183673468 57.0 7.781508256649187 49 191.0
74 2.0 2.7346938775510203 6.0 0.7576144084141583 49 134.0
75 2.0 3.2448979591836737 23.0 3.0036825470640856 49 159.0
76 2.0 2.836734693877551 6.0 0.7731682324347393 49 139.0
77 2.0 3.204081632653061 20.0 2.5737423452754427 49 157.0
78 2.0 2.816326530612245 7.0 0.9281134401694277 49 138.0
79 2.0 3.4693877551020407 38.0 5.1035201936846395 49 170.0
80 2.0 3.408163265306123 31.0 4.076959484647326 49 167.0
81 2.0 2.9183673469387754 12.0 1.5523736488288602 49 143.0
82 2.0 4.775510204081633 98.0 13.6187146146434 49 234.0
83 2.0 2.938775510204082 10.0 1.2814081327668743 49 144.0
84 2.0 2.979591836734694 9.0 1.181273957752945 49 146.0
85 2.0 2.877551020408163 7.0 0.8324825589070043 49 141.0
86 2.0 2.673469387755102 6.0 0.8007224628952492 49 131.0
87 2.0 2.857142857142857 7.0 0.8164965809277259 49 140.0
88 2.0 2.8979591836734695 7.0 0.7704137946363538 49 142.0
89 2.0 2.7346938775510203 7.0 0.8844845533812717 49 134.0
90 2.0 2.877551020408163 7.0 0.7808289681812659 49 141.0
91 2.0 2.9183673469387754 6.0 0.731343931114651 49 143.0
92 2.0 2.938775510204082 7.0 0.8757892456071202 49 144.0
93 2.0 2.877551020408163 7.0 0.8070691074608711 49 141.0
94 2.0 2.938775510204082 7.0 1.0084675516451131 49 144.0
95 2.0 2.877551020408163 6.0 0.7536757995878293 49 141.0
96 2.0 2.8979591836734695 6.0 0.7142857142857141 49 142.0
97 2.0 2.9183673469387754 7.0 0.9538678868576251 49 143.0
98 2.0 2.877551020408163 7.0 0.8070691074608711 49 141.0
99 2.0 2.979591836734694 7.0 0.8033729913715707 49 146.0
100 2.0 2.938775510204082 6.0 0.8012532700220872 49 144.0
101 2.0 2.816326530612245 7.0 0.8081220356417684 49 138.0
102 2.0 2.9591836734693877 8.0 1.0598581601930943 49 145.0
103 2.0 2.877551020408163 7.0 0.8324825589070043 49 141.0
104 2.0 2.836734693877551 6.0 0.7457361792078969 49 139.0
105 2.0 3.0 7.0 0.816496580927726 49 147.0
106 2.0 2.795918367346939 7.0 0.8159756899139904 49 137.0
107 2.0 2.836734693877551 7.0 0.9207546446509292 49 139.0
108 2.0 3.020408163265306 7.0 0.8033729913715706 49 148.0
109 2.0 2.816326530612245 6.0 0.7819172320796678 49 138.0
110 2.0 2.857142857142857 7.0 0.8416254115301736 49 140.0
111 2.0 2.9591836734693877 7.0 0.762648446573665 49 145.0
112 2.0 2.836734693877551 6.0 0.7172557300662893 49 139.0
113 2.0 2.816326530612245 7.0 0.781917232079668 49 138.0
114 2.0 2.877551020408163 7.0 0.8070691074608711 49 141.0
115 2.0 2.9591836734693877 7.0 0.9345048527043031 49 145.0
116 2.0 2.9183673469387754 7.0 0.8375742428256124 49 143.0
117 2.0 2.9591836734693877 7.0 0.9991492980170135 49 145.0
118 2.0 2.9591836734693877 6.0 0.7626484465736652 49 145.0
119 2.0 2.938775510204082 7.0 0.7474446263020122 49 144.0
120 2.0 2.857142857142857 7.0 0.8416254115301733 49 140.0
121 2.0 2.938775510204082 7.0 0.8012532700220873 49 144.0
122 2.0 2.9183673469387754 7.0 0.9754643059819761 49 143.0
123 2.0 2.857142857142857 6.0 0.7071067811865474 49 140.0
124 2.0 3.204081632653061 15.0 1.8706014166208556 49 157.0
125 2.0 3.0 7.0 0.9128709291752769 49 147.0
126 2.0 2.8979591836734695 7.0 0.8954723604329282 49 142.0
127 2.0 3.0408163265306123 7.0 0.9780759955449396 49 149.0
128 2.0 2.9591836734693877 7.0 0.7894930776947263 49 145.0
129 2.0 2.836734693877551 6.0 0.6875966227711265 49 139.0
130 2.0 2.9183673469387754 7.0 0.8375742428256124 49 143.0
131 2.0 3.0408163265306123 7.0 0.911938952485979 49 149.0
132 2.0 2.8979591836734695 7.0 0.770413794636354 49 142.0
133 2.0 2.7755102040816326 6.0 0.8232381723628796 49 136.0
134 2.0 2.979591836734694 7.0 0.8033729913715706 49 146.0
135 2.0 2.836734693877551 7.0 0.8253014291636677 49 139.0
136 2.0 2.938775510204082 8.0 1.0686471834619173 49 144.0
137 2.0 2.9183673469387754 7.0 0.8123201004396182 49 143.0
138 2.0 2.857142857142857 6.0 0.7637626158259733 49 140.0
139 2.0 2.836734693877551 7.0 0.8253014291636677 49 139.0
140 2.0 2.9183673469387754 7.0 0.7592961294810464 49 143.0
141 2.0 2.877551020408163 7.0 0.8324825589070043 49 141.0
142 2.0 2.877551020408163 7.0 0.9044485672963134 49 141.0
143 2.0 2.938775510204082 7.0 0.8012532700220875 49 144.0
144 2.0 2.9183673469387754 6.0 0.7022800573215536 49 143.0
145 2.0 2.938775510204082 8.0 0.8757892456071205 49 144.0
146 2.0 2.857142857142857 6.0 0.8164965809277257 49 140.0
147 2.0 2.8979591836734695 7.0 0.7704137946363538 49 142.0
148 2.0 2.9183673469387754 7.0 0.7592961294810464 49 143.0
149 2.0 2.9183673469387754 7.0 0.8123201004396181 49 143.0
150 2.0 3.0 7.0 0.7905694150420949 49 147.0
151 2.0 2.8979591836734695 7.0 0.8954723604329281 49 142.0
152 2.0 2.857142857142857 6.0 0.7359800721939871 49 140.0
153 2.0 2.9591836734693877 7.0 0.7348237791433794 49 145.0
154 2.0 2.9591836734693877 7.0 0.8154544661687481 49 145.0
155 2.0 2.8979591836734695 7.0 0.9841429850209704 49 142.0
156 2.0 3.0 7.0 0.7637626158259734 49 147.0
157 2.0 3.0 7.0 0.7637626158259734 49 147.0
158 2.0 2.979591836734694 9.0 1.1084861282842653 49 146.0
159 2.0 2.836734693877551 7.0 0.7996597916069842 49 139.0
160 2.0 3.020408163265306 7.0 0.7497164997063706 49 148.0
161 2.0 2.938775510204082 7.0 0.7474446263020122 49 144.0
162 2.0 2.836734693877551 6.0 0.8253014291636678 49 139.0
163 2.0 2.8979591836734695 6.0 0.6533534635243922 49 142.0
164 2.0 2.979591836734694 7.0 0.7770080415276531 49 146.0
165 2.0 2.9183673469387754 7.0 0.8859254740542409 49 143.0
166 2.0 2.9591836734693877 7.0 0.865042958313569 49 145.0
167 2.0 2.938775510204082 6.0 0.5918953759360025 49 144.0
168 2.0 2.816326530612245 7.0 0.858134347187624 49 138.0
169 2.0 2.9183673469387754 7.0 0.8123201004396181 49 143.0
170 2.0 3.0 7.0 0.7905694150420949 49 147.0
171 2.0 3.4693877551020407 36.0 4.791929155779912 49 170.0
172 2.0 2.9591836734693877 7.0 0.8406144497099871 49 145.0
173 2.0 2.938775510204082 7.0 0.8012532700220875 49 144.0
174 2.0 2.877551020408163 7.0 0.8811132414268255 49 141.0
175 2.0 2.836734693877551 6.0 0.7172557300662892 49 139.0
176 2.0 2.9591836734693877 7.0 0.865042958313569 49 145.0
177 2.0 2.795918367346939 7.0 0.8411200825074142 49 137.0
178 2.0 2.8979591836734695 7.0 0.8227215496748094 49 142.0
179 2.0 2.9591836734693877 7.0 0.7894930776947263 49 145.0
180 2.0 3.510204081632653 40.0 5.370142956584083 49 172.0
181 2.0 2.938775510204082 7.0 0.8992627365724412 49 144.0
182 2.0 2.979591836734694 7.0 0.6919114803200181 49 146.0
183 2.0 2.8775510204081636 7.0 0.9494000970179469 49 141.0
184 2.0 2.877551020408163 7.0 0.9044485672963134 49 141.0
185 2.0 2.938775510204082 7.0 0.9444611176332718 49 144.0
186 2.0 2.9183673469387754 6.0 0.8620889042967464 49 143.0
187 2.0 2.8979591836734695 7.0 0.770413794636354 49 142.0
188 2.0 2.9591836734693877 7.0 0.7894930776947263 49 145.0
189 2.0 2.8979591836734695 13.0 1.5974575888890818 49 142.0
190 2.0 2.9591836734693877 7.0 0.8406144497099871 49 145.0
191 2.0 2.979591836734694 7.0 0.8288997707394865 49 146.0
192 2.0 3.0408163265306123 7.0 0.7059031943035045 49 149.0
193 2.0 2.938775510204082 7.0 0.8268454930564446 49 144.0
194 2.0 2.9591836734693877 6.0 0.7894930776947264 49 145.0
195 2.0 2.938775510204082 7.0 0.7190318509781664 49 144.0
196 2.0 3.0408163265306123 8.0 0.9345048527043032 49 149.0
197 2.0 3.020408163265306 7.0 0.7770080415276531 49 148.0
198 2.0 2.8979591836734695 6.0 0.742880036277271 49 142.0
199 2.0 3.0 7.0 0.7637626158259734 49 147.0
200 2.0 3.020408163265306 7.0 0.8288997707394861 49 148.0
201 2.0 2.9183673469387754 7.0 0.7592961294810463 49 143.0
202 2.0 3.0816326530612246 7.0 0.7592961294810464 49 151.0
203 2.0 2.979591836734694 7.0 0.9239813291396314 49 146.0
204 2.0 3.306122448979592 18.0 2.265723593327426 49 162.0
205 2.0 3.061224489795918 7.0 0.9444611176332716 49 150.0
206 2.0 3.0816326530612246 7.0 0.8859254740542408 49 151.0
207 2.0 2.8979591836734695 7.0 1.0050890913907347 49 142.0
208 2.0 2.9183673469387754 7.0 0.7592961294810464 49 143.0
209 2.0 2.979591836734694 7.0 0.8536635734284556 49 146.0
210 2.0 3.0816326530612246 7.0 0.8123201004396182 49 151.0
211 2.0 3.0 7.0 0.67700320038633 49 147.0
212 2.0 2.938775510204082 7.0 0.8012532700220873 49 144.0
213 2.0 3.020408163265306 7.0 0.9239813291396309 49 148.0
214 2.0 3.0 7.0 0.7637626158259734 49 147.0
215 2.0 3.1020408163265305 7.0 0.7969969144436212 49 152.0
216 2.0 2.9591836734693877 7.0 0.762648446573665 49 145.0
217 2.0 2.938775510204082 7.0 0.899262736572441 49 144.0
218 2.0 3.020408163265306 7.0 0.9011519460845504 49 148.0
219 2.0 3.0 7.0 0.8660254037844386 49 147.0
220 2.0 3.0408163265306123 7.0 0.6757459974437322 49 149.0
221 2.0 2.938775510204082 6.0 0.6894491540747739 49 144.0
222 2.0 2.938775510204082 7.0 0.8012532700220873 49 144.0
223 2.0 3.0408163265306123 7.0 0.7348237791433793 49 149.0
224 2.0 2.979591836734694 8.0 0.9011519460845508 49 146.0
225 2.0 3.163265306122449 11.0 1.389648318453123 49 155.0
226 2.0 2.979591836734694 7.0 0.7497164997063706 49 146.0
227 2.0 2.938775510204082 7.0 0.8516690296438062 49 144.0
228 2.0 2.9591836734693877 7.0 0.8154544661687481 49 145.0
229 2.0 3.020408163265306 7.0 0.7497164997063706 49 148.0
230 2.0 2.979591836734694 7.0 0.8536635734284553 49 146.0
231 2.0 3.0408163265306123 7.0 0.6757459974437322 49 149.0
232 2.0 3.020408163265306 7.0 0.777008041527653 49 148.0
233 2.0 2.938775510204082 7.0 0.8012532700220873 49 144.0
234 2.0 3.0816326530612246 7.0 0.8123201004396182 49 151.0
235 2.0 2.938775510204082 7.0 0.8012532700220875 49 144.0
236 2.0 3.122448979591837 8.0 0.7808289681812659 49 153.0
237 2.0 3.0816326530612246 7.0 0.7862552250456366 49 151.0
238 2.0 3.1020408163265305 7.0 0.7969969144436211 49 152.0
239 2.0 3.122448979591837 7.0 0.9044485672963136 49 153.0
240 2.0 3.020408163265306 7.0 0.777008041527653 49 148.0
241 2.0 3.061224489795918 7.0 0.7474446263020122 49 150.0
242 2.0 3.122448979591837 7.0 0.8070691074608712 49 153.0
243 2.0 3.0816326530612246 7.0 0.6402061742737502 49 151.0
244 2.0 3.0816326530612246 7.0 0.8123201004396182 49 151.0
245 2.0 3.142857142857143 8.0 0.8416254115301737 49 154.0
246 2.0 3.183673469387755 7.0 0.6974199293274671 49 156.0
247 2.0 3.061224489795918 7.0 0.7190318509781664 49 150.0
248 2.0 3.0816326530612246 7.0 0.731343931114651 49 151.0
249 2.0 3.122448979591837 7.0 0.8070691074608712 49 153.0
250 2.0 3.1020408163265305 8.0 0.8227215496748091 49 152.0
251 2.0 3.163265306122449 7.0 0.7457361792078967 49 155.0
252 2.0 3.122448979591837 7.0 0.7536757995878295 49 153.0
253 2.0 3.142857142857143 7.0 0.7359800721939871 49 154.0
254 2.0 3.2448979591836737 7.0 0.9249011714073823 49 159.0
255 2.0 3.1020408163265305 7.0 0.8476658628056143 49 152.0
256 2.0 3.122448979591837 8.0 0.8811132414268255 49 153.0
257 2.0 3.183673469387755 7.0 0.7266782124777071 49 156.0
258 2.0 3.0816326530612246 7.0 0.7022800573215537 49 151.0
259 2.0 3.061224489795918 7.0 0.7474446263020122 49 150.0
260 2.0 3.142857142857143 7.0 0.7637626158259734 49 154.0
261 2.0 3.142857142857143 7.0 0.7637626158259734 49 154.0
262 2.0 3.0816326530612246 7.0 0.8375742428256124 49 151.0
263 2.0 3.0816326530612246 8.0 0.8620889042967463 49 151.0
264 2.0 3.0 7.0 0.8660254037844386 49 147.0
265 2.0 3.142857142857143 7.0 0.6770032003863298 49 154.0
266 2.0 3.061224489795918 7.0 0.7474446263020122 49 150.0
267 2.0 3.0408163265306123 7.0 0.7348237791433793 49 149.0
268 2.0 3.1020408163265305 7.0 0.8227215496748091 49 152.0
269 2.0 2.938775510204082 7.0 0.8012532700220875 49 144.0
270 2.0 3.142857142857143 8.0 0.866025403784439 49 154.0
271 2.0 3.122448979591837 7.0 0.8571428571428574 49 153.0
272 2.0 3.122448979591837 7.0 0.8070691074608712 49 153.0
273 2.0 3.020408163265306 7.0 0.8033729913715707 49 148.0
274 2.0 3.1020408163265305 7.0 0.7142857142857141 49 152.0
275 2.0 3.163265306122449 7.0 0.7457361792078969 49 155.0
276 2.0 3.1020408163265305 8.0 1.1038738220312982 49 152.0
277 2.0 3.142857142857143 7.0 0.7905694150420949 49 154.0
278 2.0 3.0816326530612246 7.0 0.7592961294810465 49 151.0
279 2.0 3.163265306122449 7.0 0.7996597916069845 49 155.0
280 2.0 3.0816326530612246 7.0 0.7022800573215537 49 151.0
281 2.0 3.2244897959183674 9.0 1.1773081252453448 49 158.0
282 2.0 3.1020408163265305 7.0 0.6844979291173832 49 152.0
283 2.0 3.857142857142857 47.0 6.334429729659966 49 189.0
284 2.0 3.4897959183673466 24.0 3.0694899751396814 49 171.0
285 2.0 3.142857142857143 10.0 1.224744871391589 49 154.0
286 2.0 3.36734693877551 16.0 2.0072148775419785 49 165.0
287 2.0 3.163265306122449 15.0 1.8746881826887711 49 155.0
288 2.0 3.36734693877551 15.0 1.8222453817454238 49 165.0
289 3.0 3.2244897959183674 10.0 1.141368077543514 49 158.0
290 2.0 3.36734693877551 15.0 1.878539742626133 49 165.0
291 2.0 3.3469387755102042 15.0 1.8320186999610026 49 164.0
292 2.0 3.2653061224489797 15.0 1.8345697747710252 49 160.0
293 2.0 3.2244897959183674 10.0 1.2292495360050812 49 158.0
294 2.0 3.2857142857142856 15.0 1.8257418583505558 49 161.0
295 2.0 3.4489795918367347 16.0 2.000637653451562 49 169.0
296 2.0 3.204081632653061 10.0 1.189880803496977 49 157.0
297 2.0 3.2653061224489797 10.0 1.1863022065098192 49 160.0
298 2.0 3.3469387755102042 15.0 1.8206113946529432 49 164.0
299 2.0 3.2857142857142856 15.0 1.8819316317727046 49 161.0
300 2.0 3.3469387755102042 16.0 1.9743249944407506 49 164.0
301 2.0 3.2857142857142856 15.0 1.8371173070873854 49 161.0
302 2.0 3.306122448979592 10.0 1.2780858348955062 49 162.0
303 2.0 3.2653061224489797 16.0 1.98720396332051 49 160.0
304 2.0 3.326530612244898 15.0 1.8187421832826398 49 163.0
305 2.0 3.387755102040816 16.0 1.955934628792295 49 166.0
306 2.0 3.2448979591836733 10.0 1.2670604472047693 49 159.0
307 2.0 3.326530612244898 15.0 1.8187421832826398 49 163.0
308 2.0 3.326530612244898 16.0 1.9620116706886253 49 163.0
309 2.0 3.36734693877551 16.0 1.9546299474050133 49 165.0
310 2.0 3.306122448979592 10.0 1.2450582588887997 49 162.0
311 2.0 3.3469387755102042 15.0 1.8206113946529432 49 164.0
312 2.0 3.2653061224489797 14.0 1.7172593257387587 49 160.0
313 2.0 3.285714285714286 16.0 1.979057014506321 49 161.0
314 2.0 3.1020408163265305 10.0 1.3109299809547366 49 152.0
315 3.0 3.4081632653061225 15.0 1.8018320230964335 49 167.0
316 2.0 3.2244897959183674 11.0 1.3426544933211115 49 158.0
317 2.0 3.326530612244898 16.0 1.9620116706886253 49 163.0
318 3.0 3.306122448979592 10.0 1.1583767671590606 49 162.0
319 2.0 3.326530612244898 16.0 2.014403914127379 49 163.0
320 2.0 3.387755102040816 15.0 1.8121847602941006 49 166.0
321 2.0 3.36734693877551 15.0 1.8107765087458638 49 165.0
322 2.0 3.2244897959183674 10.0 1.1948728335832957 49 158.0
323 2.0 3.387755102040816 16.0 1.9876318250895597 49 166.0
324 2.0 3.36734693877551 15.0 1.8222453817454238 49 165.0
325 2.0 3.4693877551020407 16.0 2.246312170502341 49 170.0
326 2.0 3.326530612244898 16.0 2.045195132316646 49 163.0
327 2.0 3.2653061224489797 10.0 1.1686086849340969 49 160.0
328 2.0 3.36734693877551 16.0 1.965259498885374 49 165.0
329 2.0 3.7346938775510203 18.0 2.856101000519775 49 183.0
330 2.0 3.36734693877551 16.0 1.9863479632965937 49 165.0
331 2.0 3.2857142857142856 11.0 1.3070322617798433 49 161.0
332 2.0 3.4693877551020407 16.0 1.9483116709979793 49 170.0
333 3.0 3.36734693877551 16.0 1.9331955146749107 49 165.0
334 2.0 3.4489795918367347 16.0 1.9901970640470519 49 169.0
335 2.0 3.204081632653061 10.0 1.1722412976277303 49 157.0
336 2.0 3.4285714285714284 16.0 1.9472202409246515 49 168.0
337 2.0 3.4285714285714284 16.0 1.9999999999999978 49 168.0
338 2.0 3.387755102040816 16.0 1.9452541236152636 49 166.0
339 2.0 3.3469387755102042 16.0 1.96374451418885 49 164.0
340 2.0 3.183673469387755 10.0 1.2191778204278196 49 156.0
341 2.0 3.36734693877551 16.0 2.0175674043988034 49 165.0
342 2.0 3.387755102040816 16.0 2.05969583647089 49 166.0
343 2.0 3.36734693877551 16.0 1.9439422739952592 49 165.0
344 2.0 3.4081632653061225 11.0 1.352749782032553 49 167.0
345 2.0 3.387755102040816 16.0 2.0084854008536346 49 166.0
346 2.0 3.326530612244898 16.0 1.9620116706886253 49 163.0
347 2.0 3.387755102040816 16.0 1.9452541236152636 49 166.0
348 2.0 3.387755102040816 16.0 1.955934628792295 49 166.0
349 2.0 3.2857142857142856 10.0 1.2583057392117916 49 161.0
350 2.0 4.26530612244898 46.0 6.389364568706086 49 209.0
351 2.0 3.4693877551020407 16.0 2.062583743919328 49 170.0
352 2.0 3.4693877551020407 16.0 2.0217776915411854 49 170.0
353 2.0 3.3469387755102042 11.0 1.4655917520487989 49 164.0
354 3.0 3.5102040816326534 16.0 2.0012751037317007 49 172.0
355 2.0 3.4081632653061225 16.0 1.978197489160891 49 167.0
356 2.0 3.4897959183673466 16.0 2.021987975767825 49 171.0
357 3.0 3.5306122448979593 16.0 2.0826869745628116 49 173.0
358 2.0 3.3469387755102042 10.0 1.2998560883190626 49 164.0
359 2.0 3.4693877551020407 16.0 2.011446834332675 49 170.0
360 2.0 3.4693877551020407 16.0 2.021777691541186 49 170.0
361 3.0 3.4897959183673466 16.0 2.042490809644685 49 171.0
362 3.0 3.5102040816326534 16.0 1.9697974618768115 49 172.0
363 2.0 3.4081632653061225 11.0 1.3527497820325523 49 167.0
364 2.0 3.5510204081632653 16.0 2.0213570574595408 49 174.0
365 3.0 3.5306122448979593 16.0 1.9695816054889075 49 173.0
366 3.0 3.4489795918367347 16.0 1.94787517235444 49 169.0
367 3.0 3.5306122448979593 16.0 1.9801308965184423 49 173.0
368 3.0 3.591836734693877 16.0 1.9887010767807995 49 176.0
369 2.0 3.306122448979592 11.0 1.310281166274581 49 162.0
370 2.0 3.4693877551020407 16.0 1.9589755062311538 49 170.0
371 2.0 3.5306122448979593 16.0 2.0010626428676 49 173.0
372 3.0 3.4693877551020407 16.0 1.9483116709979795 49 170.0
373 3.0 3.4693877551020407 16.0 1.9483116709979795 49 170.0
374 2.0 3.5306122448979593 17.0 2.132115936657041 49 173.0
375 3.0 3.36734693877551 10.0 1.167152474169156 49 165.0
376 2.0 3.4285714285714284 16.0 1.9578900207451193 49 168.0
377 3.0 3.4897959183673466 16.0 1.9803456030407927 49 171.0
378 3.0 3.5102040816326534 16.0 1.9485298836515175 49 172.0
379 3.0 3.4897959183673466 17.0 2.07286485509379 49 171.0
380 3.0 3.5714285714285716 16.0 2.0103896803024712 49 175.0
381 3.0 3.4285714285714284 10.0 1.1902380714238086 49 168.0
382 3.0 3.591836734693877 17.0 2.080848858708655 49 176.0
383 3.0 3.5510204081632653 16.0 1.9901970640470488 49 174.0
384 3.0 3.795918367346939 16.0 2.1309191271680414 49 186.0
385 3.0 3.5510204081632653 16.0 2.011024039407492 49 174.0
386 3.0 3.5510204081632657 17.0 2.0722494268487135 49 174.0
387 3.0 3.5102040816326534 16.0 1.9803456030407915 49 172.0
388 3.0 3.714285714285714 22.0 2.7537852736430497 49 182.0
389 3.0 3.5306122448979593 16.0 1.9801308965184423 49 173.0
390 3.0 3.4897959183673466 16.0 1.9378085666072211 49 171.0
391 3.0 3.387755102040816 10.0 1.1693361102674928 49 166.0
392 3.0 3.5102040816326534 17.0 2.1126844000346248 49 172.0
393 3.0 3.4693877551020407 16.0 1.9375891465117863 49 170.0
394 3.0 3.4897959183673466 16.0 1.9803456030407927 49 171.0
395 3.0 3.63265306122449 17.0 2.0685530122831897 49 178.0
396 3.0 3.5306122448979593 16.0 1.9375891465117843 49 173.0
397 3.0 3.4693877551020407 16.0 1.9801308965184445 49 170.0
398 2.0 3.3877551020408165 11.0 1.3041013273932527 49 166.0
399 3.0 3.5918367346938775 16.0 1.9781974891608887 49 176.0
400 3.0 3.5714285714285716 16.0 1.9364916731037094 49 175.0
401 3.0 4.204081632653061 36.0 5.041410152579395 49 206.0
402 3.0 3.4897959183673466 17.0 2.07286485509379 49 171.0
403 3.0 3.5714285714285716 16.0 1.9790570145063209 49 175.0
404 3.0 3.63265306122449 16.0 1.9331955146749102 49 178.0
405 2.0 3.4693877551020407 16.0 1.9483116709979793 49 170.0
406 3.0 3.387755102040816 11.0 1.3511773651556052 49 166.0
407 3.0 3.4285714285714284 16.0 1.936491673103706 49 168.0
408 2.0 3.4897959183673466 16.0 1.9908378573228074 49 171.0
409 3.0 3.5306122448979593 17.0 2.0726597326495564 49 173.0
410 3.0 3.5714285714285716 16.0 1.9364916731037096 49 175.0
411 3.0 3.5102040816326534 16.0 1.9803456030407915 49 172.0
412 3.0 3.5306122448979593 16.0 1.937589146511784 49 173.0
413 3.0 3.4897959183673466 17.0 2.112684400034626 49 171.0
414 2.0 3.4693877551020407 10.0 1.1920228048770463 49 170.0
415 3.0 3.5918367346938775 17.0 2.1106709769144767 49 176.0
416 3.0 3.5306122448979593 16.0 1.9375891465117843 49 173.0
417 3.0 3.5510204081632653 16.0 1.9371502317600875 49 174.0
418 3.0 3.5510204081632657 16.0 1.9797014136164124 49 174.0
419 3.0 3.4897959183673466 17.0 2.07286485509379 49 171.0
420 3.0 3.5918367346938775 16.0 1.978197489160889 49 176.0
421 2.0 3.4897959183673466 16.0 1.9485298836515184 49 171.0
422 3.0 3.612244897959184 17.0 2.1096635447646244 49 177.0
423 3.0 3.489795918367347 10.0 1.2603314540824804 49 171.0
424 3.0 3.5102040816326534 16.0 1.9378085666072202 49 172.0
425 2.0 3.5510204081632653 17.0 2.121921539644706 49 174.0
426 3.0 3.612244897959184 16.0 1.934514651992977 49 177.0
427 3.0 3.5102040816326534 16.0 1.9803456030407915 49 172.0
428 3.0 3.4897959183673466 17.0 2.07286485509379 49 171.0
429 2.0 3.5918367346938775 16.0 1.9887010767807995 49 176.0
430 3.0 3.4693877551020407 16.0 1.937589146511786 49 170.0
431 3.0 3.5510204081632657 16.0 1.9797014136164124 49 174.0
432 3.0 3.4081632653061225 11.0 1.2896764346619853 49 167.0
433 2.0 3.5306122448979593 16.0 1.9483116709979773 49 173.0
434 2.0 3.4897959183673466 16.0 1.9908378573228074 49 171.0
435 3.0 3.5714285714285716 17.0 2.07163381577601 49 175.0
436 3.0 3.5918367346938775 16.0 1.9781974891608889 49 176.0
437 2.0 3.5102040816326534 16.0 1.9908378573228065 49 172.0
438 3.0 3.4489795918367347 16.0 1.9371502317600904 49 169.0
439 3.0 3.5510204081632653 17.0 2.1120805746328646 49 174.0
440 3.0 3.4081632653061225 10.0 1.171152696899846 49 167.0
441 2.0 3.5102040816326534 16.0 1.9485298836515175 49 172.0
442 3.0 3.5714285714285716 17.0 2.1114765765533225 49 175.0
443 3.0 3.4081632653061225 16.0 1.935613246352635 49 167.0
444 3.0 3.63265306122449 16.0 1.97583186648709 49 178.0
445 2.0 3.4897959183673466 17.0 2.082891109527732 49 171.0
446 3.0 3.5510204081632653 16.0 1.9797014136164137 49 174.0
447 3.0 3.4693877551020407 16.0 1.937589146511786 49 170.0
448 3.0 3.612244897959184 17.0 2.1096635447646244 49 177.0
449 3.0 5.632653061224491 108.0 14.98011720797357 49 276.0
450 3.0 3.5306122448979593 16.0 1.937589146511784 49 173.0
451 3.0 3.63265306122449 17.0 2.108453990793379 49 178.0
452 2.0 3.5102040816326534 16.0 1.9908378573228065 49 172.0
453 3.0 3.5306122448979593 16.0 1.937589146511784 49 173.0
454 3.0 3.5714285714285716 13.0 1.5942605391424154 49 175.0
455 3.0 3.4693877551020407 17.0 2.0726597326495586 49 170.0
456 2.0 3.591836734693877 16.0 1.9887010767807995 49 176.0
457 3.0 3.5918367346938775 16.0 1.9356132463526328 49 176.0
458 3.0 3.63265306122449 17.0 2.1183118037624187 49 178.0
459 3.0 3.36734693877551 10.0 1.2364916354855977 49 165.0
460 3.0 3.591836734693877 17.0 2.070812716332031 49 176.0
461 2.0 3.4897959183673466 16.0 1.9908378573228074 49 171.0
462 3.0 3.5918367346938775 16.0 1.9356132463526328 49 176.0
463 3.0 3.5102040816326534 17.0 2.1126844000346248 49 172.0
464 3.0 3.5306122448979593 16.0 1.9375891465117843 49 173.0
465 2.0 3.7142857142857144 16.0 2.254624876411447 49 182.0
466 3.0 3.6530612244897958 17.0 2.0671137326411095 49 179.0
467 3.0 3.5102040816326534 16.0 1.9803456030407915 49 172.0
468 3.0 3.612244897959184 16.0 1.9876318250895564 49 177.0
469 2.0 3.5918367346938775 17.0 2.080848858708655 49 176.0
470 3.0 3.510204081632653 10.0 1.2436915644495603 49 172.0
471 3.0 3.612244897959184 16.0 1.9771225570111164 49 177.0
472 3.0 3.63265306122449 17.0 2.108453990793379 49 178.0
473 3.0 3.63265306122449 16.0 1.9331955146749102 49 178.0
474 3.0 3.5918367346938775 17.0 2.1106709769144767 49 176.0
475 2.0 3.5714285714285716 16.0 1.9472202409246546 49 175.0
476 3.0 3.63265306122449 16.0 1.97583186648709 49 178.0
477 3.0 3.591836734693877 17.0 2.1106709769144767 49 176.0
478 3.0 3.63265306122449 16.0 1.9331955146749102 49 178.0
479 3.0 4.591836734693878 28.0 4.864490241137556 49 225.0
480 3.0 3.693877551020408 16.0 2.0331019161273103 49 181.0
481 3.0 3.5714285714285716 16.0 1.9685019685029546 49 175.0
482 3.0 3.673469387755102 17.0 2.1349058829961822 49 180.0
483 3.0 3.5714285714285716 10.0 1.2247448713915883 49 175.0
484 3.0 3.7346938775510203 17.0 2.1289229495616007 49 183.0
485 3.0 3.816326530612245 16.0 2.007003045461016 49 187.0
486 3.0 3.5714285714285716 16.0 1.9685019685029541 49 175.0
487 3.0 3.673469387755102 17.0 2.1152989849944084 49 180.0
488 3.0 3.673469387755102 16.0 2.0040350452487203 49 180.0
489 3.0 3.6530612244897958 16.0 1.942410662983876 49 179.0
490 3.0 3.5306122448979593 17.0 2.112483144077982 49 173.0
491 3.0 3.7551020408163263 16.0 1.9314352634429013 49 184.0
492 3.0 3.63265306122449 16.0 1.9863479632965932 49 178.0
493 3.0 3.63265306122449 17.0 2.1183118037624187 49 178.0
494 3.0 3.673469387755102 16.0 1.9298937265866154 49 180.0
495 3.0 3.4489795918367347 11.0 1.3549481000176709 49 169.0
496 3.0 3.5714285714285716 16.0 1.947220240924655 49 175.0
497 3.0 3.63265306122449 16.0 1.97583186648709 49 178.0
498 3.0 3.5510204081632653 17.0 2.0722494268487144 49 174.0
499 3.0 3.4897959183673466 16.0 1.9803456030407927 49 171.0
500 3.0 3.5102040816326534 16.0 1.9378085666072202 49 172.0
501 3.0 3.7142857142857144 16.0 1.968501968502953 49 182.0
502 3.0 3.673469387755102 17.0 2.105427065764024 49 180.0
503 3.0 3.5918367346938775 16.0 1.9356132463526328 49 176.0
504 3.0 3.591836734693877 17.0 2.1106709769144767 49 176.0
505 3.0 4.102040816326531 39.0 5.2251192090036875 49 201.0
506 3.0 3.591836734693877 17.0 2.1106709769144767 49 176.0
507 3.0 3.612244897959184 16.0 1.9771225570111162 49 177.0
508 3.0 3.5918367346938775 16.0 1.9356132463526328 49 176.0
509 3.0 3.714285714285714 17.0 2.160246899469287 49 182.0
510 3.0 3.612244897959184 16.0 1.9665571282766001 49 177.0
511 3.0 3.5510204081632653 16.0 1.9797014136164137 49 174.0
512 3.0 3.5714285714285716 17.0 2.07163381577601 49 175.0
513 3.0 3.673469387755102 16.0 2.0349831602706305 49 180.0
514 3.0 6.877551020408164 160.0 22.42639131048249 49 337.0
515 3.0 3.673469387755102 17.0 2.1251250463408127 49 180.0
516 3.0 3.489795918367347 10.0 1.243691564449559 49 171.0
517 2.0 3.612244897959184 17.0 2.089819834046827 49 177.0
518 3.0 3.5714285714285716 14.0 1.7199806200458578 49 175.0
519 3.0 3.5510204081632653 16.0 1.9797014136164137 49 174.0
520 3.0 3.612244897959184 16.0 1.9876318250895564 49 177.0
521 3.0 3.63265306122449 17.0 2.0685530122831897 49 178.0
522 2.0 3.5510204081632653 16.0 1.990197064047049 49 174.0
523 3.0 3.5510204081632653 16.0 1.9371502317600873 49 174.0
524 3.0 3.63265306122449 17.0 2.108453990793379 49 178.0
525 3.0 3.63265306122449 16.0 1.97583186648709 49 178.0
526 2.0 3.4693877551020407 16.0 1.9483116709979793 49 170.0
527 3.0 3.6530612244897958 17.0 2.1070419669147853 49 179.0
528 3.0 3.489795918367347 9.0 1.1387575279588684 49 171.0
529 3.0 3.5510204081632653 16.0 1.9797014136164137 49 174.0
530 3.0 3.673469387755102 16.0 1.9406587702594809 49 180.0
531 3.0 3.612244897959184 17.0 2.1096635447646244 49 177.0
532 3.0 3.5306122448979593 16.0 1.937589146511784 49 173.0
533 3.0 3.591836734693877 16.0 2.0404081224408133 49 176.0
534 3.0 3.7551020408163263 17.0 2.1653580558891603 49 184.0
535 3.0 3.714285714285714 16.0 1.9895560643855539 49 182.0
536 3.0 3.612244897959184 16.0 1.9771225570111164 49 177.0
537 3.0 3.5306122448979593 17.0 2.072659732649556 49 173.0
538 3.0 3.5918367346938775 16.0 1.9781974891608889 49 176.0
539 3.0 3.6530612244897958 16.0 1.9743249944407482 49 179.0
540 3.0 3.387755102040816 11.0 1.2880270204627606 49 166.0
541 3.0 3.795918367346939 17.0 2.0914467862854993 49 186.0
542 3.0 3.5714285714285716 16.0 1.9364916731037096 49 175.0
543 3.0 3.5918367346938775 16.0 1.9781974891608889 49 176.0
544 3.0 3.63265306122449 17.0 2.1183118037624187 49 178.0
545 3.0 3.5102040816326534 16.0 1.9378085666072202 49 172.0
546 3.0 3.693877551020408 16.0 1.9706606509900533 49 181.0
547 3.0 3.63265306122449 17.0 2.0685530122831897 49 178.0
548 3.0 3.5918367346938775 16.0 1.9781974891608889 49 176.0
549 3.0 3.5714285714285716 16.0 1.9790570145063209 49 175.0
550 3.0 3.63265306122449 17.0 2.078600065258472 49 178.0
551 3.0 3.673469387755102 16.0 1.9726014454483807 49 180.0
552 2.0 3.714285714285714 17.0 2.1114765765533217 49 182.0
553 2.0 3.5714285714285716 16.0 1.9472202409246546 49 175.0
554 3.0 3.5918367346938775 16.0 1.9887010767807995 49 176.0
555 3.0 3.6530612244897958 11.0 1.3470804914110128 49 179.0
556 3.0 3.6530612244897958 16.0 1.9743249944407482 49 179.0
557 3.0 3.693877551020408 17.0 2.1036088201058694 49 181.0
558 3.0 3.6530612244897958 16.0 1.9743249944407482 49 179.0
559 3.0 3.693877551020408 17.0 2.0736851419700164 49 181.0
560 2.0 3.7346938775510203 16.0 1.9766924204767082 49 183.0
561 3.0 3.6530612244897958 17.0 2.1070419669147853 49 179.0
562 3.0 3.7346938775510203 16.0 1.9661246803047359 49 183.0
563 3.0 3.7346938775510203 17.0 2.0993601227921967 49 183.0
564 3.0 3.7346938775510203 16.0 1.9340750395223554 49 183.0
565 3.0 3.7755102040816326 17.0 2.09429091144681 49 185.0
566 3.0 3.7142857142857144 16.0 1.9685019685029532 49 182.0
567 3.0 3.816326530612245 17.0 2.098347260224054 49 187.0
568 3.0 3.7142857142857144 17.0 2.111476576553321 49 182.0
569 3.0 3.63265306122449 16.0 1.9331955146749102 49 178.0
570 3.0 3.775510204081633 17.0 2.09429091144681 49 185.0
571 2.0 3.7755102040816326 17.0 2.104215076563082 49 185.0
572 3.0 3.7142857142857144 16.0 1.9790570145063198 49 182.0
573 3.0 3.7346938775510203 17.0 2.0993601227921967 49 183.0
574 3.0 3.7551020408163263 16.0 1.9206185228212507 49 184.0
575 3.0 4.612244897959184 46.0 6.389497654128128 49 226.0
576 3.0 3.7346938775510203 16.0 1.9766924204767078 49 183.0
577 3.0 3.7551020408163263 17.0 2.096928430714176 49 184.0
578 3.0 3.8979591836734695 16.0 1.9391245657854619 49 191.0
579 3.0 3.693877551020408 17.0 2.0736851419700164 49 181.0
580 3.0 3.7142857142857144 16.0 1.9685019685029532 49 182.0
581 3.0 3.8571428571428568 17.0 2.0816659994661326 49 189.0
582 3.0 3.6530612244897958 16.0 1.9743249944407482 49 179.0
583 3.0 3.8571428571428568 17.0 2.0916500663351885 49 189.0
584 2.0 3.693877551020408 17.0 2.113489232216212 49 181.0
585 3.0 3.693877551020408 16.0 1.9706606509900533 49 181.0
586 3.0 3.816326530612245 17.0 2.0481034864372596 49 187.0
587 3.0 3.673469387755102 16.0 1.983134672494964 49 180.0
588 3.0 3.7755102040816326 17.0 2.0942909114468105 49 185.0
589 3.0 3.673469387755102 16.0 1.9726014454483807 49 180.0
590 3.0 3.816326530612245 17.0 2.0883952111186055 49 187.0
591 3.0 3.63265306122449 16.0 1.9439422739952588 49 178.0
592 3.0 3.7142857142857144 17.0 2.101586702153082 49 182.0
593 3.0 3.7346938775510203 16.0 1.9661246803047363 49 183.0
594 3.0 3.693877551020408 17.0 2.1036088201058694 49 181.0
595 3.0 3.6530612244897958 16.0 1.942410662983876 49 179.0
596 3.0 3.7346938775510203 17.0 2.0993601227921963 49 183.0
597 3.0 3.7142857142857144 16.0 1.9685019685029532 49 182.0
598 3.0 3.63265306122449 16.0 1.97583186648709 49 178.0
599 3.0 3.816326530612245 17.0 2.0883952111186055 49 187.0
600 2.0 3.693877551020408 17.0 2.0837074494021164 49 181.0
601 3.0 3.7346938775510203 16.0 1.9661246803047359 49 183.0
602 3.0 3.7142857142857144 17.0 2.101586702153082 49 182.0
603 3.0 3.816326530612245 17.0 2.0883952111186055 49 187.0
604 3.0 3.693877551020408 16.0 1.9812041964490201 49 181.0
605 3.0 3.7346938775510203 17.0 2.0592829476551784 49 183.0
606 3.0 3.8571428571428568 16.0 2.29128784747792 49 189.0
607 3.0 3.7755102040816326 17.0 2.153149883721222 49 185.0
608 3.0 3.714285714285714 17.0 2.1015867021530825 49 182.0
609 3.0 3.775510204081633 16.0 1.9607110330444015 49 185.0
610 3.0 3.795918367346939 17.0 2.1013843833365207 49 186.0
611 3.0 3.673469387755102 16.0 1.9726014454483807 49 180.0
612 2.0 3.7551020408163263 17.0 2.0669080394486388 49 184.0
613 3.0 3.693877551020408 16.0 1.9706606509900533 49 181.0
614 3.0 3.7142857142857144 17.0 2.111476576553321 49 182.0
615 3.0 3.795918367346939 17.0 2.0914467862854993 49 186.0
616 3.0 3.7755102040816326 16.0 1.9607110330444015 49 185.0
617 3.0 3.673469387755102 17.0 2.105427065764024 49 180.0
618 3.0 3.8571428571428568 16.0 1.9578900207451213 49 189.0
619 3.0 3.7346938775510203 17.0 2.0993601227921963 49 183.0
620 3.0 3.7142857142857144 17.0 2.101586702153082 49 182.0
621 3.0 3.8979591836734695 16.0 1.9498386467344735 49 191.0
622 3.0 3.63265306122449 17.0 2.108453990793379 49 178.0
623 3.0 3.693877551020408 16.0 1.927909939466539 49 181.0
624 3.0 3.9591836734693877 17.0 2.0712233067427954 49 194.0
625 3.0 3.7551020408163263 22.0 2.7803672737375407 49 184.0
626 3.0 3.836734693877551 17.0 2.085135275143139 49 188.0
627 2.0 3.795918367346939 16.0 1.9788421681707238 49 186.0
628 3.0 3.673469387755102 17.0 2.1152989849944084 49 180.0
629 3.0 3.8775510204081636 17.0 2.077986335586536 49 190.0
630 2.0 3.7142857142857144 16.0 1.97905701450632 49 182.0
631 3.0 3.693877551020408 17.0 2.113489232216212 49 181.0
632 3.0 3.816326530612245 16.0 2.007003045461016 49 187.0
633 3.0 3.857142857142857 17.0 2.0816659994661326 49 189.0
634 3.0 3.7346938775510203 17.0 2.1092604371761996 49 183.0
635 3.0 3.795918367346939 16.0 1.957672851422647 49 186.0
636 3.0 3.836734693877551 17.0 2.085135275143139 49 188.0
637 3.0 3.816326530612245 17.0 2.1763259309724554 49 187.0
638 3.0 3.918367346938775 17.0 2.080031396937292 49 192.0
639 3.0 3.816326530612245 16.0 1.9544124158315355 49 187.0
640 3.0 3.8571428571428568 16.0 1.914854215512676 49 189.0
641 3.0 3.7346938775510203 17.0 2.059282947655178 49 183.0
642 3.0 3.7755102040816326 16.0 1.9607110330444015 49 185.0
643 3.0 3.8571428571428568 17.0 2.0916500663351885 49 189.0
644 3.0 3.795918367346939 17.0 2.0914467862854993 49 186.0
645 3.0 3.8979591836734695 16.0 1.9391245657854619 49 191.0
646 3.0 3.7142857142857144 17.0 2.1114765765533217 49 182.0
647 3.0 3.9591836734693877 17.0 2.061140295983729 49 194.0
648 3.0 3.938775510204082 22.0 2.7719439874188927 49 193.0
649 3.0 3.9183673469387754 17.0 2.0699912911841523 49 192.0
650 3.0 3.816326530612245 17.0 2.0883952111186055 49 187.0
651 3.0 3.8979591836734695 16.0 1.9498386467344735 49 191.0
652 3.0 3.938775510204082 17.0 2.0757344409600575 49 193.0
653 2.0 3.857142857142857 17.0 2.1015867021530816 49 189.0
654 3.0 3.836734693877551 17.0 2.134507542497704 49 188.0
655 3.0 4.020408163265306 16.0 1.920175728919614 49 197.0
656 3.0 3.8571428571428568 17.0 2.1015867021530816 49 189.0
657 3.0 4.061224489795919 17.0 2.095711526599283 49 199.0
658 3.0 3.918367346938775 23.0 2.907151632138388 49 192.0
659 3.0 4.081632653061225 16.0 1.9130770882476822 49 200.0
660 3.0 3.795918367346939 17.0 2.1013843833365202 49 186.0
661 3.0 4.081632653061225 17.0 2.0800313969372906 49 200.0
662 3.0 3.8979591836734695 17.0 2.0940878877527216 49 191.0
663 3.0 4.183673469387755 16.0 2.1181110825032587 49 205.0
664 3.0 3.8775510204081636 16.0 1.9432860170900457 49 190.0
665 3.0 3.9183673469387754 17.0 2.099967605840203 49 192.0
666 3.0 4.0 17.0 2.0615528128088303 49 196.0
667 3.0 3.836734693877551 17.0 2.095102809485234 49 188.0
668 3.0 4.081632653061225 22.0 2.7449706638829885 49 200.0
669 3.0 5.285714285714286 87.0 11.94431524477927 49 259.0
670 3.0 3.7755102040816326 8.0 0.8481672919312799 49 185.0
671 3.0 3.63265306122449 8.0 0.8340133280065236 49 178.0
672 3.0 17.244897959183675 659.0 93.60723142743942 49 845.0
673 3.0 3.5918367346938775 8.0 0.8144110179279554 49 176.0
674 3.0 3.7346938775510203 8.0 0.8360499936228302 49 183.0
675 3.0 3.5306122448979593 8.0 0.8441475191064685 49 173.0
676 2.0 3.6530612244897958 8.0 0.8551564283841891 49 179.0
677 3.0 3.5306122448979593 8.0 0.8441475191064687 49 173.0
678 3.0 3.7142857142857144 8.0 0.816496580927726 49 182.0
679 3.0 3.5918367346938775 8.0 0.8640593957916214 49 176.0
680 3.0 3.6530612244897958 8.0 0.8049591192560459 49 179.0
681 3.0 3.612244897959184 8.0 0.8370664681546165 49 177.0
682 3.0 3.693877551020408 9.0 0.9618576131773406 49 181.0
683 3.0 3.63265306122449 8.0 0.8086479856067477 49 178.0
684 3.0 3.5714285714285716 9.0 0.9789450103725607 49 175.0
685 3.0 3.7346938775510203 8.0 0.810748373522925 49 183.0
686 3.0 3.5510204081632653 8.0 0.843139581410751 49 174.0
687 3.0 3.7142857142857144 8.0 0.8164965809277259 49 182.0
688 3.0 3.489795918367347 8.0 0.8196149751456432 49 171.0
689 3.0 3.5918367346938775 7.0 0.7615326472247366 49 176.0
690 3.0 3.5918367346938775 8.0 0.8144110179279554 49 176.0
691 3.0 3.5918367346938775 8.0 0.8396022705954976 49 176.0
692 3.0 3.7551020408163267 8.0 0.8786972422498066 49 184.0
693 3.0 3.4693877551020407 8.0 0.8441475191064685 49 170.0
694 3.0 3.6530612244897958 8.0 0.830437144123585 49 179.0
695 3.0 3.5918367346938775 8.0 0.8640593957916214 49 176.0
696 3.0 3.5714285714285716 8.0 0.8897565210026089 49 175.0
697 3.0 3.6530612244897958 8.0 0.8049591192560459 49 179.0
698 3.0 3.489795918367347 8.0 0.8689660757568889 49 171.0
699 3.0 3.63265306122449 8.0 0.8086479856067477 49 178.0
700 3.0 3.5510204081632653 8.0 0.843139581410751 49 174.0
701 3.0 3.5918367346938775 8.0 0.8396022705954977 49 176.0
702 3.0 3.5918367346938775 8.0 0.8396022705954977 49 176.0
703 3.0 3.693877551020408 8.0 0.8466621136521212 49 181.0
704 3.0 3.5510204081632653 8.0 0.8180572639337848 49 174.0
705 3.0 3.63265306122449 8.0 0.858629662869379 49 178.0
706 3.0 3.5918367346938775 8.0 0.8396022705954976 49 176.0
707 3.0 3.7142857142857144 8.0 0.816496580927726 49 182.0
708 3.0 3.5714285714285716 9.0 0.9354143466934852 49 175.0
709 3.0 3.673469387755102 8.0 0.8753036402215142 49 180.0
710 3.0 3.693877551020408 8.0 0.7959292690688944 49 181.0
711 3.0 3.63265306122449 8.0 0.9058577323688952 49 178.0
712 3.0 3.693877551020408 8.0 0.8466621136521214 49 181.0
713 3.0 3.6122448979591835 8.0 0.8370664681546163 49 177.0
714 3.0 3.6530612244897958 8.0 0.804959119256046 49 179.0
715 3.0 3.6122448979591835 8.0 0.8615955772724869 49 177.0
716 3.0 3.63265306122449 8.0 0.8340133280065236 49 178.0
717 3.0 3.673469387755102 8.0 0.8007224628952494 49 180.0
718 3.0 3.5510204081632653 8.0 0.8674969858207938 49 174.0
719 3.0 3.7346938775510203 8.0 0.810748373522925 49 183.0
720 3.0 3.673469387755102 8.0 0.851169663415213 49 180.0
721 3.0 3.612244897959184 8.0 0.8370664681546165 49 177.0
722 3.0 3.7142857142857144 8.0 0.8164965809277259 49 182.0
723 3.0 3.5510204081632653 8.0 0.843139581410751 49 174.0
724 3.0 3.5714285714285716 8.0 0.8416254115301732 49 175.0
725 3.0 3.5918367346938775 8.0 0.8640593957916214 49 176.0
726 3.0 3.63265306122449 8.0 0.8086479856067477 49 178.0
727 3.0 3.5510204081632653 8.0 0.8431395814107511 49 174.0
728 3.0 3.63265306122449 8.0 0.8340133280065237 49 178.0
729 3.0 3.7551020408163267 8.0 0.8546590997998841 49 184.0
730 3.0 3.5510204081632653 8.0 0.8180572639337849 49 174.0
731 3.0 3.7142857142857144 8.0 0.841625411530173 49 182.0
732 3.0 3.5714285714285716 8.0 0.8164965809277263 49 175.0
733 3.0 3.7346938775510203 9.0 0.9525297502808335 49 183.0
734 3.0 4.040816326530613 25.0 3.16859053624708 49 198.0
735 3.0 3.6530612244897958 8.0 0.830437144123585 49 179.0
736 3.0 3.5510204081632653 8.0 0.8180572639337848 49 174.0
737 3.0 3.510204081632653 8.0 0.8446510369079412 49 172.0
738 3.0 3.6122448979591835 8.0 0.8370664681546163 49 177.0
739 3.0 3.5918367346938775 8.0 0.8396022705954976 49 176.0
740 3.0 3.5918367346938775 8.0 0.8396022705954976 49 176.0
741 3.0 3.5510204081632653 8.0 0.8180572639337849 49 174.0
742 3.0 3.693877551020408 8.0 0.8466621136521213 49 181.0
743 3.0 3.5918367346938775 8.0 0.8396022705954977 49 176.0
744 3.0 3.7346938775510203 8.0 0.8360499936228304 49 183.0
745 3.0 3.5918367346938775 8.0 0.8396022705954976 49 176.0
746 3.0 3.6122448979591835 8.0 0.8370664681546163 49 177.0
747 3.0 3.6530612244897958 8.0 0.830437144123585 49 179.0
748 3.0 3.3877551020408165 8.0 0.8370664681546162 49 166.0
749 3.0 3.795918367346939 8.0 0.8159756899139905 49 186.0
750 3.0 3.5510204081632653 8.0 0.8180572639337849 49 174.0
751 3.0 3.693877551020408 8.0 0.8709210075319945 49 181.0
752 3.0 3.489795918367347 8.0 0.8196149751456432 49 171.0
753 3.0 3.6122448979591835 8.0 0.8370664681546163 49 177.0
754 3.0 3.6122448979591835 8.0 0.8117965295824913 49 177.0
755 3.0 3.693877551020408 8.0 0.8466621136521212 49 181.0
756 3.0 3.489795918367347 8.0 0.8196149751456432 49 171.0
757 3.0 3.63265306122449 9.0 0.9285714285714285 49 178.0
758 3.0 3.6122448979591835 8.0 0.8615955772724868 49 177.0
759 3.0 3.5714285714285716 8.0 0.841625411530173 49 175.0
760 3.0 3.6530612244897958 8.0 0.830437144123585 49 179.0
761 3.0 3.489795918367347 8.0 0.8196149751456432 49 171.0
762 3.0 3.7346938775510203 8.0 0.83604999362283 49 183.0
763 3.0 3.673469387755102 8.0 0.8263311256703941 49 180.0
764 3.0 3.5510204081632653 8.0 0.8431395814107511 49 174.0
765 3.0 3.7346938775510203 8.0 0.8107483735229248 49 183.0
766 3.0 3.63265306122449 8.0 0.8586296628693788 49 178.0
767 3.0 3.693877551020408 8.0 0.8466621136521213 49 181.0
768 3.0 3.7142857142857144 9.0 0.9354143466934853 49 182.0
769 3.0 3.7346938775510203 8.0 0.8360499936228302 49 183.0
770 3.0 3.673469387755102 8.0 0.8511696634152132 49 180.0
771 3.0 3.5918367346938775 8.0 0.8144110179279554 49 176.0
772 3.0 3.7142857142857144 8.0 0.841625411530173 49 182.0
773 3.0 3.673469387755102 8.0 0.8007224628952494 49 180.0
774 3.0 3.7346938775510203 8.0 0.8360499936228303 49 183.0
775 3.0 3.673469387755102 9.0 0.9440108381713813 49 180.0
776 3.0 6.408163265306125 138.0 19.208199602586124 49 314.0
777 3.0 3.5918367346938775 8.0 0.8396022705954976 49 176.0
778 3.0 3.836734693877551 8.0 0.7996597916069844 49 188.0
779 3.0 3.5510204081632653 8.0 0.8180572639337849 49 174.0
780 3.0 3.7142857142857144 8.0 0.9128709291752768 49 182.0
781 3.0 3.6530612244897958 8.0 0.804959119256046 49 179.0
782 3.0 3.6530612244897958 8.0 0.855156428384189 49 179.0
783 3.0 3.6530612244897958 8.0 0.830437144123585 49 179.0
784 3.0 3.5714285714285716 9.0 0.9574271077563378 49 175.0
785 3.0 3.63265306122449 8.0 0.8086479856067477 49 178.0
786 3.0 3.612244897959184 8.0 0.8615955772724868 49 177.0
787 3.0 3.693877551020408 8.0 0.821687329844638 49 181.0
788 3.0 3.63265306122449 8.0 0.858629662869379 49 178.0
789 3.0 3.5714285714285716 8.0 0.8416254115301732 49 175.0
790 3.0 3.6122448979591835 8.0 0.8117965295824913 49 177.0
791 3.0 3.4693877551020407 9.0 0.9596449173246007 49 170.0
792 3.0 3.63265306122449 8.0 0.8340133280065236 49 178.0
793 3.0 3.612244897959184 8.0 0.8370664681546165 49 177.0
794 3.0 3.5510204081632653 8.0 0.8674969858207938 49 174.0
795 3.0 3.5510204081632653 8.0 0.8180572639337849 49 174.0
796 3.0 3.5714285714285716 8.0 0.8416254115301732 49 175.0
797 3.0 3.5510204081632653 8.0 0.8431395814107508 49 174.0
798 3.0 3.5918367346938775 8.0 0.8396022705954976 49 176.0
799 3.0 3.5714285714285716 7.0 0.7071067811865478 49 175.0
800 3.0 3.5714285714285716 9.0 0.9789450103725605 49 175.0
801 3.0 3.5714285714285716 7.0 0.7359800721939874 49 175.0
802 3.0 3.693877551020408 9.0 0.9399486163405658 49 181.0
803 3.0 3.5306122448979593 8.0 0.8190960672271222 49 173.0
804 3.0 3.6530612244897958 8.0 0.830437144123585 49 179.0
805 3.0 3.673469387755102 8.0 0.8511696634152133 49 180.0
806 3.0 3.510204081632653 8.0 0.8446510369079412 49 172.0
807 3.0 3.7346938775510203 8.0 0.810748373522925 49 183.0
808 3.0 3.510204081632653 8.0 0.868966075756889 49 172.0
809 3.0 3.7551020408163267 8.0 0.8044307574536261 49 184.0
810 3.0 3.5714285714285716 8.0 0.8416254115301732 49 175.0
811 3.0 3.63265306122449 8.0 0.8340133280065237 49 178.0
812 3.0 3.63265306122449 8.0 0.8340133280065235 49 178.0
813 3.0 3.5510204081632653 9.0 0.9587584091286132 49 174.0
814 3.0 3.673469387755102 8.0 0.8511696634152133 49 180.0
815 3.0 3.5918367346938775 8.0 0.8144110179279554 49 176.0
816 3.0 3.5918367346938775 8.0 0.8396022705954976 49 176.0
817 3.0 3.693877551020408 8.0 0.8466621136521211 49 181.0
818 3.0 3.5918367346938775 8.0 0.8396022705954976 49 176.0
819 3.0 3.6530612244897958 8.0 0.8049591192560459 49 179.0
820 3.0 3.693877551020408 9.0 0.9618576131773409 49 181.0
821 3.0 3.6122448979591835 8.0 0.8117965295824913 49 177.0
822 3.0 3.63265306122449 8.0 0.8340133280065237 49 178.0
823 3.0 3.7142857142857144 8.0 0.8660254037844385 49 182.0
824 3.0 3.673469387755102 8.0 0.898789813722708 49 180.0
825 3.0 3.6530612244897958 8.0 0.804959119256046 49 179.0
826 3.0 4.571428571428572 46.0 6.0998633864483605 49 224.0
827 3.0 3.6530612244897958 9.0 0.9906020982245105 49 179.0
828 3.0 3.63265306122449 8.0 0.8340133280065237 49 178.0
829 3.0 3.6530612244897958 8.0 0.804959119256046 49 179.0
830 3.0 3.5510204081632653 8.0 0.8911889177244234 49 174.0
831 3.0 3.693877551020408 8.0 0.7959292690688943 49 181.0
832 3.0 3.5510204081632653 8.0 0.8674969858207939 49 174.0
833 3.0 3.7142857142857144 8.0 0.816496580927726 49 182.0
834 3.0 3.5306122448979593 8.0 0.8441475191064685 49 173.0
835 3.0 3.7551020408163263 8.0 0.829925002758732 49 184.0
836 3.0 3.510204081632653 8.0 0.8196149751456432 49 172.0
837 3.0 3.6122448979591835 8.0 0.8370664681546163 49 177.0
838 3.0 3.7346938775510203 8.0 0.810748373522925 49 183.0
839 3.0 3.5714285714285716 8.0 0.841625411530173 49 175.0
840 3.0 3.7346938775510203 8.0 0.8360499936228302 49 183.0
841 3.0 3.5918367346938775 8.0 0.8396022705954976 49 176.0
842 3.0 3.63265306122449 8.0 0.8086479856067477 49 178.0
843 3.0 3.63265306122449 8.0 0.8825596663262206 49 178.0
844 3.0 3.693877551020408 9.0 0.917516612761795 49 181.0
845 3.0 3.6122448979591835 8.0 0.8370664681546163 49 177.0
846 3.0 3.6530612244897958 8.0 0.830437144123585 49 179.0
847 3.0 3.612244897959184 9.0 0.9750283442592032 49 177.0
848 3.0 3.6530612244897958 8.0 0.830437144123585 49 179.0
849 3.0 3.63265306122449 9.0 0.9285714285714285 49 178.0
850 3.0 3.6530612244897958 8.0 0.855156428384189 49 179.0
851 3.0 3.5714285714285716 8.0 0.8164965809277263 49 175.0
852 3.0 3.6530612244897958 9.0 0.9693429993248706 49 179.0
853 3.0 3.63265306122449 8.0 0.8086479856067477 49 178.0
854 3.0 3.5306122448979593 8.0 0.8441475191064685 49 173.0
855 3.0 3.63265306122449 9.0 0.9507426384810193 49 178.0
856 3.0 3.693877551020408 8.0 0.8216873298446379 49 181.0
857 3.0 3.6530612244897958 8.0 0.855156428384189 49 179.0
858 3.0 3.5918367346938775 8.0 0.8144110179279554 49 176.0
859 3.0 3.6530612244897958 9.0 0.9693429993248707 49 179.0
860 3.0 3.5918367346938775 8.0 0.8144110179279554 49 176.0
861 3.0 3.63265306122449 8.0 0.8340133280065236 49 178.0
862 3.0 3.693877551020408 8.0 0.9175166127617947 49 181.0
863 3.0 3.6530612244897958 8.0 0.830437144123585 49 179.0
864 3.0 3.63265306122449 9.0 0.9507426384810193 49 178.0
865 3.0 3.63265306122449 8.0 0.8340133280065237 49 178.0
866 3.0 3.7142857142857144 8.0 0.841625411530173 49 182.0
867 3.0 3.5714285714285716 8.0 0.8416254115301732 49 175.0
868 3.0 3.612244897959184 8.0 0.8370664681546165 49 177.0
869 3.0 3.5510204081632653 8.0 0.8180572639337849 49 174.0
870 3.0 3.7551020408163267 9.0 0.9471582990912424 49 184.0
871 3.0 3.6530612244897958 8.0 0.830437144123585 49 179.0
872 3.0 3.6530612244897958 8.0 0.830437144123585 49 179.0
873 3.0 3.6530612244897958 8.0 0.830437144123585 49 179.0
874 3.0 3.6530612244897958 8.0 0.855156428384189 49 179.0
875 3.0 3.7755102040816326 8.0 1.0260219726864404 49 185.0
876 3.0 3.612244897959184 8.0 1.057046327639196 49 177.0
877 3.0 3.9183673469387754 9.0 1.1696996532920596 49 192.0
878 3.0 3.63265306122449 8.0 1.0546302185881002 49 178.0
879 3.0 3.857142857142857 8.0 1.0 49 189.0
880 3.0 3.63265306122449 9.0 1.1308897225750396 49 178.0
881 3.0 3.9183673469387754 9.0 1.076969797895109 49 192.0
882 3.0 3.795918367346939 10.0 1.3225542181188437 49 186.0
883 3.0 3.7551020408163263 10.0 1.2167342260620226 49 184.0
884 3.0 3.857142857142857 10.0 1.2247448713915896 49 189.0
885 3.0 3.7551020408163263 9.0 1.1278780268882869 49 184.0
886 3.0 3.7346938775510203 8.0 1.0363298663247789 49 183.0
887 3.0 3.795918367346939 9.0 1.098855310401365 49 186.0
888 3.0 3.857142857142857 8.0 1.0 49 189.0
889 3.0 3.7346938775510203 8.0 1.0562415720389917 49 183.0
890 3.0 3.7346938775510203 8.0 0.9304011277419008 49 183.0
891 3.0 3.6530612244897958 8.0 0.9693429993248706 49 179.0
892 3.0 4.040816326530612 13.0 1.6577995414789717 49 198.0
893 3.0 3.693877551020408 8.0 0.9618576131773409 49 181.0
894 3.0 3.7755102040816326 8.0 0.8481672919312803 49 185.0
895 3.0 3.7551020408163263 8.0 0.9901728015203953 49 184.0
896 3.0 3.7551020408163267 8.0 0.8786972422498066 49 184.0
897 3.0 3.693877551020408 8.0 0.8945222568652001 49 181.0
898 3.0 3.6122448979591835 9.0 1.0168645954315534 49 177.0
899 3.0 3.673469387755102 8.0 0.8263311256703941 49 180.0
900 3.0 3.6530612244897958 8.0 0.9253607496575608 49 179.0
901 3.0 3.63265306122449 8.0 0.8825596663262206 49 178.0
902 3.0 3.7142857142857144 8.0 0.8416254115301729 49 182.0
903 3.0 3.5714285714285716 8.0 0.9128709291752765 49 175.0
904 3.0 3.673469387755102 8.0 0.8263311256703941 49 180.0
905 3.0 3.6122448979591835 8.0 0.8117965295824913 49 177.0
906 3.0 3.5918367346938775 8.0 0.8640593957916214 49 176.0
907 3.0 3.612244897959184 8.0 0.8117965295824915 49 177.0
908 3.0 3.5510204081632653 8.0 0.8674969858207938 49 174.0
909 3.0 3.5510204081632653 8.0 0.8180572639337848 49 174.0
910 3.0 3.673469387755102 8.0 0.8511696634152132 49 180.0
911 3.0 3.5306122448979593 8.0 0.8441475191064682 49 173.0
912 3.0 3.6530612244897958 9.0 0.9476070829586856 49 179.0
913 3.0 3.63265306122449 8.0 0.8086479856067477 49 178.0
914 3.0 3.6122448979591835 8.0 0.8615955772724869 49 177.0
915 3.0 3.63265306122449 8.0 0.8340133280065237 49 178.0
916 3.0 3.612244897959184 8.0 0.8370664681546165 49 177.0
917 3.0 3.5918367346938775 8.0 0.8396022705954975 49 176.0
918 3.0 3.673469387755102 8.0 0.8263311256703941 49 180.0
919 3.0 3.5918367346938775 8.0 0.8396022705954975 49 176.0
920 3.0 3.7551020408163263 8.0 0.829925002758732 49 184.0
921 3.0 3.6122448979591835 9.0 0.9534220500083773 49 177.0
922 3.0 3.7551020408163263 8.0 0.8044307574536261 49 184.0
923 3.0 7.9387755102040805 222.0 31.22259342425056 49 389.0
924 3.0 3.7755102040816326 8.0 0.7709654694615321 49 185.0
925 3.0 3.5714285714285716 9.0 0.957427107756338 49 175.0
926 3.0 3.7346938775510203 8.0 0.8606080748537053 49 183.0
927 3.0 3.673469387755102 8.0 0.8007224628952494 49 180.0
928 3.0 3.63265306122449 8.0 0.8340133280065237 49 178.0
929 3.0 3.693877551020408 9.0 0.9399486163405657 49 181.0
930 3.0 3.693877551020408 8.0 0.8466621136521214 49 181.0
931 3.0 3.673469387755102 8.0 0.8263311256703939 49 180.0
932 3.0 3.7346938775510203 8.0 0.8107483735229248 49 183.0
933 3.0 3.5714285714285716 9.0 0.9789450103725607 49 175.0
934 3.0 3.7142857142857144 8.0 0.7905694150420949 49 182.0
935 3.0 3.5918367346938775 8.0 0.8640593957916214 49 176.0
936 3.0 3.7346938775510203 8.0 0.7846312882516231 49 183.0
937 3.0 3.6530612244897958 9.0 0.9693429993248707 49 179.0
938 3.0 3.6530612244897958 8.0 0.855156428384189 49 179.0
939 3.0 3.6530612244897958 8.0 0.804959119256046 49 179.0
940 3.0 3.63265306122449 8.0 0.8586296628693789 49 178.0
941 3.0 3.673469387755102 8.0 0.8263311256703941 49 180.0
942 3.0 3.63265306122449 9.0 0.9507426384810193 49 178.0
943 3.0 3.7142857142857144 8.0 0.816496580927726 49 182.0
944 3.0 3.6530612244897958 8.0 0.855156428384189 49 179.0
945 3.0 3.693877551020408 8.0 0.8216873298446379 49 181.0
946 3.0 3.6122448979591835 8.0 0.8117965295824913 49 177.0
947 3.0 3.5714285714285716 8.0 0.8660254037844384 49 175.0
948 3.0 3.7346938775510203 8.0 0.8107483735229248 49 183.0
949 3.0 3.5306122448979593 8.0 0.8441475191064685 49 173.0
950 3.0 3.612244897959184 9.0 0.9313146293146639 49 177.0
951 3.0 3.7142857142857144 8.0 0.8416254115301732 49 182.0
952 3.0 3.510204081632653 8.0 0.8446510369079412 49 172.0
953 3.0 3.7346938775510203 8.0 0.8360499936228304 49 183.0
954 3.0 3.6122448979591835 8.0 0.8117965295824913 49 177.0
955 3.0 3.6122448979591835 8.0 0.8615955772724868 49 177.0
956 3.0 3.7142857142857144 8.0 0.816496580927726 49 182.0
957 3.0 3.5510204081632653 8.0 0.843139581410751 49 174.0
958 3.0 3.7346938775510203 8.0 0.810748373522925 49 183.0
959 3.0 3.5306122448979593 9.0 0.9596449173246007 49 173.0
960 3.0 3.7755102040816326 8.0 0.7975302011640107 49 185.0
961 3.0 3.489795918367347 8.0 0.844651036907941 49 171.0
962 3.0 3.795918367346939 8.0 0.8411200825074142 49 186.0
963 3.0 3.7142857142857144 8.0 1.0408329997330663 49 182.0
964 3.0 3.63265306122449 8.0 0.8086479856067477 49 178.0
965 3.0 3.7142857142857144 8.0 0.8660254037844385 49 182.0
966 3.0 3.673469387755102 9.0 0.9216777071831386 49 180.0
967 3.0 3.63265306122449 8.0 0.8340133280065236 49 178.0
968 3.0 3.6530612244897958 8.0 0.830437144123585 49 179.0
969 3.0 3.673469387755102 8.0 0.826331125670394 49 180.0
970 3.0 3.673469387755102 8.0 0.8511696634152129 49 180.0
971 3.0 3.673469387755102 8.0 0.8511696634152133 49 180.0
972 3.0 3.673469387755102 8.0 0.8263311256703941 49 180.0
973 3.0 3.693877551020408 8.0 0.7959292690688942 49 181.0
974 3.0 3.7142857142857144 9.0 0.9789450103725609 49 182.0
975 3.0 4.183673469387754 28.0 3.5629661647504434 49 205.0
976 3.0 3.5510204081632653 8.0 0.8674969858207939 49 174.0
977 3.0 3.6530612244897958 8.0 0.830437144123585 49 179.0
978 3.0 3.63265306122449 8.0 0.8825596663262207 49 178.0
979 3.0 3.795918367346939 8.0 0.7900314296684317 49 186.0
980 3.0 3.510204081632653 8.0 0.8446510369079414 49 172.0
981 3.0 3.6530612244897958 8.0 0.855156428384189 49 179.0
982 3.0 3.5714285714285716 8.0 0.8164965809277263 49 175.0
983 3.0 3.6122448979591835 8.0 0.8370664681546163 49 177.0
984 3.0 3.63265306122449 9.0 0.9724084693648635 49 178.0
985 3.0 5.306122448979591 88.0 12.088569121337757 49 260.0
986 3.0 3.63265306122449 8.0 0.8340133280065236 49 178.0
987 2.0 3.6122448979591835 8.0 0.8370664681546163 49 177.0
988 3.0 3.693877551020408 8.0 0.8466621136521215 49 181.0
989 3.0 3.673469387755102 8.0 0.8511696634152132 49 180.0
990 3.0 3.7142857142857144 8.0 0.8164965809277259 49 182.0
991 3.0 3.5306122448979593 8.0 0.8684766552304517 49 173.0
992 3.0 3.7755102040816326 9.0 0.8959470343917519 49 185.0
993 3.0 3.510204081632653 8.0 0.8689660757568889 49 172.0
994 3.0 3.816326530612245 8.0 0.7819172320796678 49 187.0
995 3.0 3.5306122448979593 8.0 0.8684766552304517 49 173.0
996 3.0 3.7755102040816326 8.0 0.7975302011640107 49 185.0
997 3.0 3.5918367346938775 8.0 0.8640593957916214 49 176.0
998 3.0 3.795918367346939 8.0 0.8159756899139904 49 186.0
999 3.0 3.5510204081632653 8.0 0.8180572639337849 49 174.0
1000 3.0 3.7551020408163267 8.0 0.829925002758732 49 184.0
1001 3.0 3.6122448979591835 9.0 0.9534220500083773 49 177.0
1002 3.0 3.673469387755102 8.0 0.8511696634152133 49 180.0
1003 2.0 3.63265306122449 8.0 0.8586296628693788 49 178.0
1004 3.0 3.6530612244897958 8.0 0.830437144123585 49 179.0
1005 3.0 3.63265306122449 8.0 0.8086479856067477 49 178.0
1006 3.0 3.7551020408163267 9.0 0.9689042833036098 49 184.0
1007 3.0 3.6530612244897958 8.0 0.8791809732207979 49 179.0
1008 3.0 3.7346938775510203 8.0 0.7846312882516231 49 183.0
1009 3.0 3.5714285714285716 8.0 0.841625411530173 49 175.0
1010 3.0 3.7551020408163267 8.0 0.8546590997998843 49 184.0
1011 3.0 3.5714285714285716 8.0 0.841625411530173 49 175.0
1012 3.0 3.7755102040816326 9.0 0.9189057378763295 49 185.0
1013 3.0 3.63265306122449 8.0 0.8586296628693793 49 178.0
1014 3.0 3.7142857142857144 8.0 0.8164965809277259 49 182.0
1015 3.0 3.7346938775510203 8.0 0.8606080748537053 49 183.0
1016 3.0 3.673469387755102 8.0 0.8987898137227084 49 180.0
1017 3.0 3.7346938775510203 8.0 0.810748373522925 49 183.0
1018 3.0 3.673469387755102 9.0 0.9658276912843724 49 180.0
1019 2.0 3.7755102040816326 8.0 0.8723843314552988 49 185.0
1020 3.0 3.612244897959184 8.0 0.8117965295824916 49 177.0
1021 3.0 3.795918367346939 8.0 0.8159756899139905 49 186.0
1022 3.0 3.63265306122449 8.0 0.858629662869379 49 178.0
1023 3.0 3.7755102040816326 9.0 0.9413046381319431 49 185.0
1024 2.0 3.673469387755102 8.0 0.8753036402215143 49 180.0
1025 2.0 3.673469387755102 8.0 0.8511696634152129 49 180.0
1026 3.0 3.7755102040816326 8.0 0.8232381723628796 49 185.0
1027 3.0 3.6530612244897958 9.0 0.9476070829586857 49 179.0
1028 3.0 3.7346938775510203 8.0 0.8360499936228303 49 183.0
1029 3.0 3.7551020408163267 8.0 0.8546590997998843 49 184.0
1030 3.0 3.693877551020408 8.0 0.8216873298446379 49 181.0
1031 3.0 3.693877551020408 9.0 0.917516612761795 49 181.0
1032 3.0 3.7755102040816326 8.0 0.8481672919312799 49 185.0
1033 3.0 3.612244897959184 8.0 0.8370664681546165 49 177.0
1034 3.0 3.816326530612245 8.0 0.8081220356417685 49 187.0
1035 3.0 3.673469387755102 9.0 0.9871624972203753 49 180.0
1036 3.0 3.693877551020408 8.0 0.7959292690688943 49 181.0
1037 3.0 3.7346938775510203 8.0 0.8844845533812714 49 183.0
1038 3.0 3.693877551020408 8.0 0.8216873298446381 49 181.0
1039 3.0 3.7551020408163263 9.0 0.9249011714073827 49 184.0
1040 3.0 3.673469387755102 8.0 0.8511696634152129 49 180.0
1041 3.0 3.7551020408163263 8.0 0.829925002758732 49 184.0
1042 3.0 3.836734693877551 9.0 0.920754644650929 49 188.0
1043 3.0 3.673469387755102 8.0 0.8511696634152133 49 180.0
1044 3.0 3.836734693877551 8.0 0.8743316203323116 49 188.0
1045 3.0 3.6530612244897958 8.0 0.879180973220798 49 179.0
1046 3.0 3.816326530612245 9.0 0.9281134401694279 49 187.0
1047 3.0 3.693877551020408 8.0 0.8466621136521214 49 181.0
1048 3.0 3.7142857142857144 8.0 0.8164965809277259 49 182.0
1049 3.0 3.7142857142857144 9.0 0.957427107756338 49 182.0
1050 3.0 3.7142857142857144 8.0 0.8416254115301732 49 182.0
1051 3.0 3.673469387755102 8.0 0.8263311256703941 49 180.0
1052 3.0 3.816326530612245 9.0 0.9053882543729311 49 187.0
1053 3.0 3.6530612244897958 8.0 0.8551564283841891 49 179.0
1054 3.0 3.7551020408163267 8.0 0.8546590997998843 49 184.0
1055 3.0 3.6530612244897958 9.0 0.9253607496575607 49 179.0
1056 3.0 3.7755102040816326 8.0 0.8481672919312802 49 185.0
1057 3.0 3.7142857142857144 8.0 0.816496580927726 49 182.0
1058 3.0 3.673469387755102 9.0 0.9440108381713813 49 180.0
1059 3.0 3.836734693877551 8.0 0.8253014291636677 49 188.0
1060 3.0 3.693877551020408 8.0 0.8466621136521215 49 181.0
1061 3.0 3.7346938775510203 8.0 0.784631288251623 49 183.0
1062 3.0 3.693877551020408 9.0 1.0042427004268162 49 181.0
1063 3.0 3.7755102040816326 8.0 0.8232381723628798 49 185.0
1064 3.0 3.6530612244897958 8.0 0.830437144123585 49 179.0
1065 3.0 5.387755102040817 81.0 11.065743548090614 49 264.0
1066 3.0 3.6530612244897958 8.0 0.855156428384189 49 179.0
1067 3.0 3.7551020408163267 8.0 0.804430757453626 49 184.0
1068 3.0 3.63265306122449 9.0 0.9507426384810193 49 178.0
1069 3.0 3.7755102040816326 8.0 0.7975302011640107 49 185.0
1070 3.0 3.693877551020408 8.0 0.8709210075319943 49 181.0
1071 3.0 3.673469387755102 8.0 0.8263311256703941 49 180.0
1072 3.0 3.857142857142857 9.0 1.1365151414154884 49 189.0
1073 3.0 3.7755102040816326 8.0 0.7975302011640107 49 185.0
1074 3.0 3.7142857142857144 8.0 0.8660254037844384 49 182.0
1075 3.0 3.7142857142857144 8.0 0.7905694150420949 49 182.0
1076 3.0 3.673469387755102 9.0 0.9440108381713813 49 180.0
1077 3.0 3.693877551020408 8.0 0.8216873298446381 49 181.0
1078 3.0 3.7551020408163267 8.0 0.829925002758732 49 184.0
1079 3.0 3.5918367346938775 8.0 0.8640593957916214 49 176.0
1080 3.0 3.836734693877551 9.0 0.8743316203323114 49 188.0
1081 2.0 3.5510204081632653 8.0 0.8911889177244234 49 174.0
1082 3.0 3.816326530612245 8.0 0.781917232079668 49 187.0
1083 3.0 3.6122448979591835 9.0 0.9534220500083773 49 177.0
1084 3.0 3.836734693877551 8.0 0.7996597916069843 49 188.0
1085 3.0 3.5510204081632653 8.0 0.8431395814107511 49 174.0
1086 3.0 3.7346938775510203 8.0 0.8107483735229248 49 183.0
1087 3.0 3.6530612244897958 9.0 0.9476070829586857 49 179.0
1088 3.0 3.816326530612245 8.0 0.8081220356417685 49 187.0
1089 3.0 3.5714285714285716 8.0 0.8660254037844385 49 175.0
1090 3.0 3.857142857142857 9.0 0.8897565210026097 49 189.0
1091 3.0 3.489795918367347 8.0 0.8446510369079412 49 171.0
1092 3.0 3.877551020408163 8.0 0.7808289681812661 49 190.0
1093 3.0 3.489795918367347 8.0 0.8446510369079412 49 171.0
1094 3.0 3.816326530612245 9.0 0.8820777882306055 49 187.0
1095 3.0 3.5510204081632653 8.0 0.8674969858207939 49 174.0
1096 3.0 3.7346938775510203 8.0 0.784631288251623 49 183.0
1097 3.0 3.6530612244897958 8.0 0.879180973220798 49 179.0
1098 3.0 3.7346938775510203 9.0 0.9525297502808336 49 183.0
1099 3.0 3.63265306122449 8.0 0.8086479856067477 49 178.0
1100 3.0 3.795918367346939 8.0 0.7900314296684317 49 186.0
1101 3.0 3.6122448979591835 8.0 0.8117965295824913 49 177.0
1102 3.0 3.7142857142857144 9.0 0.9789450103725608 49 182.0
1103 3.0 3.693877551020408 8.0 0.821687329844638 49 181.0
1104 3.0 3.6122448979591835 8.0 0.8117965295824913 49 177.0
1105 3.0 3.7551020408163267 8.0 0.829925002758732 49 184.0
1106 3.0 3.5918367346938775 9.0 0.9556491543042607 49 176.0
1107 3.0 3.7755102040816326 8.0 0.7975302011640107 49 185.0
1108 3.0 3.63265306122449 8.0 0.858629662869379 49 178.0
1109 3.0 3.7142857142857144 8.0 0.841625411530173 49 182.0
1110 3.0 3.6122448979591835 9.0 0.9534220500083773 49 177.0
1111 3.0 3.673469387755102 8.0 0.8263311256703941 49 180.0
1112 3.0 3.7346938775510203 8.0 0.7846312882516231 49 183.0
1113 3.0 3.693877551020408 8.0 0.8709210075319943 49 181.0
1114 3.0 3.7142857142857144 9.0 0.912870929175277 49 182.0
1115 3.0 3.673469387755102 8.0 0.8511696634152133 49 180.0
1116 3.0 6.448979591836736 137.0 19.056999178440332 49 316.0
1117 3.0 3.693877551020408 9.0 0.9399486163405657 49 181.0
1118 3.0 3.836734693877551 8.0 0.8501700510170062 49 188.0
1119 3.0 3.673469387755102 8.0 0.8987898137227082 49 180.0
1120 3.0 3.795918367346939 8.0 0.7900314296684317 49 186.0
1121 3.0 3.7755102040816326 9.0 0.9631827907699426 49 185.0
1122 3.0 3.7551020408163267 8.0 0.8546590997998841 49 184.0
1123 3.0 3.7142857142857144 8.0 0.7905694150420949 49 182.0
1124 3.0 3.795918367346939 9.0 0.9349597102891365 49 186.0
1125 3.0 3.7142857142857144 8.0 0.8416254115301732 49 182.0
1126 3.0 3.7142857142857144 8.0 0.816496580927726 49 182.0
1127 3.0 3.795918367346939 9.0 0.9349597102891365 49 186.0
1128 3.0 3.673469387755102 8.0 0.826331125670394 49 180.0
1129 3.0 3.7346938775510203 8.0 0.810748373522925 49 183.0
1130 3.0 3.7755102040816326 9.0 0.9631827907699425 49 185.0
1131 3.0 3.6530612244897958 8.0 0.855156428384189 49 179.0
1132 3.0 3.7551020408163267 8.0 0.7781016494461042 49 184.0
1133 3.0 3.7551020408163267 8.0 0.804430757453626 49 184.0
1134 3.0 3.7346938775510203 9.0 0.9741558354989893 49 183.0
1135 3.0 3.816326530612245 8.0 0.7819172320796678 49 187.0
1136 3.0 3.63265306122449 8.0 0.8340133280065236 49 178.0
1137 3.0 3.857142857142857 9.0 0.9354143466934858 49 189.0
1138 3.0 3.7346938775510203 8.0 0.8360499936228303 49 183.0
1139 3.0 3.693877551020408 9.0 0.9175166127617949 49 181.0
1140 3.0 3.816326530612245 8.0 0.8081220356417685 49 187.0
1141 3.0 3.673469387755102 8.0 0.826331125670394 49 180.0
1142 3.0 3.857142857142857 9.0 0.9128709291752773 49 189.0
1143 3.0 3.6122448979591835 8.0 0.8615955772724869 49 177.0
1144 3.0 3.836734693877551 9.0 0.8978432207126096 49 188.0
1145 3.0 3.6530612244897958 8.0 0.855156428384189 49 179.0
1146 3.0 3.816326530612245 8.0 0.7819172320796678 49 187.0
1147 3.0 3.612244897959184 9.0 0.9534220500083771 49 177.0
1148 3.0 3.7755102040816326 8.0 0.7975302011640107 49 185.0
1149 3.0 3.63265306122449 8.0 0.8340133280065237 49 178.0
1150 3.0 3.795918367346939 9.0 0.9349597102891365 49 186.0
1151 3.0 6.142857142857142 125.0 17.35415416166016 49 301.0
1152 3.0 3.7142857142857144 8.0 0.816496580927726 49 182.0
1153 3.0 3.7142857142857144 9.0 0.9354143466934856 49 182.0
1154 2.0 3.816326530612245 8.0 0.858134347187624 49 187.0
1155 3.0 3.5510204081632653 8.0 0.843139581410751 49 174.0
1156 3.0 5.428571428571428 70.0 9.567740938521842 49 266.0
1157 3.0 3.693877551020408 8.0 0.8466621136521214 49 181.0
1158 3.0 3.7755102040816326 8.0 0.8232381723628796 49 185.0
1159 3.0 3.7755102040816326 9.0 0.9189057378763295 49 185.0
1160 3.0 3.7551020408163267 8.0 0.8044307574536261 49 184.0
1161 3.0 3.693877551020408 8.0 0.8466621136521212 49 181.0
1162 3.0 3.795918367346939 9.0 0.9124050598266537 49 186.0
1163 3.0 3.63265306122449 8.0 0.858629662869379 49 178.0
1164 3.0 3.7551020408163267 8.0 0.804430757453626 49 184.0
1165 3.0 3.7551020408163267 9.0 0.9249011714073827 49 184.0
1166 3.0 3.7142857142857144 8.0 0.816496580927726 49 182.0
1167 3.0 3.7142857142857144 9.0 0.9574271077563381 49 182.0
1168 3.0 3.7346938775510203 8.0 0.784631288251623 49 183.0
1169 3.0 3.7755102040816326 8.0 0.8959470343917518 49 185.0
1170 3.0 3.877551020408163 9.0 0.8811132414268255 49 190.0
1171 3.0 3.63265306122449 8.0 0.8086479856067477 49 178.0
1172 3.0 3.7551020408163267 8.0 0.8299250027587319 49 184.0
1173 3.0 3.7551020408163267 9.0 0.9471582990912423 49 184.0
1174 3.0 3.795918367346939 8.0 0.8159756899139904 49 186.0
1175 3.0 3.693877551020408 8.0 0.821687329844638 49 181.0
1176 3.0 3.7551020408163267 9.0 0.9249011714073827 49 184.0
1177 3.0 3.6530612244897958 8.0 0.855156428384189 49 179.0
1178 3.0 3.816326530612245 8.0 0.7819172320796678 49 187.0
1179 3.0 3.612244897959184 9.0 0.9534220500083771 49 177.0
1180 3.0 3.836734693877551 8.0 0.7731682324347391 49 188.0
1181 3.0 3.693877551020408 8.0 0.8466621136521215 49 181.0
1182 2.0 3.7755102040816326 9.0 0.9631827907699425 49 185.0
1183 3.0 3.7551020408163267 8.0 0.804430757453626 49 184.0
1184 3.0 3.7142857142857144 9.0 0.9354143466934853 49 182.0
1185 3.0 3.7551020408163267 8.0 0.8546590997998841 49 184.0
1186 3.0 3.63265306122449 8.0 0.8340133280065236 49 178.0
1187 3.0 3.816326530612245 9.0 0.905388254372931 49 187.0
1188 3.0 3.5918367346938775 8.0 0.8396022705954976 49 176.0
1189 3.0 3.7551020408163263 8.0 0.8546590997998841 49 184.0
1190 3.0 3.673469387755102 9.0 0.9440108381713811 49 180.0
1191 3.0 3.7142857142857144 8.0 0.816496580927726 49 182.0
1192 3.0 3.7142857142857144 8.0 0.8164965809277259 49 182.0
1193 3.0 3.693877551020408 9.0 0.9399486163405658 49 181.0
1194 3.0 3.7551020408163267 8.0 0.8299250027587323 49 184.0
1195 3.0 3.7142857142857144 9.0 0.9354143466934853 49 182.0
1196 3.0 3.7755102040816326 8.0 0.8232381723628796 49 185.0
1197 3.0 3.63265306122449 8.0 0.858629662869379 49 178.0
1198 3.0 3.795918367346939 8.0 0.8159756899139905 49 186.0
1199 3.0 3.673469387755102 9.0 0.9440108381713813 49 180.0
1200 3.0 3.7346938775510203 8.0 0.810748373522925 49 183.0
1201 3.0 3.7346938775510203 9.0 0.9741558354989893 49 183.0
1202 3.0 3.7142857142857144 8.0 0.7905694150420948 49 182.0
1203 3.0 3.693877551020408 8.0 0.8466621136521213 49 181.0
1204 3.0 3.7755102040816326 8.0 0.8232381723628796 49 185.0
1205 3.0 3.6530612244897958 9.0 0.9476070829586857 49 179.0
1206 3.0 3.816326530612245 8.0 0.8081220356417685 49 187.0
1207 3.0 3.5510204081632653 9.0 0.9587584091286132 49 174.0
1208 3.0 3.877551020408163 8.0 0.7536757995878293 49 190.0
1209 3.0 3.6122448979591835 8.0 0.8370664681546163 49 177.0
1210 3.0 3.7755102040816326 9.0 0.941304638131943 49 185.0
1211 3.0 3.6530612244897958 8.0 0.830437144123585 49 179.0
1212 3.0 3.795918367346939 8.0 0.8159756899139905 49 186.0
1213 3.0 3.7142857142857144 9.0 0.9574271077563382 49 182.0
1214 3.0 3.7551020408163267 8.0 0.804430757453626 49 184.0
1215 2.0 3.6122448979591835 8.0 0.8370664681546163 49 177.0
1216 3.0 3.7142857142857144 9.0 0.9574271077563382 49 182.0
1217 3.0 3.7346938775510203 8.0 0.8360499936228304 49 183.0
1218 3.0 3.7346938775510203 8.0 0.784631288251623 49 183.0
1219 3.0 3.7142857142857144 9.0 0.9789450103725608 49 182.0
1220 3.0 3.7142857142857144 8.0 0.7905694150420949 49 182.0
1221 3.0 3.63265306122449 8.0 0.8825596663262207 49 178.0
1222 3.0 3.857142857142857 9.0 0.9354143466934858 49 189.0
1223 3.0 3.63265306122449 8.0 0.858629662869379 49 178.0
1224 3.0 3.7551020408163267 8.0 0.804430757453626 49 184.0
1225 3.0 3.5714285714285716 8.0 0.841625411530173 49 175.0
1226 3.0 3.7142857142857144 9.0 0.9354143466934854 49 182.0
1227 3.0 3.673469387755102 8.0 0.8511696634152133 49 180.0
1228 3.0 3.7142857142857144 8.0 0.816496580927726 49 182.0
1229 3.0 3.693877551020408 9.0 0.9399486163405658 49 181.0
1230 3.0 3.673469387755102 8.0 0.8511696634152132 49 180.0
1231 3.0 3.6530612244897958 8.0 0.830437144123585 49 179.0
1232 3.0 3.7142857142857144 8.0 0.8164965809277259 49 182.0
1233 3.0 3.673469387755102 9.0 0.9440108381713813 49 180.0
1234 3.0 3.673469387755102 8.0 0.8511696634152132 49 180.0
1235 3.0 3.693877551020408 8.0 0.7959292690688942 49 181.0
1236 2.0 3.6122448979591835 9.0 0.9750283442592033 49 177.0
1237 3.0 3.795918367346939 8.0 0.8159756899139905 49 186.0
1238 3.0 3.5714285714285716 8.0 0.8416254115301732 49 175.0
1239 3.0 3.7551020408163267 9.0 0.9249011714073827 49 184.0
1240 3.0 3.6122448979591835 8.0 0.8370664681546163 49 177.0
1241 3.0 3.816326530612245 8.0 0.8335033840102046 49 187.0
1242 3.0 3.5918367346938775 8.0 0.8396022705954976 49 176.0
1243 3.0 4.775510204081632 52.0 6.947017663844591 49 234.0
1244 3.0 3.5714285714285716 8.0 0.8660254037844384 49 175.0
1245 3.0 3.816326530612245 8.0 0.8081220356417685 49 187.0
1246 3.0 3.5510204081632653 9.0 0.9367769320431426 49 174.0
1247 3.0 3.816326530612245 8.0 0.8335033840102047 49 187.0
1248 3.0 3.6122448979591835 8.0 0.8370664681546163 49 177.0
1249 3.0 3.7551020408163267 9.0 0.9249011714073827 49 184.0
1250 3.0 3.673469387755102 8.0 0.8263311256703941 49 180.0
1251 3.0 3.6122448979591835 8.0 0.8370664681546163 49 177.0
1252 3.0 3.7755102040816326 9.0 0.9189057378763295 49 185.0
1253 3.0 3.63265306122449 8.0 0.8340133280065235 49 178.0
1254 3.0 3.6530612244897958 8.0 0.830437144123585 49 179.0
1255 2.0 3.489795918367347 9.0 0.9815474385630378 49 171.0
1256 3.0 3.693877551020408 8.0 0.8216873298446379 49 181.0
1257 3.0 3.5510204081632653 8.0 0.8180572639337848 49 174.0
1258 3.0 3.5714285714285716 8.0 0.8416254115301732 49 175.0
1259 3.0 3.6122448979591835 9.0 0.9313146293146639 49 177.0
1260 3.0 3.5714285714285716 8.0 0.8416254115301732 49 175.0
1261 3.0 3.510204081632653 8.0 0.8196149751456432 49 172.0
1262 3.0 3.63265306122449 9.0 0.9507426384810194 49 178.0
1263 2.0 3.5102040816326534 8.0 0.8689660757568888 49 172.0
1264 3.0 3.5510204081632653 8.0 0.843139581410751 49 174.0
1265 3.0 3.5714285714285716 8.0 0.8164965809277263 49 175.0
1266 3.0 3.673469387755102 8.0 0.8263311256703941 49 180.0
1267 3.0 3.510204081632653 9.0 0.9600878644598072 49 172.0
1268 3.0 3.489795918367347 8.0 0.8196149751456432 49 171.0
1269 2.0 3.6122448979591835 8.0 0.8854454277041451 49 177.0
1270 3.0 3.489795918367347 8.0 0.8196149751456432 49 171.0
1271 3.0 3.612244897959184 8.0 0.8370664681546165 49 177.0
1272 3.0 3.510204081632653 9.0 0.9381375383259787 49 172.0
1273 3.0 3.673469387755102 8.0 0.826331125670394 49 180.0
1274 3.0 3.4693877551020407 8.0 0.8190960672271221 49 170.0
1275 3.0 3.5714285714285716 8.0 0.8416254115301732 49 175.0
1276 3.0 3.5306122448979593 8.0 0.8190960672271221 49 173.0
1277 3.0 3.5306122448979593 9.0 0.9596449173246007 49 173.0
1278 3.0 3.6122448979591835 8.0 0.8117965295824912 49 177.0
1279 3.0 3.5306122448979593 8.0 0.8441475191064685 49 173.0
1280 3.0 3.5306122448979593 8.0 0.8441475191064685 49 173.0
1281 3.0 3.510204081632653 8.0 0.8196149751456433 49 172.0
1282 3.0 3.5306122448979593 8.0 0.8441475191064685 49 173.0
1283 3.0 3.5714285714285716 9.0 0.9354143466934851 49 175.0
1284 3.0 3.510204081632653 8.0 0.8196149751456432 49 172.0
1285 3.0 3.489795918367347 8.0 0.8446510369079409 49 171.0
1286 3.0 3.6122448979591835 8.0 0.8117965295824913 49 177.0
1287 3.0 3.489795918367347 8.0 0.8446510369079411 49 171.0
1288 3.0 3.4489795918367347 8.0 0.8180572639337848 49 169.0
1289 3.0 3.6530612244897958 9.0 0.9476070829586857 49 179.0
1290 3.0 3.36734693877551 8.0 0.8086479856067477 49 165.0
1291 3.0 3.5306122448979593 8.0 0.8441475191064685 49 173.0
1292 3.0 3.489795918367347 8.0 0.8196149751456432 49 171.0
1293 3.0 3.4285714285714284 8.0 0.841625411530173 49 168.0
1294 3.0 3.3877551020408165 8.0 0.8117965295824912 49 166.0
1295 3.0 3.5510204081632653 8.0 0.8180572639337849 49 174.0
1296 3.0 3.3469387755102042 8.0 0.830437144123585 49 164.0
1297 3.0 3.4693877551020407 8.0 0.8190960672271221 49 170.0
1298 3.0 3.3469387755102042 8.0 0.830437144123585 49 164.0
