##bucket, min, mean, max, stddev, count,total
0 4.0 7.408163265306123 67.0 9.396183550044258 49 363.0
1 3.0 5.877551020408164 36.0 4.943988997852276 49 288.0
2 4.0 5.632653061224491 25.0 3.3954250933610424 49 276.0
3 4.0 5.224489795918368 20.0 2.7406302964407137 49 256.0
4 4.0 5.428571428571429 20.0 2.590045044653342 49 266.0
5 3.0 5.081632653061225 15.0 2.206399165815552 49 249.0
6 4.0 5.122448979591836 15.0 2.097941978277208 49 251.0
7 4.0 5.224489795918368 14.0 1.884866331715694 49 256.0
8 4.0 5.122448979591836 14.0 1.8778606296042542 49 251.0
9 4.0 5.122448979591836 13.0 1.522506883690301 49 251.0
10 3.0 5.142857142857143 13.0 1.7677669529663682 49 252.0
11 4.0 4.959183673469388 13.0 1.4427864197660103 49 243.0
12 4.0 5.0 13.0 1.399404635312222 49 245.0
13 4.0 4.979591836734694 12.0 1.3305668578712249 49 244.0
14 4.0 4.959183673469388 13.0 1.368685252250454 49 243.0
15 3.0 5.020408163265306 13.0 1.346133288323252 49 246.0
16 4.0 4.8979591836734695 14.0 1.4612337532484843 49 240.0
17 3.0 4.938775510204081 13.0 1.4202136468577837 49 242.0
18 4.0 5.346938775510204 17.0 2.305347229885367 49 262.0
19 4.0 4.979591836734694 13.0 1.391788356730998 49 244.0
20 4.0 5.0 14.0 1.4860462083439174 49 245.0
21 4.0 5.020408163265306 13.0 1.3917883567309977 49 246.0
22 4.0 4.959183673469388 13.0 1.3686852522504542 49 243.0
23 3.0 4.938775510204081 13.0 1.3292880811626524 49 242.0
24 4.0 5.020408163265306 13.0 1.330566857871225 49 246.0
25 4.0 5.040816326530612 12.0 1.67031912711151 49 247.0
26 4.0 5.0 13.0 1.35400640077266 49 245.0
27 4.0 4.979591836734694 14.0 1.4214106244380278 49 244.0
28 4.0 5.0 14.0 1.5275252316519468 49 245.0
29 3.0 5.040816326530612 13.0 1.4854738816489583 49 247.0
30 3.0 4.938775510204081 13.0 1.449255027955542 49 242.0
31 4.0 5.122448979591836 13.0 1.775207183462732 49 251.0
32 4.0 5.448979591836735 29.0 3.5299977838153818 49 267.0
33 4.0 5.0 13.0 1.4433756729740645 49 245.0
34 4.0 5.0 12.0 1.35400640077266 49 245.0
35 4.0 4.918367346938775 12.0 1.351491994887464 49 241.0
36 4.0 5.061224489795919 13.0 1.4202136468577837 49 248.0
37 4.0 5.122448979591836 14.0 1.4667516982153745 49 251.0
38 4.0 5.040816326530612 13.0 1.3838229606400365 49 247.0
39 4.0 5.061224489795919 13.0 1.297564437470353 49 248.0
40 3.0 4.877551020408164 14.0 1.4948892526040247 49 239.0
41 4.0 5.040816326530612 13.0 1.3838229606400367 49 247.0
42 4.0 5.020408163265306 13.0 1.3461332883232522 49 246.0
43 4.0 4.979591836734694 13.0 1.3615217576662657 49 244.0
44 4.0 5.020408163265306 13.0 1.3615217576662657 49 246.0
45 4.0 5.1020408163265305 13.0 1.3730273419100774 49 250.0
46 4.0 5.4897959183673475 22.0 2.7012531735257617 49 269.0
47 4.0 5.1020408163265305 15.0 1.5578416955195797 49 250.0
48 4.0 5.163265306122449 13.0 1.2306322693286267 49 253.0
49 4.0 5.204081632653061 13.0 1.2243976722715313 49 255.0
50 4.0 5.346938775510204 15.0 1.5883825684240775 49 262.0
51 4.0 5.1020408163265305 13.0 1.294940441989252 49 250.0
52 4.0 5.183673469387755 14.0 1.394535008938987 49 254.0
53 4.0 5.204081632653061 14.0 1.3536923554476021 49 255.0
54 4.0 5.224489795918367 13.0 1.2626906806902631 49 256.0
55 4.0 5.224489795918367 14.0 1.3733369658494985 49 256.0
56 4.0 5.204081632653061 13.0 1.207262603246401 49 255.0
57 4.0 5.530612244897959 20.0 2.5174560639688632 49 271.0
58 4.0 5.122448979591836 13.0 1.2522089326004473 49 251.0
59 4.0 5.326530612244898 13.0 1.2810762906966293 49 261.0
60 4.0 5.326530612244898 14.0 1.5191521086618356 49 261.0
61 4.0 5.346938775510204 13.0 1.4368805971061533 49 262.0
62 4.0 5.244897959183674 15.0 1.5073515991756585 49 257.0
63 4.0 5.224489795918367 13.0 1.2790834303393608 49 256.0
64 4.0 5.3061224489795915 13.0 1.2616801237611206 49 260.0
65 4.0 5.26530612244898 14.0 1.3505478857992166 49 258.0
66 4.0 5.285714285714286 13.0 1.2076147288491195 49 259.0
67 4.0 5.285714285714286 15.0 1.4999999999999996 49 259.0
68 4.0 5.26530612244898 15.0 1.4828956780019065 49 258.0
69 4.0 5.285714285714286 13.0 1.2076147288491192 49 259.0
70 4.0 5.285714285714286 14.0 1.3385315336840837 49 259.0
71 4.0 5.204081632653061 13.0 1.2412962283559112 49 255.0
72 4.0 5.26530612244898 14.0 1.3350329303691604 49 258.0
73 4.0 5.285714285714286 15.0 1.486046208343917 49 259.0
74 4.0 5.244897959183674 14.0 1.3312057855708919 49 257.0
75 4.0 5.285714285714286 15.0 1.5138251770487454 49 259.0
76 4.0 5.3061224489795915 15.0 1.5028317941009046 49 260.0
77 4.0 5.36734693877551 14.0 1.364640941038771 49 263.0
78 4.0 5.36734693877551 14.0 1.5233444230680453 49 263.0
79 4.0 5.36734693877551 14.0 1.364640941038771 49 263.0
80 4.0 5.244897959183674 14.0 1.3312057855708919 49 257.0
81 4.0 5.346938775510204 14.0 1.3927045093414956 49 262.0
82 4.0 5.285714285714286 13.0 1.1902380714238079 49 259.0
83 4.0 5.346938775510204 15.0 1.5076336370861023 49 262.0
84 4.0 6.775510204081632 54.0 7.73052743490175 49 332.0
85 4.0 5.428571428571429 13.0 1.3693063937629153 49 266.0
86 4.0 5.387755102040816 14.0 1.4407221356350584 49 264.0
87 4.0 5.510204081632653 13.0 1.556203298892209 49 270.0
88 4.0 5.469387755102041 13.0 1.3401187885209802 49 268.0
89 4.0 5.408163265306122 14.0 1.4421969258007445 49 265.0
90 4.0 5.36734693877551 14.0 1.3798230193129295 49 263.0
91 5.0 5.530612244897959 15.0 1.5014165646749318 49 271.0
92 4.0 5.408163265306122 14.0 1.368063828721374 49 265.0
93 4.0 5.469387755102041 15.0 1.4874760616606932 49 268.0
94 4.0 5.408163265306122 13.0 1.2402682395846678 49 265.0
95 4.0 5.387755102040816 13.0 1.2717495581974896 49 264.0
96 5.0 5.551020408163265 15.0 1.4869042853329524 49 272.0
97 4.0 5.469387755102041 14.0 1.385971993709447 49 268.0
98 4.0 5.448979591836735 14.0 1.354948100017671 49 267.0
99 4.0 5.36734693877551 13.0 1.2023220164716755 49 263.0
100 4.0 5.63265306122449 15.0 1.8336425218562058 49 276.0
101 5.0 5.326530612244898 15.0 1.4632691012199484 49 261.0
102 4.0 5.387755102040816 14.0 1.3356697216910238 49 264.0
103 4.0 5.448979591836735 13.0 1.242665557209513 49 267.0
104 5.0 5.428571428571429 14.0 1.3385315336840842 49 266.0
105 4.0 5.428571428571429 14.0 1.35400640077266 49 266.0
106 4.0 5.857142857142857 27.0 3.4156502553198647 49 287.0
107 4.0 5.428571428571429 14.0 1.35400640077266 49 266.0
108 4.0 5.36734693877551 13.0 1.2364916354855982 49 263.0
109 4.0 5.63265306122449 18.0 2.242523481398993 49 276.0
110 5.0 5.346938775510204 14.0 1.347080491411013 49 262.0
111 4.0 5.387755102040816 14.0 1.3511773651556052 49 264.0
112 4.0 5.4897959183673475 15.0 1.621758934248961 49 269.0
113 4.0 5.408163265306122 15.0 1.4988657843368713 49 265.0
114 4.0 5.387755102040816 13.0 1.2216165268919337 49 264.0
115 4.0 5.448979591836735 14.0 1.3702375780893485 49 267.0
116 4.0 5.326530612244898 14.0 1.3445531336662382 49 261.0
117 4.0 5.469387755102041 14.0 1.3708580162366462 49 268.0
118 4.0 5.795918367346939 32.0 3.8674905291671093 49 284.0
119 4.0 5.857142857142857 23.0 2.8431203515386634 49 287.0
120 4.0 5.469387755102041 15.0 1.5424823177852875 49 268.0
121 5.0 5.408163265306122 14.0 1.383208337931221 49 265.0
122 4.0 5.489795918367347 14.0 1.4306532450188594 49 269.0
123 4.0 5.448979591836735 13.0 1.2257858786950369 49 267.0
124 4.0 5.469387755102041 14.0 1.385971993709447 49 268.0
125 4.0 5.73469387755102 14.0 1.642857142857143 49 281.0
126 4.0 5.530612244897959 14.0 1.385971993709447 49 271.0
127 4.0 5.36734693877551 13.0 1.2364916354855982 49 263.0
128 4.0 5.448979591836735 14.0 1.400315805003106 49 267.0
129 5.0 5.571428571428571 14.0 1.3385315336840842 49 273.0
130 4.0 5.448979591836735 14.0 1.354948100017671 49 267.0
131 4.0 5.387755102040816 13.0 1.221616526891934 49 264.0
132 4.0 5.387755102040816 13.0 1.2552610374375697 49 264.0
133 5.0 5.408163265306122 15.0 1.4708043058552867 49 265.0
134 4.0 5.428571428571429 15.0 1.4860462083439174 49 266.0
135 4.0 5.428571428571429 15.0 1.4860462083439174 49 266.0
136 4.0 5.387755102040816 14.0 1.3356697216910238 49 264.0
137 4.0 5.3061224489795915 14.0 1.3571428571428568 49 260.0
138 5.0 5.428571428571429 14.0 1.3385315336840842 49 266.0
139 4.0 5.428571428571429 14.0 1.35400640077266 49 266.0
140 4.0 5.4897959183673475 15.0 1.8385053823191078 49 269.0
141 4.0 5.755102040816327 14.0 2.106840171964661 49 282.0
142 5.0 5.63265306122449 14.0 1.6418216198151725 49 276.0
143 4.0 5.551020408163265 14.0 1.5819453278821507 49 272.0
144 4.0 5.73469387755102 14.0 1.7885691465069875 49 281.0
145 4.0 5.510204081632653 13.0 1.3862787264771086 49 270.0
146 5.0 5.469387755102041 14.0 1.4303560281786278 49 268.0
147 4.0 5.510204081632653 14.0 1.5291943546029916 49 270.0
148 4.0 5.551020408163265 14.0 1.415115196868497 49 272.0
149 4.0 5.571428571428571 14.0 1.3994046353122218 49 273.0
150 4.0 5.510204081632653 13.0 1.608861514907253 49 270.0
151 5.0 5.530612244897959 14.0 1.3859719937094472 49 271.0
152 4.0 5.428571428571429 14.0 1.3693063937629153 49 266.0
153 4.0 5.428571428571429 14.0 1.3693063937629153 49 266.0
154 4.0 5.469387755102041 14.0 1.3708580162366462 49 268.0
155 4.0 5.489795918367347 13.0 1.2767544951228194 49 269.0
156 5.0 5.489795918367347 14.0 1.3558891452289377 49 269.0
157 4.0 5.510204081632653 14.0 1.3558891452289379 49 270.0
158 4.0 5.428571428571429 14.0 1.35400640077266 49 266.0
159 4.0 5.346938775510204 14.0 1.347080491411013 49 262.0
160 4.0 5.387755102040816 13.0 1.2552610374375697 49 264.0
161 5.0 5.428571428571429 14.0 1.3385315336840842 49 266.0
162 4.0 5.408163265306122 14.0 1.3527497820325523 49 265.0
163 4.0 5.36734693877551 14.0 1.3492880460793077 49 263.0
164 4.0 5.469387755102041 14.0 1.385971993709447 49 268.0
165 4.0 5.36734693877551 14.0 1.3492880460793077 49 263.0
166 4.0 5.73469387755102 23.0 2.856101000519776 49 281.0
167 4.0 5.346938775510204 13.0 1.2170836113459103 49 262.0
168 4.0 5.326530612244898 14.0 1.3445531336662384 49 261.0
169 5.0 5.428571428571429 15.0 1.5 49 266.0
170 4.0 5.387755102040816 14.0 1.3511773651556052 49 264.0
171 4.0 5.285714285714286 13.0 1.2416387021459443 49 259.0
172 4.0 5.346938775510204 15.0 1.4797384398400064 49 262.0
173 4.0 5.469387755102041 15.0 1.5014165646749316 49 268.0
174 5.0 5.387755102040816 13.0 1.2044418923754039 49 264.0
175 4.0 5.26530612244898 14.0 1.3350329303691604 49 258.0
176 4.0 5.489795918367347 14.0 1.5016997172591882 49 269.0
177 4.0 5.387755102040816 13.0 1.221616526891934 49 264.0
178 5.0 5.428571428571429 14.0 1.3385315336840842 49 266.0
179 4.0 5.326530612244898 14.0 1.3599594831899837 49 261.0
180 4.0 5.408163265306122 14.0 1.383208337931221 49 265.0
181 4.0 5.285714285714286 13.0 1.2076147288491192 49 259.0
182 5.0 5.489795918367347 14.0 1.3711681300323189 49 269.0
183 4.0 5.36734693877551 14.0 1.3492880460793077 49 263.0
184 5.0 5.326530612244898 15.0 1.4632691012199484 49 261.0
185 5.0 5.428571428571429 13.0 1.20761472884912 49 266.0
186 5.0 5.326530612244898 13.0 1.1970059019285166 49 261.0
187 4.0 5.387755102040816 14.0 1.3816705849956339 49 264.0
188 5.0 5.36734693877551 14.0 1.3180458633747092 49 263.0
189 5.0 5.469387755102041 14.0 1.3401187885209802 49 268.0
190 4.0 5.36734693877551 14.0 1.3492880460793077 49 263.0
191 4.0 5.551020408163265 14.0 1.4442591020109579 49 272.0
192 4.0 5.469387755102041 14.0 1.3401187885209802 49 268.0
193 5.0 5.428571428571429 13.0 1.2583057392117916 49 266.0
194 4.0 5.448979591836735 14.0 1.339484112289067 49 267.0
195 4.0 5.448979591836735 16.0 1.6464763447257598 49 267.0
196 5.0 5.63265306122449 14.0 1.4243986677281921 49 276.0
197 4.0 5.387755102040816 14.0 1.3511773651556054 49 264.0
198 4.0 5.530612244897959 14.0 1.3555755360781656 49 271.0
199 5.0 5.551020408163265 14.0 1.3549481000176715 49 272.0
200 4.0 5.551020408163265 14.0 1.3549481000176715 49 272.0
201 4.0 5.387755102040816 14.0 1.3511773651556052 49 264.0
202 4.0 5.448979591836735 14.0 1.354948100017671 49 267.0
203 5.0 5.673469387755102 14.0 1.3289681947228962 49 278.0
204 4.0 5.448979591836735 13.0 1.2257858786950369 49 267.0
205 4.0 5.448979591836735 14.0 1.3702375780893485 49 267.0
206 4.0 5.448979591836735 15.0 1.4869042853329517 49 267.0
207 5.0 5.571428571428571 14.0 1.35400640077266 49 273.0
208 5.0 5.571428571428571 14.0 1.369306393762915 49 273.0
209 4.0 5.591836734693878 14.0 1.3527497820325523 49 274.0
210 4.0 5.510204081632653 14.0 1.3558891452289377 49 270.0
211 4.0 5.653061224489796 14.0 1.7266419770777033 49 277.0
212 5.0 5.551020408163265 14.0 1.3394841122890673 49 272.0
213 4.0 5.612244897959184 14.0 1.3966675596249973 49 275.0
214 4.0 5.591836734693878 14.0 1.383208337931221 49 274.0
215 5.0 5.469387755102041 13.0 1.2433496561092297 49 268.0
216 4.0 5.408163265306122 14.0 1.3527497820325523 49 265.0
217 4.0 5.489795918367347 15.0 1.4877618674202062 49 269.0
218 5.0 5.571428571428571 14.0 1.369306393762915 49 273.0
219 5.0 5.448979591836735 14.0 1.339484112289067 49 267.0
220 5.0 5.73469387755102 22.0 2.4390530112805524 49 281.0
221 5.0 5.551020408163265 14.0 1.3702375780893488 49 272.0
222 5.0 5.510204081632653 14.0 1.340436013945833 49 270.0
223 4.0 5.551020408163265 14.0 1.385358324432647 49 272.0
224 4.0 5.469387755102041 14.0 1.3555755360781656 49 268.0
225 4.0 5.510204081632653 14.0 1.3862787264771081 49 270.0
226 4.0 5.448979591836735 14.0 1.3853583244326466 49 267.0
227 4.0 5.857142857142857 24.0 2.92261298612503 49 287.0
228 5.0 5.571428571428571 14.0 1.369306393762915 49 273.0
229 4.0 5.428571428571429 14.0 1.3385315336840842 49 266.0
230 4.0 5.612244897959184 14.0 1.381670584995634 49 275.0
231 5.0 5.489795918367347 14.0 1.3711681300323184 49 269.0
232 4.0 5.530612244897959 14.0 1.385971993709447 49 271.0
233 4.0 5.612244897959184 14.0 1.381670584995634 49 275.0
234 5.0 5.489795918367347 14.0 1.3248026422136716 49 269.0
235 4.0 5.571428571428571 14.0 1.399404635312222 49 273.0
236 4.0 5.591836734693878 14.0 1.4130104880912187 49 274.0
237 5.0 5.6938775510204085 14.0 1.3417041656144657 49 279.0
238 4.0 5.571428571428571 14.0 1.35400640077266 49 273.0
239 4.0 5.551020408163265 14.0 1.385358324432647 49 272.0
240 5.0 5.653061224489796 14.0 1.3315251344505175 49 277.0
241 4.0 5.571428571428571 14.0 1.369306393762915 49 273.0
242 4.0 5.551020408163265 14.0 1.3549481000176713 49 272.0
243 4.0 5.571428571428571 14.0 1.35400640077266 49 273.0
244 4.0 5.63265306122449 14.0 1.3646409410387708 49 276.0
245 4.0 5.63265306122449 14.0 1.3492880460793075 49 276.0
246 5.0 5.73469387755102 15.0 1.7532768155190823 49 281.0
247 4.0 5.571428571428571 14.0 1.3693063937629153 49 273.0
248 5.0 5.612244897959184 14.0 1.3816705849956343 49 275.0
249 4.0 5.612244897959184 14.0 1.3665090335506427 49 275.0
250 4.0 5.489795918367347 14.0 1.3558891452289377 49 269.0
251 4.0 5.673469387755102 14.0 1.344553133666238 49 278.0
252 5.0 5.653061224489796 14.0 1.3315251344505177 49 277.0
253 4.0 5.510204081632653 14.0 1.3558891452289374 49 270.0
254 4.0 5.73469387755102 14.0 1.5649215928719027 49 281.0
255 5.0 5.673469387755102 14.0 1.3599594831899837 49 278.0
256 4.0 5.571428571428571 14.0 1.338531533684084 49 273.0
257 5.0 5.612244897959184 15.0 1.455110627675955 49 275.0
258 4.0 5.612244897959184 14.0 1.3966675596249971 49 275.0
259 4.0 5.673469387755102 14.0 1.4632691012199475 49 278.0
260 4.0 5.530612244897959 14.0 1.3401187885209802 49 271.0
261 4.0 5.510204081632653 14.0 1.3862787264771081 49 270.0
262 4.0 6.020408163265307 27.0 3.3447084820551978 49 295.0
263 5.0 5.551020408163265 14.0 1.3702375780893492 49 272.0
264 4.0 5.571428571428571 14.0 1.3693063937629153 49 273.0
265 4.0 5.530612244897959 14.0 1.3708580162366464 49 271.0
266 5.0 5.448979591836735 14.0 1.3394841122890668 49 267.0
267 4.0 5.591836734693878 14.0 1.3527497820325523 49 274.0
268 4.0 5.775510204081632 18.0 2.329747000949969 49 283.0
269 4.0 5.755102040816327 15.0 1.7263957185045233 49 282.0
270 4.0 5.63265306122449 14.0 1.5504552765642254 49 276.0
271 5.0 5.551020408163265 14.0 1.5553834533885305 49 272.0
272 4.0 5.673469387755102 14.0 1.5730511103960882 49 278.0
273 4.0 5.714285714285714 14.0 1.42886901662352 49 280.0
274 5.0 5.714285714285714 14.0 1.4860462083439168 49 280.0
275 4.0 5.714285714285714 14.0 1.732050807568877 49 280.0
276 4.0 6.020408163265306 20.0 2.4873831288991206 49 295.0
277 5.0 5.714285714285714 14.0 1.3693063937629149 49 280.0
278 5.0 5.63265306122449 14.0 1.3948398586549338 49 276.0
279 4.0 5.551020408163265 15.0 1.528360020983766 49 272.0
280 4.0 5.63265306122449 14.0 1.3948398586549338 49 276.0
281 5.0 5.73469387755102 14.0 1.365886619929854 49 281.0
282 4.0 5.571428571428571 14.0 1.3693063937629153 49 273.0
283 4.0 5.469387755102041 14.0 1.385971993709447 49 268.0
284 5.0 5.6938775510204085 14.0 1.3260857443470777 49 279.0
285 4.0 5.591836734693878 15.0 1.4988657843368713 49 274.0
286 5.0 5.571428571428571 14.0 1.338531533684084 49 273.0
287 4.0 5.551020408163265 14.0 1.3549481000176715 49 272.0
288 5.0 5.571428571428571 14.0 1.35400640077266 49 273.0
289 4.0 5.571428571428571 14.0 1.3693063937629153 49 273.0
290 4.0 5.612244897959184 14.0 1.3511773651556056 49 275.0
291 5.0 5.63265306122449 15.0 1.4817483697620575 49 276.0
292 4.0 5.938775510204081 22.0 2.7034558382536513 49 291.0
293 5.0 5.612244897959184 14.0 1.3511773651556056 49 275.0
294 4.0 5.63265306122449 14.0 1.364640941038771 49 276.0
295 4.0 5.551020408163265 14.0 1.370237578089349 49 272.0
296 5.0 5.673469387755102 14.0 1.3289681947228962 49 278.0
297 4.0 5.591836734693878 14.0 1.368063828721374 49 274.0
298 5.0 5.469387755102041 14.0 1.3555755360781656 49 268.0
299 4.0 5.836734693877551 14.0 1.3283281907393691 49 286.0
300 4.0 5.530612244897959 14.0 1.3708580162366464 49 271.0
301 5.0 5.63265306122449 14.0 1.3492880460793073 49 276.0
302 5.0 5.6938775510204085 15.0 1.474845777709388 49 279.0
303 4.0 5.673469387755102 14.0 1.344553133666238 49 278.0
304 4.0 5.857142857142857 16.0 2.345207879911715 49 287.0
305 5.0 5.714285714285714 14.0 1.3385315336840835 49 280.0
306 4.0 5.63265306122449 15.0 1.4957422565265655 49 276.0
307 5.0 5.551020408163265 14.0 1.3394841122890675 49 272.0
308 4.0 5.63265306122449 14.0 1.3646409410387708 49 276.0
309 4.0 5.73469387755102 14.0 1.717259325738758 49 281.0
310 5.0 5.63265306122449 14.0 1.3337584356343724 49 276.0
311 4.0 5.591836734693878 15.0 1.4708043058552867 49 274.0
312 4.0 5.6938775510204085 14.0 1.3724078844718661 49 279.0
313 4.0 5.612244897959184 14.0 1.3356697216910243 49 275.0
314 4.0 5.612244897959184 14.0 1.3511773651556056 49 275.0
315 5.0 5.591836734693878 14.0 1.337260373346362 49 274.0
316 4.0 5.653061224489796 14.0 1.3624582624824888 49 277.0
317 4.0 5.530612244897959 14.0 1.3555755360781658 49 271.0
318 5.0 5.653061224489796 14.0 1.4797384398400062 49 277.0
319 4.0 5.73469387755102 14.0 1.496878838952372 49 281.0
320 4.0 5.653061224489796 14.0 1.3624582624824888 49 277.0
321 5.0 5.612244897959184 14.0 1.3511773651556056 49 275.0
322 4.0 5.795918367346939 14.0 1.540827589272708 49 284.0
323 5.0 5.673469387755102 15.0 1.4632691012199477 49 278.0
324 4.0 5.6938775510204085 14.0 1.3875049794603296 49 279.0
325 4.0 5.653061224489796 14.0 1.3470804914110128 49 277.0
326 5.0 5.755102040816326 14.0 1.4653016220346635 49 282.0
327 4.0 5.551020408163265 14.0 1.370237578089349 49 272.0
328 5.0 5.775510204081633 14.0 1.3112542679061294 49 283.0
329 4.0 5.836734693877551 15.0 1.8967838874384866 49 286.0
330 4.0 5.63265306122449 14.0 1.3492880460793073 49 276.0
331 5.0 5.755102040816326 14.0 1.315462723482026 49 282.0
332 4.0 5.653061224489796 15.0 1.4937511563198211 49 277.0
333 4.0 5.653061224489796 14.0 1.3624582624824888 49 277.0
334 5.0 5.714285714285714 14.0 1.3693063937629146 49 280.0
335 4.0 5.73469387755102 14.0 1.4968788389523722 49 281.0
336 5.0 5.714285714285714 14.0 1.3540064007726593 49 280.0
337 4.0 5.551020408163265 15.0 1.4869042853329524 49 272.0
338 4.0 5.653061224489796 14.0 1.3624582624824888 49 277.0
339 5.0 5.959183673469388 30.0 3.5529282739351613 49 292.0
340 4.0 5.673469387755102 14.0 1.344553133666238 49 278.0
341 5.0 5.73469387755102 15.0 1.46877939976365 49 281.0
342 4.0 5.551020408163265 14.0 1.3702375780893488 49 272.0
343 4.0 5.775510204081633 14.0 1.4757103673944196 49 283.0
344 5.0 5.755102040816326 14.0 1.331205785570892 49 282.0
345 4.0 5.63265306122449 15.0 1.4957422565265655 49 276.0
346 4.0 5.63265306122449 14.0 1.3646409410387708 49 276.0
347 5.0 5.795918367346939 14.0 1.322554218118843 49 284.0
348 4.0 5.571428571428571 15.0 1.4999999999999998 49 273.0
349 5.0 5.714285714285714 14.0 1.3540064007726593 49 280.0
350 4.0 5.653061224489796 14.0 1.3624582624824888 49 277.0
351 4.0 5.755102040816326 14.0 1.5073515991756588 49 282.0
352 5.0 5.653061224489796 14.0 1.3315251344505177 49 277.0
353 4.0 5.714285714285714 15.0 1.4860462083439168 49 280.0
354 4.0 5.612244897959184 14.0 1.3665090335506427 49 275.0
355 5.0 5.653061224489796 14.0 1.3470804914110128 49 277.0
356 4.0 6.0 14.0 1.6072751268321592 49 294.0
357 5.0 5.795918367346939 15.0 1.903719953108635 49 284.0
358 4.0 5.795918367346939 14.0 1.6327327786660655 49 284.0
359 5.0 5.857142857142857 14.0 1.5275252316519465 49 287.0
360 4.0 5.795918367346939 14.0 1.540827589272708 49 284.0
361 4.0 5.816326530612245 15.0 1.5899878063965756 49 285.0
362 5.0 5.877551020408164 14.0 1.4524785291187683 49 288.0
363 4.0 5.6938775510204085 14.0 1.4606517043294556 49 279.0
364 5.0 5.959183673469388 15.0 1.499432999412741 49 292.0
365 4.0 5.551020408163265 14.0 1.4151151968684967 49 272.0
366 5.0 5.918367346938775 14.0 1.4118063886070087 49 290.0
367 4.0 5.755102040816326 15.0 1.5211099599319184 49 282.0
368 4.0 5.73469387755102 14.0 1.350547885799217 49 281.0
369 5.0 5.877551020408164 14.0 1.3483423937874064 49 288.0
370 4.0 5.612244897959184 14.0 1.3665090335506427 49 275.0
371 5.0 5.857142857142857 15.0 1.457737973711325 49 287.0
372 4.0 5.653061224489796 14.0 1.4513071752757245 49 277.0
373 5.0 6.387755102040816 25.0 3.060612183661219 49 313.0
374 4.0 5.63265306122449 14.0 1.3798230193129293 49 276.0
375 5.0 5.918367346938775 14.0 1.2720838332875566 49 290.0
376 5.0 5.6938775510204085 15.0 1.474845777709388 49 279.0
377 5.0 6.1020408163265305 18.0 2.162607395783923 49 299.0
378 4.0 5.6938775510204085 14.0 1.402439565433704 49 279.0
379 5.0 5.8979591836734695 15.0 1.4469061527846183 49 289.0
380 4.0 5.816326530612245 14.0 1.4954579759468762 49 285.0
381 4.0 5.73469387755102 14.0 1.365886619929854 49 281.0
382 5.0 5.857142857142857 15.0 1.5679073101855647 49 287.0
383 4.0 5.73469387755102 14.0 1.350547885799217 49 281.0
384 5.0 5.836734693877551 15.0 1.4768623662953813 49 286.0
385 5.0 5.857142857142857 14.0 1.322875655532295 49 287.0
386 4.0 5.8979591836734695 15.0 1.4754222271266346 49 289.0
387 5.0 5.938775510204081 14.0 1.5194319561559029 49 291.0
388 4.0 5.775510204081633 15.0 1.5036802924055055 49 283.0
389 5.0 5.816326530612245 14.0 1.33343962161389 49 285.0
390 5.0 5.816326530612245 15.0 1.4814614038699965 49 285.0
391 4.0 5.857142857142857 14.0 1.338531533684084 49 287.0
392 5.0 5.73469387755102 14.0 1.3350329303691606 49 281.0
393 4.0 5.816326530612245 15.0 1.4814614038699965 49 285.0
394 5.0 5.795918367346939 14.0 1.3225542181188428 49 284.0
395 5.0 5.836734693877551 15.0 1.4626878622293022 49 286.0
396 5.0 5.816326530612245 14.0 1.317723247811591 49 285.0
397 4.0 5.836734693877551 15.0 1.462687862229302 49 286.0
398 5.0 5.755102040816326 14.0 1.3467648310689146 49 282.0
399 5.0 5.857142857142857 14.0 1.338531533684084 49 287.0
400 5.0 5.775510204081633 15.0 1.461524690783124 49 283.0
401 4.0 5.795918367346939 14.0 1.3689958582347663 49 284.0
402 5.0 5.857142857142857 15.0 1.443375672974064 49 287.0
403 5.0 5.755102040816326 14.0 1.3621461657512195 49 282.0
404 4.0 5.877551020408164 15.0 1.452478529118768 49 288.0
405 5.0 5.653061224489796 14.0 1.3624582624824888 49 277.0
406 4.0 5.795918367346939 14.0 1.3689958582347665 49 284.0
407 5.0 5.857142857142857 15.0 1.443375672974064 49 287.0
408 4.0 5.653061224489796 14.0 1.3470804914110128 49 277.0
409 5.0 5.918367346938775 15.0 1.469647558286758 49 290.0
410 4.0 5.755102040816326 14.0 1.377355743276738 49 282.0
411 5.0 6.36734693877551 26.0 3.2060741670500765 49 312.0
412 4.0 5.857142857142857 14.0 1.632993161855452 49 287.0
413 5.0 6.081632653061225 15.0 2.049763550325963 49 298.0
414 4.0 6.204081632653061 20.0 2.5411578056463315 49 304.0
415 4.0 5.959183673469388 14.0 1.4571545284313154 49 292.0
416 4.0 5.836734693877551 14.0 1.4626878622293022 49 286.0
417 5.0 6.020408163265306 14.0 1.520550831091145 49 295.0
418 4.0 6.020408163265306 15.0 1.8651384657978183 49 295.0
419 5.0 5.959183673469388 15.0 1.4571545284313154 49 292.0
420 4.0 5.836734693877551 14.0 1.4045601146431077 49 286.0
421 4.0 5.8979591836734695 15.0 1.5578416955195795 49 289.0
422 4.0 5.938775510204081 14.0 1.3755023819394447 49 291.0
423 5.0 5.795918367346939 15.0 1.4997165265022405 49 284.0
424 4.0 5.8979591836734695 14.0 1.3423377921742792 49 289.0
425 5.0 5.816326530612245 15.0 1.495457975946876 49 285.0
426 4.0 5.836734693877551 14.0 1.4193152512084573 49 286.0
427 4.0 5.857142857142857 15.0 1.4719601443879742 49 287.0
428 5.0 5.6938775510204085 14.0 1.3724078844718661 49 279.0
429 5.0 5.918367346938775 14.0 1.3044273119821195 49 290.0
430 4.0 5.775510204081633 15.0 1.4757103673944196 49 283.0
431 4.0 5.857142857142857 14.0 1.3994046353122216 49 287.0
432 4.0 5.857142857142857 15.0 1.4860462083439172 49 287.0
433 5.0 5.755102040816326 14.0 1.331205785570892 49 282.0
434 4.0 6.285714285714286 22.0 2.7913557040740375 49 308.0
435 4.0 5.714285714285714 15.0 1.4719601443879737 49 280.0
436 4.0 5.795918367346939 14.0 1.3382138567996564 49 284.0
437 4.0 5.877551020408164 15.0 1.4808873052613938 49 288.0
438 4.0 5.6938775510204085 14.0 1.3571428571428565 49 279.0
439 5.0 5.836734693877551 15.0 1.4483746461624696 49 286.0
440 4.0 5.755102040816326 14.0 1.3312057855708919 49 282.0
441 4.0 5.857142857142857 15.0 1.4860462083439168 49 287.0
442 4.0 5.755102040816326 14.0 1.3312057855708919 49 282.0
443 5.0 5.8979591836734695 15.0 1.4324352509971676 49 289.0
444 4.0 5.714285714285714 14.0 1.3693063937629146 49 280.0
445 5.0 5.816326530612245 14.0 1.317723247811591 49 285.0
446 4.0 5.653061224489796 14.0 1.3470804914110128 49 277.0
447 5.0 6.040816326530612 15.0 1.5132633565888511 49 296.0
448 4.0 5.8979591836734695 15.0 1.4754222271266346 49 289.0
449 5.0 5.795918367346939 15.0 1.4574462802669417 49 284.0
450 4.0 5.775510204081633 14.0 1.3580823815593954 49 283.0
451 5.0 5.8979591836734695 15.0 1.4612337532484843 49 289.0
452 4.0 6.387755102040816 36.0 4.452603763205171 49 313.0
453 5.0 6.244897959183673 31.0 3.648804668683169 49 306.0
454 5.0 6.040816326530612 26.0 2.9718062946735317 49 296.0
455 4.0 6.020408163265306 23.0 2.553508990245641 49 295.0
456 5.0 6.0 23.0 2.533114025595111 49 294.0
457 5.0 6.183673469387755 20.0 2.803817853895493 49 303.0
458 4.0 5.979591836734693 17.0 2.015458962601812 49 293.0
459 4.0 6.020408163265306 14.0 1.6769242171105918 49 295.0
460 5.0 5.877551020408164 15.0 1.641044548720221 49 288.0
461 4.0 5.8979591836734695 15.0 1.5843623580584878 49 289.0
462 4.0 5.8979591836734695 14.0 1.5171917308960388 49 289.0
463 5.0 5.918367346938775 15.0 1.5523736488288606 49 290.0
464 4.0 5.836734693877551 14.0 1.4193152512084573 49 286.0
465 5.0 5.918367346938775 15.0 1.5388948238627498 49 290.0
466 4.0 5.979591836734694 15.0 1.626471076676528 49 293.0
467 4.0 5.857142857142857 14.0 1.369306393762915 49 287.0
468 5.0 6.755102040816327 46.0 5.910903104450629 49 331.0
469 4.0 5.959183673469388 16.0 1.6577995414789721 49 292.0
470 4.0 5.979591836734694 14.0 1.346133288323252 49 293.0
471 4.0 5.836734693877551 15.0 1.4909021147098354 49 286.0
472 5.0 5.979591836734694 15.0 1.4504280390969553 49 293.0
473 4.0 5.836734693877551 14.0 1.3745747641772441 49 286.0
474 5.0 5.877551020408164 15.0 1.4380637019563332 49 288.0
475 5.0 5.877551020408164 15.0 1.4380637019563334 49 288.0
476 4.0 5.918367346938775 15.0 1.6051575038745878 49 290.0
477 5.0 5.857142857142857 14.0 1.2909944487358052 49 287.0
478 4.0 6.020408163265306 15.0 1.973678839949729 49 295.0
479 4.0 5.938775510204081 15.0 1.7127969726116863 49 291.0
480 4.0 6.020408163265306 14.0 1.626471076676528 49 295.0
481 4.0 5.836734693877551 15.0 1.6500876084760645 49 286.0
482 4.0 5.938775510204081 14.0 1.4492550279555423 49 291.0
483 4.0 6.0 15.0 1.541103500742244 49 294.0
484 5.0 5.877551020408164 15.0 1.5630186214131787 49 288.0
485 4.0 6.020408163265306 15.0 1.6644543139615775 49 295.0
486 5.0 5.979591836734694 14.0 1.3615217576662657 49 293.0
487 4.0 5.795918367346939 15.0 1.5676361163220496 49 284.0
488 4.0 5.918367346938775 15.0 1.4696475582867583 49 290.0
489 5.0 5.816326530612245 14.0 1.3795148511305684 49 285.0
490 4.0 5.979591836734694 15.0 1.421410624438028 49 293.0
491 5.0 5.836734693877551 15.0 1.4909021147098356 49 286.0
492 4.0 5.918367346938775 14.0 1.3514919948874642 49 290.0
493 5.0 5.938775510204081 15.0 1.4635596341526664 49 291.0
494 5.0 5.73469387755102 14.0 1.319335536739385 49 281.0
495 4.0 5.816326530612245 15.0 1.4673313274410094 49 285.0
496 5.0 5.775510204081632 15.0 1.4471999706682004 49 283.0
497 5.0 5.836734693877551 15.0 1.4909021147098356 49 286.0
498 4.0 5.795918367346939 15.0 1.4574462802669417 49 284.0
499 4.0 5.877551020408164 14.0 1.3483423937874064 49 288.0
500 5.0 5.755102040816326 15.0 1.4653016220346635 49 282.0
501 4.0 5.857142857142857 15.0 1.486046208343917 49 287.0
502 4.0 5.816326530612245 14.0 1.317723247811591 49 285.0
503 4.0 5.8979591836734695 15.0 1.4612337532484843 49 289.0
504 5.0 5.775510204081632 15.0 1.4471999706682004 49 283.0
505 4.0 5.8979591836734695 14.0 1.3109299809547363 49 289.0
506 4.0 5.63265306122449 15.0 1.5096064270616525 49 276.0
507 5.0 6.020408163265306 15.0 1.421410624438028 49 295.0
508 4.0 5.714285714285714 14.0 1.3693063937629146 49 280.0
509 5.0 5.918367346938775 15.0 1.4554027892345005 49 290.0
510 4.0 5.755102040816326 15.0 1.4934664967352798 49 282.0
511 5.0 5.918367346938775 15.0 1.426486573921476 49 290.0
512 4.0 5.857142857142857 15.0 1.486046208343917 49 287.0
513 5.0 5.816326530612245 14.0 1.3018171496629092 49 285.0
514 5.0 5.836734693877551 15.0 1.4339185642774812 49 286.0
515 5.0 5.918367346938775 15.0 1.5115766423103496 49 290.0
516 4.0 6.224489795918368 22.0 2.6556959706328174 49 305.0
517 5.0 5.73469387755102 15.0 1.46877939976365 49 281.0
518 5.0 5.918367346938775 15.0 1.469647558286758 49 290.0
519 4.0 5.816326530612245 14.0 1.33343962161389 49 285.0
520 5.0 5.857142857142857 15.0 1.4288690166235203 49 287.0
521 5.0 5.857142857142857 15.0 1.486046208343917 49 287.0
522 4.0 6.408163265306122 33.0 4.102430008274257 49 314.0
523 5.0 5.775510204081632 15.0 1.461524690783124 49 283.0
524 4.0 5.918367346938775 15.0 1.4977307097444332 49 290.0
525 4.0 5.836734693877551 14.0 1.3125506145083545 49 286.0
526 4.0 5.877551020408164 15.0 1.4667516982153748 49 288.0
527 5.0 5.938775510204081 15.0 1.4348078161857614 49 291.0
528 4.0 5.795918367346939 14.0 1.3536923554476024 49 284.0
529 5.0 5.836734693877551 15.0 1.4626878622293022 49 286.0
530 4.0 5.877551020408164 15.0 1.4667516982153752 49 288.0
531 4.0 5.775510204081633 14.0 1.3884239584634703 49 283.0
532 5.0 5.938775510204081 15.0 1.4348078161857614 49 291.0
533 4.0 5.877551020408164 15.0 1.5225068836903015 49 288.0
534 5.0 6.081632653061225 20.0 2.4138207498165416 49 298.0
535 5.0 5.918367346938775 15.0 1.426486573921476 49 290.0
536 4.0 5.795918367346939 15.0 1.5272468671427284 49 284.0
537 5.0 5.918367346938775 14.0 1.2883570722351125 49 290.0
538 4.0 5.816326530612245 15.0 1.495457975946876 49 285.0
539 4.0 5.877551020408164 15.0 1.452478529118768 49 288.0
540 4.0 5.918367346938775 14.0 1.3514919948874642 49 290.0
541 5.0 5.795918367346939 15.0 1.4716712698597507 49 284.0
542 4.0 5.857142857142857 15.0 1.4577379737113247 49 287.0
543 4.0 5.877551020408164 14.0 1.3483423937874066 49 288.0
544 5.0 5.877551020408164 15.0 1.452478529118768 49 288.0
545 4.0 5.816326530612245 14.0 1.33343962161389 49 285.0
546 5.0 6.36734693877551 31.0 3.871336319406929 49 312.0
547 4.0 6.224489795918368 21.0 2.647839576290209 49 305.0
548 5.0 5.959183673469388 15.0 1.4571545284313154 49 292.0
549 5.0 6.122448979591836 16.0 1.9646103627821518 49 300.0
550 4.0 6.204081632653061 15.0 1.7792741010115927 49 304.0
551 5.0 6.224489795918368 15.0 1.7472037913292695 49 305.0
552 4.0 5.938775510204081 14.0 1.533081907810023 49 291.0
553 4.0 6.163265306122449 15.0 1.6246402008792364 49 302.0
554 4.0 6.1020408163265305 15.0 1.530861657683667 49 299.0
555 5.0 6.020408163265306 15.0 1.5341908279606675 49 295.0
556 5.0 6.183673469387755 15.0 1.5899878063965756 49 303.0
557 5.0 6.020408163265306 14.0 1.361521757666266 49 295.0
558 4.0 6.061224489795919 14.0 1.3905658809951267 49 297.0
559 5.0 6.6938775510204085 55.0 7.074614481936609 49 328.0
560 5.0 6.061224489795919 15.0 1.4635596341526664 49 297.0
561 4.0 6.204081632653061 15.0 1.4139128897721895 49 304.0
562 4.0 6.387755102040816 21.0 2.588567223795596 49 313.0
563 4.0 6.428571428571429 19.0 2.5413251136628183 49 315.0
564 5.0 6.346938775510204 15.0 1.785952365081481 49 311.0
565 4.0 6.081632653061225 15.0 1.7058323321998063 49 298.0
566 5.0 6.061224489795919 14.0 1.533081907810023 49 297.0
567 5.0 6.142857142857143 15.0 1.683250823060346 49 301.0
568 5.0 6.142857142857143 15.0 1.5411035007422438 49 301.0
569 4.0 6.142857142857143 15.0 1.541103500742244 49 301.0
570 5.0 6.0 15.0 1.567907310185565 49 294.0
571 4.0 6.408163265306122 17.0 2.1400775623301875 49 314.0
572 4.0 5.979591836734694 15.0 1.5067873649806416 49 293.0
573 5.0 6.142857142857143 15.0 1.4719601443879742 49 301.0
574 5.0 6.040816326530612 15.0 1.4282737785153645 49 296.0
575 5.0 6.061224489795919 15.0 1.4635596341526664 49 297.0
576 4.0 6.1020408163265305 15.0 1.4469061527846183 49 299.0
577 4.0 5.938775510204081 14.0 1.360272081627209 49 291.0
578 5.0 6.081632653061225 15.0 1.3969719439719963 49 298.0
579 4.0 6.040816326530612 15.0 1.5132633565888511 49 296.0
580 5.0 6.142857142857143 15.0 1.5811388300841893 49 301.0
581 5.0 6.1020408163265305 15.0 1.5171917308960388 49 299.0
582 4.0 6.020408163265306 15.0 1.435992628787478 49 295.0
583 4.0 6.0 15.0 1.4288690166235205 49 294.0
584 5.0 6.122448979591836 15.0 1.408791637379715 49 300.0
585 5.0 6.020408163265306 16.0 1.6518902798305457 49 295.0
586 5.0 6.020408163265306 15.0 1.464721189600705 49 295.0
587 4.0 6.1020408163265305 15.0 1.403045763674865 49 299.0
588 4.0 6.0 15.0 1.4719601443879744 49 294.0
589 5.0 6.142857142857143 17.0 2.041241452319314 49 301.0
590 5.0 6.346938775510204 19.0 2.33230054888733 49 311.0
591 5.0 6.040816326530612 15.0 1.540551628387666 49 296.0
592 5.0 6.040816326530612 15.0 1.4427864197660103 49 296.0
593 4.0 5.918367346938775 15.0 1.4554027892345005 49 290.0
594 5.0 5.938775510204081 15.0 1.4202136468577842 49 291.0
595 5.0 6.0 14.0 1.3385315336840842 49 294.0
596 4.0 5.959183673469388 15.0 1.4427864197660103 49 292.0
597 4.0 6.040816326530612 15.0 1.4427864197660103 49 296.0
598 4.0 6.040816326530612 15.0 1.4282737785153645 49 296.0
599 5.0 6.1020408163265305 15.0 1.4469061527846183 49 299.0
600 4.0 6.0 14.0 1.3070322617798436 49 294.0
601 5.0 6.1020408163265305 15.0 1.4178166600913717 49 299.0
602 5.0 5.959183673469388 15.0 1.4427864197660105 49 292.0
603 4.0 6.122448979591836 15.0 1.4524785291187674 49 300.0
604 4.0 5.979591836734694 15.0 1.4359926287874778 49 293.0
605 5.0 6.1020408163265305 15.0 1.4324352509971678 49 299.0
606 5.0 6.183673469387755 15.0 1.4814614038699965 49 303.0
607 4.0 6.020408163265306 15.0 1.492897014732978 49 295.0
608 5.0 6.081632653061225 15.0 1.4118063886070091 49 298.0
609 5.0 6.061224489795919 15.0 1.4348078161857614 49 297.0
610 4.0 5.979591836734694 14.0 1.314816145549878 49 293.0
611 5.0 6.061224489795919 14.0 1.2814081327668743 49 297.0
612 5.0 6.020408163265306 15.0 1.4214106244380282 49 295.0
613 4.0 6.020408163265306 15.0 1.4788762050732887 49 295.0
614 5.0 6.061224489795919 15.0 1.405467942023019 49 297.0
615 5.0 6.0 15.0 1.4433756729740645 49 294.0
616 4.0 6.612244897959184 36.0 4.5268473509469604 49 324.0
617 5.0 6.081632653061225 15.0 1.4264865739214765 49 298.0
618 5.0 6.1020408163265305 15.0 1.4324352509971678 49 299.0
619 5.0 6.1020408163265305 15.0 1.3881176997284195 49 299.0
620 4.0 6.0 15.0 1.4433756729740645 49 294.0
621 5.0 6.061224489795919 14.0 1.2650455075033546 49 297.0
622 5.0 5.979591836734694 15.0 1.492897014732978 49 293.0
623 4.0 6.061224489795919 15.0 1.4202136468577842 49 297.0
624 4.0 6.122448979591836 15.0 1.408791637379715 49 300.0
625 5.0 6.040816326530612 15.0 1.3987968591118665 49 296.0
626 4.0 6.020408163265306 15.0 1.464721189600705 49 295.0
627 5.0 6.081632653061225 15.0 1.4118063886070091 49 298.0
628 5.0 6.1020408163265305 15.0 1.4324352509971676 49 299.0
629 5.0 6.081632653061225 15.0 1.3969719439719963 49 298.0
630 4.0 6.061224489795919 15.0 1.4492550279555423 49 297.0
631 5.0 6.2857142857142865 19.0 2.3452078799117144 49 308.0
632 5.0 6.122448979591836 15.0 1.408791637379715 49 300.0
633 4.0 6.285714285714286 17.0 2.1408720964441894 49 308.0
634 5.0 6.122448979591836 15.0 1.423502913315489 49 300.0
635 5.0 6.122448979591836 15.0 1.408791637379715 49 300.0
636 5.0 6.081632653061225 15.0 1.3969719439719963 49 298.0
637 4.0 6.142857142857143 15.0 1.4288690166235205 49 301.0
638 5.0 6.183673469387755 15.0 1.3643293436055413 49 303.0
639 5.0 6.122448979591836 15.0 1.4524785291187676 49 300.0
640 4.0 6.081632653061225 15.0 1.4264865739214765 49 298.0
641 4.0 6.040816326530612 15.0 1.4427864197660103 49 296.0
642 5.0 6.081632653061225 15.0 1.4410172144165727 49 298.0
643 5.0 6.122448979591836 15.0 1.3788983081495476 49 300.0
644 4.0 6.081632653061225 15.0 1.4118063886070091 49 298.0
645 5.0 6.163265306122449 15.0 1.462687862229302 49 302.0
646 5.0 6.122448979591836 15.0 1.3637059351454834 49 300.0
647 4.0 6.122448979591836 15.0 1.4524785291187674 49 300.0
648 4.0 6.142857142857143 16.0 1.5545631755148022 49 301.0
649 5.0 6.1020408163265305 15.0 1.4324352509971678 49 299.0
650 5.0 6.428571428571429 15.0 1.925703334715223 49 315.0
651 5.0 6.204081632653061 15.0 1.3536923554476021 49 304.0
652 4.0 6.244897959183674 15.0 1.7384213653592202 49 306.0
653 4.0 6.183673469387755 15.0 1.394535008938987 49 303.0
654 5.0 6.224489795918367 15.0 1.3580823815593956 49 305.0
655 4.0 6.183673469387755 17.0 1.666751698511147 49 303.0
656 5.0 6.224489795918367 15.0 1.4033487645991782 49 305.0
657 4.0 6.081632653061225 15.0 1.381978272469662 49 298.0
658 4.0 6.122448979591836 15.0 1.4524785291187676 49 300.0
659 5.0 6.204081632653061 15.0 1.3536923554476021 49 304.0
660 5.0 6.224489795918367 15.0 1.4033487645991782 49 305.0
661 5.0 6.163265306122449 15.0 1.3745747641772437 49 302.0
662 4.0 6.122448979591836 15.0 1.3939251094963285 49 300.0
663 5.0 6.1020408163265305 15.0 1.3881176997284195 49 299.0
664 5.0 6.122448979591836 15.0 1.4087916373797151 49 300.0
665 5.0 6.183673469387755 15.0 1.4241001455269198 49 303.0
666 5.0 6.163265306122449 15.0 1.389648318453123 49 302.0
667 4.0 6.26530612244898 15.0 1.3960585918351471 49 307.0
668 5.0 6.183673469387755 15.0 1.3489729023062178 49 303.0
669 5.0 6.448979591836735 20.0 2.415757511370191 49 316.0
670 5.0 6.040816326530612 16.0 1.5269684518879958 49 296.0
671 4.0 6.26530612244898 15.0 1.5244604264580746 49 307.0
672 5.0 6.163265306122449 15.0 1.389648318453123 49 302.0
673 5.0 6.244897959183674 15.0 1.3621461657512195 49 306.0
674 5.0 6.122448979591836 15.0 1.3788983081495476 49 300.0
675 4.0 6.346938775510204 24.0 2.9619181595164767 49 311.0
676 4.0 6.285714285714286 15.0 1.6201851746019644 49 308.0
677 4.0 6.183673469387755 15.0 1.409395103518927 49 303.0
678 5.0 6.163265306122449 15.0 1.3593340706560175 49 302.0
679 4.0 6.285714285714286 15.0 1.914854215512677 49 308.0
680 4.0 6.326530612244898 15.0 2.004035045248719 49 310.0
681 5.0 6.326530612244898 15.0 1.6379325777490665 49 310.0
682 5.0 6.387755102040816 15.0 1.5918585381377883 49 313.0
683 4.0 6.26530612244898 15.0 1.6301266592415655 49 307.0
684 5.0 6.244897959183674 15.0 1.5616579363625318 49 306.0
685 5.0 6.6938775510204085 42.0 5.240881293703751 49 328.0
686 5.0 6.224489795918367 15.0 1.4897609724724432 49 305.0
687 4.0 6.224489795918368 15.0 1.432732036507655 49 305.0
688 5.0 6.244897959183674 15.0 1.5073515991756585 49 306.0
689 5.0 6.183673469387755 16.0 1.5501810295864784 49 303.0
690 5.0 6.122448979591836 15.0 1.4380637019563325 49 300.0
691 4.0 6.183673469387755 15.0 1.4386548895257891 49 303.0
692 5.0 6.26530612244898 15.0 1.3810550043970253 49 307.0
693 4.0 6.1020408163265305 15.0 1.4469061527846183 49 299.0
694 5.0 6.224489795918367 15.0 1.4033487645991782 49 305.0
695 5.0 6.061224489795919 15.0 1.405467942023019 49 297.0
696 5.0 6.224489795918367 15.0 1.3426544933211126 49 305.0
697 5.0 6.061224489795919 15.0 1.4202136468577842 49 297.0
698 5.0 6.122448979591836 15.0 1.4235029133154893 49 300.0
699 4.0 6.061224489795919 15.0 1.390565880995127 49 297.0
700 5.0 6.183673469387755 15.0 1.394535008938987 49 303.0
701 4.0 6.081632653061225 15.0 1.4118063886070091 49 298.0
702 5.0 6.142857142857143 15.0 1.3844373104863454 49 301.0
703 5.0 6.142857142857143 15.0 1.3844373104863454 49 301.0
704 5.0 6.224489795918368 15.0 1.5446858650770088 49 305.0
705 5.0 6.285714285714286 15.0 1.3693063937629149 49 308.0
706 4.0 6.122448979591836 15.0 1.408791637379715 49 300.0
707 5.0 6.142857142857143 16.0 1.5545631755148024 49 301.0
708 5.0 6.163265306122449 15.0 1.389648318453123 49 302.0
709 5.0 6.163265306122449 15.0 1.389648318453123 49 302.0
710 5.0 6.1020408163265305 15.0 1.3730273419100771 49 299.0
711 4.0 6.204081632653061 15.0 1.4139128897721895 49 304.0
712 5.0 6.122448979591836 15.0 1.408791637379715 49 300.0
713 5.0 6.142857142857143 15.0 1.3540064007726595 49 301.0
714 5.0 6.285714285714286 15.0 1.3844373104863452 49 308.0
715 4.0 6.122448979591836 15.0 1.4235029133154893 49 300.0
716 5.0 6.183673469387755 15.0 1.3643293436055415 49 303.0
717 5.0 6.204081632653061 16.0 1.5135442928869345 49 304.0
718 5.0 6.163265306122449 15.0 1.389648318453123 49 302.0
719 5.0 6.204081632653061 15.0 1.3689958582347663 49 304.0
720 4.0 6.408163265306122 16.0 2.060727696580939 49 314.0
721 5.0 6.142857142857143 15.0 1.3844373104863454 49 301.0
722 4.0 6.163265306122449 15.0 1.4193152512084573 49 302.0
723 5.0 6.204081632653061 15.0 1.3841301696482924 49 304.0
724 5.0 6.122448979591836 15.0 1.3939251094963285 49 300.0
725 4.0 6.040816326530612 15.0 1.471382338617178 49 296.0
726 5.0 6.204081632653061 15.0 1.5542896533563526 49 304.0
727 5.0 6.122448979591836 15.0 1.3939251094963285 49 300.0
728 5.0 6.857142857142857 40.0 5.024937810560448 49 336.0
729 5.0 6.285714285714286 15.0 1.3693063937629146 49 308.0
730 4.0 6.326530612244898 16.0 1.5328045524196385 49 310.0
731 5.0 6.142857142857143 15.0 1.3844373104863454 49 301.0
732 5.0 6.224489795918367 15.0 1.3884239584634708 49 305.0
733 5.0 6.142857142857143 15.0 1.3693063937629149 49 301.0
734 4.0 6.142857142857143 15.0 1.3994046353122218 49 301.0
735 5.0 6.163265306122449 15.0 1.4045601146431075 49 302.0
736 5.0 6.163265306122449 15.0 1.4193152512084573 49 302.0
737 4.0 6.081632653061225 15.0 1.4264865739214765 49 298.0
738 5.0 6.408163265306122 19.0 2.379761606993953 49 314.0
739 5.0 6.163265306122449 16.0 1.5322496910250167 49 302.0
740 4.0 6.1020408163265305 15.0 1.4324352509971678 49 299.0
741 5.0 6.63265306122449 30.0 3.6951199662021628 49 325.0
742 5.0 6.26530612244898 15.0 1.7172593257387587 49 307.0
743 5.0 6.530612244897959 18.0 2.3282865732866584 49 320.0
744 5.0 6.244897959183674 15.0 1.5482599405582433 49 306.0
745 5.0 6.204081632653061 15.0 1.513544292886935 49 304.0
746 5.0 6.163265306122449 15.0 1.5457864607742318 49 302.0
747 5.0 6.224489795918367 16.0 1.6490566258021713 49 305.0
748 5.0 6.183673469387755 15.0 1.4530638519428964 49 303.0
749 5.0 6.142857142857143 15.0 1.4719601443879742 49 301.0
750 5.0 6.183673469387755 15.0 1.3795148511305684 49 303.0
751 5.0 6.163265306122449 15.0 1.462687862229302 49 302.0
752 4.0 6.163265306122449 15.0 1.462687862229302 49 302.0
753 5.0 6.142857142857143 15.0 1.414213562373095 49 301.0
754 5.0 6.163265306122449 16.0 1.5457864607742318 49 302.0
755 5.0 6.163265306122449 15.0 1.4045601146431075 49 302.0
756 4.0 6.061224489795919 15.0 1.4492550279555423 49 297.0
757 5.0 6.040816326530612 15.0 1.4136121532187989 49 296.0
758 5.0 6.122448979591836 15.0 1.3939251094963285 49 300.0
759 4.0 6.346938775510204 15.0 1.7742489069106029 49 311.0
760 5.0 6.122448979591836 15.0 1.3788983081495476 49 300.0
761 5.0 6.1020408163265305 15.0 1.4178166600913717 49 299.0
762 5.0 6.081632653061225 15.0 1.3819782724696623 49 298.0
763 4.0 6.122448979591836 15.0 1.4380637019563325 49 300.0
764 4.0 6.326530612244898 15.0 1.5463364648694782 49 310.0
765 5.0 6.163265306122449 16.0 1.4909021147098351 49 302.0
766 5.0 6.183673469387755 15.0 1.4093951035189272 49 303.0
767 5.0 6.163265306122449 15.0 1.3593340706560175 49 302.0
768 5.0 6.244897959183674 15.0 1.377355743276738 49 306.0
769 4.0 6.142857142857143 16.0 1.5138251770487454 49 301.0
770 5.0 6.755102040816327 37.0 4.625700902948377 49 331.0
771 5.0 6.183673469387755 15.0 1.4093951035189272 49 303.0
772 5.0 6.571428571428571 21.0 2.508319490548735 49 322.0
773 5.0 6.387755102040816 15.0 1.7773614166629639 49 313.0
774 5.0 6.224489795918368 15.0 1.61071032625424 49 305.0
775 5.0 6.408163265306122 15.0 1.718991556927816 49 314.0
776 5.0 6.224489795918367 15.0 1.5714285714285712 49 305.0
777 4.0 6.204081632653061 16.0 1.6953317256112281 49 304.0
778 4.0 6.204081632653061 15.0 1.485760072554542 49 304.0
779 5.0 6.224489795918368 15.0 1.4471999706682004 49 305.0
780 5.0 6.163265306122449 15.0 1.4909021147098354 49 302.0
781 5.0 6.1020408163265305 15.0 1.4754222271266348 49 299.0
782 4.0 6.163265306122449 15.0 1.462687862229302 49 302.0
783 5.0 6.244897959183674 15.0 1.377355743276738 49 306.0
784 5.0 6.244897959183674 15.0 1.3923991921155665 49 306.0
785 5.0 6.204081632653061 15.0 1.428571428571428 49 304.0
786 5.0 6.142857142857143 15.0 1.3844373104863454 49 301.0
787 4.0 6.183673469387755 16.0 1.5501810295864784 49 303.0
788 5.0 6.346938775510204 19.0 2.314366547677097 49 311.0
789 4.0 6.183673469387755 15.0 1.4814614038699965 49 303.0
790 4.0 6.061224489795919 15.0 1.4202136468577842 49 297.0
791 5.0 6.040816326530612 15.0 1.4282737785153645 49 296.0
792 5.0 6.183673469387755 15.0 1.4093951035189272 49 303.0
793 5.0 6.122448979591836 15.0 1.3788983081495476 49 300.0
794 4.0 6.775510204081632 37.0 4.687151347577975 49 332.0
795 5.0 6.204081632653061 15.0 1.658055988157199 49 304.0
796 4.0 6.183673469387755 16.0 1.7038372059823657 49 303.0
797 4.0 6.183673469387755 15.0 1.56356256387663 49 303.0
798 4.0 6.448979591836735 15.0 1.8603452243445298 49 316.0
799 4.0 6.122448979591836 15.0 1.5225068836903008 49 300.0
800 5.0 6.224489795918367 16.0 1.5846306893938116 49 305.0
801 5.0 6.1020408163265305 15.0 1.4754222271266346 49 299.0
802 5.0 6.26530612244898 15.0 1.4545261285048823 49 307.0
803 4.0 6.142857142857143 16.0 1.5679073101855647 49 301.0
804 4.0 6.061224489795919 15.0 1.505658262263083 49 297.0
805 4.0 6.163265306122449 15.0 1.4339185642774812 49 302.0
806 5.0 6.081632653061225 15.0 1.4410172144165727 49 298.0
807 5.0 6.36734693877551 15.0 1.5504552765642257 49 312.0
808 5.0 6.183673469387755 15.0 1.3795148511305684 49 303.0
809 5.0 6.040816326530612 15.0 1.4427864197660105 49 296.0
810 4.0 6.061224489795919 15.0 1.4348078161857614 49 297.0
811 4.0 6.244897959183674 15.0 1.4220087353942013 49 306.0
812 5.0 6.224489795918368 17.0 2.0942909114468105 49 305.0
813 5.0 6.224489795918367 16.0 1.5311393650161438 49 305.0
814 5.0 6.081632653061225 16.0 1.5388948238627502 49 298.0
815 5.0 6.183673469387755 15.0 1.3643293436055413 49 303.0
816 5.0 6.142857142857143 15.0 1.3540064007726595 49 301.0
817 4.0 6.040816326530612 15.0 1.4427864197660103 49 296.0
818 4.0 6.163265306122449 15.0 1.4339185642774812 49 302.0
819 5.0 6.244897959183674 15.0 1.4220087353942013 49 306.0
820 5.0 6.1020408163265305 15.0 1.3881176997284195 49 299.0
821 5.0 6.530612244897959 28.0 3.4284474183922202 49 320.0
822 4.0 6.326530612244898 15.0 1.807251079010616 49 310.0
823 5.0 6.3061224489795915 16.0 1.66087428824717 49 309.0
824 5.0 6.244897959183674 15.0 1.3467648310689146 49 306.0
825 5.0 6.142857142857143 15.0 1.3994046353122218 49 301.0
826 5.0 6.142857142857143 16.0 1.5942605391424156 49 301.0
827 4.0 6.1020408163265305 15.0 1.4178166600913717 49 299.0
828 5.0 6.122448979591836 15.0 1.3939251094963285 49 300.0
829 5.0 6.122448979591836 15.0 1.408791637379715 49 300.0
830 5.0 6.1020408163265305 15.0 1.3577692789888807 49 299.0
831 5.0 6.285714285714286 16.0 1.9790570145063202 49 308.0
832 4.0 6.1020408163265305 15.0 1.4178166600913717 49 299.0
833 5.0 6.163265306122449 16.0 1.5322496910250167 49 302.0
834 5.0 6.040816326530612 15.0 1.3987968591118665 49 296.0
835 5.0 6.979591836734693 56.0 7.166152489069615 49 342.0
836 5.0 6.346938775510204 27.0 3.05880573378023 49 311.0
837 5.0 6.448979591836735 26.0 2.9865059328711916 49 316.0
838 5.0 6.326530612244898 22.0 2.339762764879886 49 310.0
839 4.0 6.244897959183674 21.0 2.2316904303399134 49 306.0
840 5.0 6.142857142857143 17.0 1.6583123951776995 49 301.0
841 5.0 6.122448979591836 15.0 1.3939251094963285 49 300.0
842 5.0 6.081632653061225 15.0 1.4118063886070091 49 298.0
843 4.0 6.122448979591836 15.0 1.4380637019563325 49 300.0
844 5.0 6.020408163265306 15.0 1.4214106244380282 49 295.0
845 5.0 6.244897959183674 15.0 1.574941959841933 49 306.0
846 4.0 6.387755102040816 19.0 2.289617203546373 49 313.0
847 5.0 6.326530612244898 15.0 1.7840468405430674 49 310.0
848 5.0 6.244897959183674 15.0 1.6141382149217423 49 306.0
849 5.0 6.326530612244898 15.0 1.612293334327959 49 310.0
850 4.0 6.244897959183674 15.0 1.574941959841933 49 306.0
851 5.0 6.183673469387755 15.0 1.495457975946876 49 303.0
852 5.0 6.244897959183674 15.0 1.4934664967352795 49 306.0
853 5.0 6.122448979591836 15.0 1.536129511971897 49 300.0
854 4.0 6.163265306122449 15.0 1.476862366295381 49 302.0
855 5.0 6.183673469387755 15.0 1.4673313274410091 49 303.0
856 5.0 6.1020408163265305 16.0 1.5578416955195795 49 299.0
857 5.0 6.163265306122449 15.0 1.4193152512084573 49 302.0
858 4.0 6.163265306122449 15.0 1.433918564277481 49 302.0
859 5.0 6.163265306122449 15.0 1.4193152512084573 49 302.0
860 5.0 6.183673469387755 17.0 1.679204541190995 49 303.0
861 5.0 6.1020408163265305 15.0 1.3730273419100771 49 299.0
862 4.0 6.183673469387755 17.0 1.6915657119435612 49 303.0
863 5.0 6.224489795918367 16.0 1.5036802924055055 49 305.0
864 5.0 6.163265306122449 16.0 1.5322496910250167 49 302.0
865 5.0 6.163265306122449 15.0 1.374574764177244 49 302.0
866 5.0 6.122448979591836 15.0 1.423502913315489 49 300.0
867 4.0 6.142857142857143 15.0 1.3994046353122218 49 301.0
868 5.0 6.204081632653061 15.0 1.4139128897721898 49 304.0
869 5.0 6.163265306122449 16.0 1.5048108792512518 49 302.0
870 5.0 6.163265306122449 15.0 1.4045601146431075 49 302.0
871 4.0 6.142857142857143 15.0 1.3994046353122218 49 301.0
872 5.0 6.122448979591836 15.0 1.408791637379715 49 300.0
873 5.0 6.163265306122449 15.0 1.4045601146431073 49 302.0
874 5.0 6.163265306122449 15.0 1.3593340706560175 49 302.0
875 5.0 6.142857142857143 16.0 1.5138251770487454 49 301.0
876 4.0 6.204081632653061 15.0 1.5808699060529756 49 304.0
877 5.0 6.204081632653061 15.0 1.3536923554476021 49 304.0
878 5.0 6.122448979591836 15.0 1.408791637379715 49 300.0
879 5.0 6.204081632653061 16.0 1.527246867142728 49 304.0
880 5.0 6.122448979591836 15.0 1.3788983081495476 49 300.0
881 4.0 6.163265306122449 15.0 1.4045601146431075 49 302.0
882 5.0 6.224489795918367 15.0 1.3884239584634708 49 305.0
883 5.0 6.224489795918367 15.0 1.3733369658494985 49 305.0
884 5.0 6.183673469387755 15.0 1.394535008938987 49 303.0
885 4.0 6.183673469387755 16.0 1.495457975946876 49 303.0
886 4.0 6.142857142857143 15.0 1.4142135623730951 49 301.0
887 5.0 6.183673469387755 15.0 1.3795148511305684 49 303.0
888 5.0 6.204081632653061 15.0 1.3841301696482922 49 304.0
889 5.0 6.346938775510204 17.0 1.6272551071277883 49 311.0
890 5.0 6.3061224489795915 15.0 1.6228072594613763 49 309.0
891 5.0 6.122448979591836 15.0 1.3637059351454837 49 300.0
892 4.0 6.183673469387755 15.0 1.409395103518927 49 303.0
893 5.0 6.244897959183674 15.0 1.3923991921155665 49 306.0
894 5.0 6.3061224489795915 16.0 1.4889045418339877 49 309.0
895 4.0 6.142857142857143 15.0 1.3994046353122218 49 301.0
896 4.0 6.020408163265306 15.0 1.435992628787478 49 295.0
897 5.0 6.183673469387755 15.0 1.394535008938987 49 303.0
898 5.0 6.142857142857143 15.0 1.414213562373095 49 301.0
899 5.0 6.26530612244898 16.0 1.680470050859799 49 307.0
900 5.0 6.163265306122449 15.0 1.3593340706560175 49 302.0
901 4.0 6.061224489795919 15.0 1.4492550279555423 49 297.0
902 4.0 6.122448979591836 15.0 1.4380637019563325 49 300.0
903 5.0 6.020408163265306 15.0 1.391788356730998 49 295.0
904 5.0 6.122448979591836 15.0 1.3939251094963285 49 300.0
905 5.0 5.979591836734694 15.0 1.435992628787478 49 293.0
906 4.0 6.040816326530612 15.0 1.471382338617178 49 296.0
907 5.0 6.163265306122449 15.0 1.3593340706560175 49 302.0
908 5.0 6.1020408163265305 15.0 1.3881176997284195 49 299.0
909 5.0 6.081632653061225 15.0 1.4264865739214765 49 298.0
910 4.0 6.020408163265306 15.0 1.421410624438028 49 295.0
911 4.0 6.081632653061225 15.0 1.4264865739214765 49 298.0
912 5.0 6.142857142857143 15.0 1.3994046353122218 49 301.0
913 5.0 6.183673469387755 15.0 1.4241001455269198 49 303.0
914 4.0 6.061224489795919 15.0 1.4492550279555423 49 297.0
915 5.0 6.224489795918368 16.0 1.8173390130725127 49 305.0
916 5.0 6.3061224489795915 15.0 1.8730999443063745 49 309.0
917 4.0 6.244897959183673 16.0 1.9314352634429013 49 306.0
918 4.0 6.326530612244898 15.0 1.62516351872205 49 310.0
919 5.0 6.244897959183674 15.0 1.6397486118927138 49 306.0
920 5.0 6.26530612244898 15.0 1.551551779725726 49 307.0
921 5.0 6.26530612244898 15.0 1.551551779725726 49 307.0
922 5.0 6.244897959183674 17.0 1.7263957185045231 49 306.0
923 4.0 6.36734693877551 17.0 2.1378910709604737 49 312.0
924 5.0 6.36734693877551 15.0 1.46762105620826 49 312.0
925 5.0 6.428571428571429 18.0 2.3003622903070426 49 315.0
926 5.0 6.408163265306122 15.0 1.824810119653307 49 314.0
927 5.0 6.346938775510204 15.0 1.6900569567345367 49 311.0
928 4.0 6.3061224489795915 16.0 1.861944342533868 49 309.0
929 4.0 6.408163265306122 15.0 1.7068290207640748 49 314.0
930 5.0 6.571428571428571 15.0 2.0916500663351894 49 322.0
931 5.0 6.326530612244898 15.0 1.7003401020340123 49 310.0
932 5.0 6.26530612244898 16.0 1.7651193326524424 49 307.0
933 4.0 6.224489795918368 15.0 1.5581145941282282 49 305.0
934 5.0 6.326530612244898 15.0 1.5597509830904743 49 310.0
935 5.0 6.244897959183674 15.0 1.4653016220346633 49 306.0
936 5.0 6.224489795918368 16.0 1.6363743729462934 49 305.0
937 5.0 6.081632653061225 15.0 1.4977307097444337 49 298.0
938 4.0 6.26530612244898 15.0 1.5107325789728863 49 307.0
939 4.0 6.183673469387755 15.0 1.495457975946876 49 303.0
940 5.0 6.142857142857143 15.0 1.4288690166235203 49 301.0
941 5.0 6.285714285714286 16.0 1.5275252316519463 49 308.0
942 5.0 6.142857142857143 15.0 1.3994046353122216 49 301.0
943 4.0 6.224489795918367 15.0 1.4757103673944196 49 305.0
944 5.0 6.183673469387755 15.0 1.4093951035189272 49 303.0
945 5.0 6.183673469387755 15.0 1.4386548895257893 49 303.0
946 5.0 6.081632653061225 15.0 1.4118063886070091 49 298.0
947 4.0 6.1020408163265305 16.0 1.5843623580584878 49 299.0
948 5.0 6.122448979591836 15.0 1.408791637379715 49 300.0
949 5.0 6.244897959183674 15.0 1.521109959931918 49 306.0
950 5.0 6.183673469387755 15.0 1.409395103518927 49 303.0
951 5.0 6.224489795918367 15.0 1.4897609724724434 49 305.0
952 4.0 6.122448979591836 15.0 1.4380637019563325 49 300.0
953 5.0 6.224489795918367 16.0 1.5174719399169703 49 305.0
954 5.0 6.183673469387755 15.0 1.3643293436055413 49 303.0
955 5.0 6.081632653061225 15.0 1.4410172144165725 49 298.0
956 5.0 6.26530612244898 15.0 1.4968788389523717 49 307.0
957 4.0 6.081632653061225 15.0 1.4264865739214765 49 298.0
958 5.0 6.183673469387755 16.0 1.4814614038699965 49 303.0
959 4.0 6.204081632653061 15.0 1.3841301696482924 49 304.0
960 5.0 6.224489795918367 15.0 1.3884239584634706 49 305.0
961 4.0 6.163265306122449 15.0 1.4045601146431075 49 302.0
962 5.0 6.122448979591836 16.0 1.536129511971897 49 300.0
963 4.0 6.36734693877551 15.0 1.9331955146749091 49 312.0
964 5.0 6.163265306122449 15.0 1.374574764177244 49 302.0
965 5.0 6.163265306122449 15.0 1.4045601146431075 49 302.0
966 5.0 6.26530612244898 15.0 1.5649215928719031 49 307.0
967 4.0 6.163265306122449 16.0 1.5857035606672913 49 302.0
968 5.0 6.26530612244898 15.0 1.642857142857143 49 307.0
969 5.0 6.26530612244898 15.0 1.5913242677625659 49 307.0
970 5.0 6.204081632653061 15.0 1.3841301696482922 49 304.0
971 4.0 6.26530612244898 16.0 1.6301266592415655 49 307.0
972 5.0 6.122448979591836 15.0 1.3939251094963285 49 300.0
973 5.0 6.183673469387755 15.0 1.394535008938987 49 303.0
974 4.0 6.285714285714286 16.0 2.0000000000000004 49 308.0
975 4.0 6.163265306122449 15.0 1.4045601146431075 49 302.0
976 5.0 6.163265306122449 16.0 1.5048108792512518 49 302.0
977 5.0 6.163265306122449 15.0 1.3593340706560175 49 302.0
978 5.0 6.061224489795919 15.0 1.420213646857784 49 297.0
979 4.0 5.938775510204081 15.0 1.4777257761126565 49 291.0
980 5.0 6.163265306122449 15.0 1.389648318453123 49 302.0
981 5.0 6.163265306122449 15.0 1.374574764177244 49 302.0
982 5.0 6.1020408163265305 16.0 1.5033975128463704 49 299.0
983 4.0 6.040816326530612 15.0 1.4427864197660107 49 296.0
984 4.0 6.061224489795919 15.0 1.4202136468577842 49 297.0
985 5.0 6.163265306122449 15.0 1.4045601146431075 49 302.0
986 5.0 6.204081632653061 15.0 1.3991007802146624 49 304.0
987 4.0 6.163265306122449 15.0 1.4045601146431075 49 302.0
988 5.0 6.081632653061225 16.0 1.565736444055927 49 298.0
989 4.0 6.081632653061225 15.0 1.4264865739214765 49 298.0
990 5.0 6.122448979591836 15.0 1.408791637379715 49 300.0
991 4.0 6.081632653061225 15.0 1.3819782724696623 49 298.0
992 5.0 6.244897959183674 15.0 1.521109959931918 49 306.0
993 5.0 6.224489795918367 16.0 1.4897609724724434 49 305.0
994 5.0 6.142857142857143 15.0 1.3844373104863457 49 301.0
995 4.0 6.163265306122449 15.0 1.433918564277481 49 302.0
996 5.0 6.163265306122449 16.0 1.5457864607742318 49 302.0
997 5.0 6.122448979591836 15.0 1.3788983081495476 49 300.0
998 5.0 6.142857142857143 15.0 1.3994046353122218 49 301.0
999 4.0 6.081632653061225 15.0 1.4410172144165725 49 298.0
1000 4.0 6.081632653061225 16.0 1.6051575038745882 49 298.0
1001 5.0 6.061224489795919 15.0 1.390565880995127 49 297.0
1002 5.0 6.142857142857143 15.0 1.3844373104863454 49 301.0
1003 4.0 6.183673469387755 15.0 1.394535008938987 49 303.0
1004 4.0 6.224489795918367 16.0 1.5311393650161438 49 305.0
1005 4.0 6.061224489795919 15.0 1.4492550279555423 49 297.0
1006 4.0 6.204081632653061 15.0 1.4139128897721895 49 304.0
1007 5.0 6.081632653061225 15.0 1.4118063886070091 49 298.0
1008 4.0 6.224489795918367 16.0 1.5446858650770086 49 305.0
1009 5.0 6.183673469387755 15.0 1.3795148511305684 49 303.0
1010 5.0 6.142857142857143 15.0 1.3693063937629149 49 301.0
1011 5.0 6.244897959183674 15.0 1.377355743276738 49 306.0
1012 5.0 6.1020408163265305 16.0 1.544410593602832 49 299.0
1013 4.0 7.224489795918368 69.0 9.037572743189145 49 354.0
1014 5.0 6.183673469387755 16.0 1.5366829724517441 49 303.0
1015 5.0 6.183673469387755 15.0 1.3795148511305684 49 303.0
1016 5.0 6.224489795918367 15.0 1.3733369658494985 49 305.0
1017 5.0 6.244897959183674 16.0 1.4934664967352795 49 306.0
1018 5.0 6.142857142857143 15.0 1.3693063937629149 49 301.0
1019 4.0 6.163265306122449 15.0 1.4193152512084573 49 302.0
1020 5.0 6.142857142857143 15.0 1.3844373104863454 49 301.0
1021 5.0 6.204081632653061 16.0 1.5135442928869345 49 304.0
1022 5.0 6.183673469387755 15.0 1.3643293436055413 49 303.0
1023 4.0 6.183673469387755 15.0 1.4241001455269195 49 303.0
1024 5.0 6.204081632653061 16.0 1.527246867142728 49 304.0
1025 4.0 6.142857142857143 15.0 1.414213562373095 49 301.0
1026 5.0 6.183673469387755 15.0 1.3795148511305684 49 303.0
1027 5.0 6.26530612244898 16.0 1.510732578972886 49 307.0
1028 5.0 6.122448979591836 15.0 1.3788983081495474 49 300.0
1029 4.0 6.3061224489795915 15.0 1.8166370215393086 49 309.0
1030 4.0 6.163265306122449 16.0 1.5322496910250167 49 302.0
1031 5.0 6.26530612244898 15.0 1.4109026396259245 49 307.0
1032 5.0 6.142857142857143 15.0 1.3844373104863457 49 301.0
1033 5.0 6.142857142857143 16.0 1.5275252316519463 49 301.0
1034 5.0 6.183673469387755 15.0 1.3795148511305684 49 303.0
1035 4.0 6.183673469387755 16.0 1.536682972451744 49 303.0
1036 5.0 6.224489795918367 15.0 1.4327320365076552 49 305.0
1037 5.0 6.204081632653061 16.0 1.4997165265022399 49 304.0
1038 5.0 6.3061224489795915 15.0 1.4889045418339877 49 309.0
1039 5.0 6.163265306122449 15.0 1.389648318453123 49 302.0
1040 4.0 6.244897959183674 16.0 1.5482599405582431 49 306.0
1041 5.0 6.224489795918367 15.0 1.3884239584634708 49 305.0
1042 5.0 6.204081632653061 16.0 1.5135442928869345 49 304.0
1043 4.0 6.244897959183674 15.0 1.4220087353942013 49 306.0
1044 5.0 6.183673469387755 15.0 1.3795148511305684 49 303.0
1045 5.0 6.285714285714286 16.0 1.5138251770487454 49 308.0
1046 4.0 6.163265306122449 15.0 1.3896483184531232 49 302.0
1047 5.0 6.795918367346939 38.0 4.752103007427054 49 333.0
1048 5.0 7.0 45.0 5.733672470589857 49 343.0
1049 5.0 6.26530612244898 15.0 1.3810550043970253 49 307.0
1050 4.0 6.26530612244898 15.0 1.3960585918351474 49 307.0
1051 4.0 6.204081632653061 16.0 1.5408275892727075 49 304.0
1052 5.0 6.224489795918368 15.0 1.4033487645991782 49 305.0
1053 5.0 6.204081632653061 16.0 1.4997165265022399 49 304.0
1054 5.0 6.142857142857143 15.0 1.3994046353122218 49 301.0
1055 4.0 6.183673469387755 15.0 1.409395103518927 49 303.0
1056 4.0 6.959183673469387 28.0 3.74699426025642 49 341.0
1057 5.0 6.387755102040816 15.0 1.7656010134726117 49 313.0
1058 5.0 6.346938775510204 15.0 1.7145337122203623 49 311.0
1059 5.0 6.510204081632653 16.0 1.9485298836515172 49 319.0
1060 5.0 6.326530612244898 15.0 1.5730511103960887 49 310.0
1061 5.0 6.285714285714286 16.0 1.670828137980286 49 308.0
1062 4.0 6.244897959183674 15.0 1.4934664967352795 49 306.0
1063 5.0 6.387755102040816 16.0 1.5787168646643104 49 313.0
1064 5.0 6.285714285714286 15.0 1.443375672974064 49 308.0
1065 5.0 6.346938775510204 15.0 1.4513071752757247 49 311.0
1066 5.0 6.3061224489795915 16.0 1.570616673378287 49 309.0
1067 4.0 6.3061224489795915 16.0 1.5838255590059607 49 309.0
1068 5.0 6.3061224489795915 15.0 1.4318414954272034 49 309.0
1069 5.0 6.408163265306122 16.0 1.5668222530935403 49 314.0
1070 5.0 6.3061224489795915 15.0 1.402439565433704 49 309.0
1071 5.0 6.3061224489795915 15.0 1.5303060918306104 49 309.0
1072 5.0 6.3061224489795915 16.0 1.5303060918306104 49 309.0
1073 4.0 6.163265306122449 15.0 1.4193152512084573 49 302.0
1074 5.0 6.26530612244898 16.0 1.4968788389523717 49 307.0
1075 5.0 6.285714285714286 15.0 1.3693063937629149 49 308.0
1076 4.0 6.204081632653061 15.0 1.3991007802146624 49 304.0
1077 5.0 6.244897959183674 16.0 1.5073515991756585 49 306.0
1078 4.0 6.244897959183674 15.0 1.4365846686513406 49 306.0
1079 5.0 6.183673469387755 15.0 1.3643293436055415 49 303.0
1080 5.0 6.244897959183674 16.0 1.5616579363625318 49 306.0
1081 5.0 6.326530612244898 15.0 1.5463364648694782 49 310.0
1082 4.0 6.224489795918367 15.0 1.4327320365076552 49 305.0
1083 4.0 6.326530612244898 16.0 1.7246709239499483 49 310.0
1084 5.0 6.204081632653061 16.0 1.4997165265022399 49 304.0
1085 5.0 6.6938775510204085 32.0 3.9539225335558292 49 328.0
1086 5.0 6.285714285714286 16.0 1.4999999999999996 49 308.0
1087 4.0 6.183673469387755 15.0 1.394535008938987 49 303.0
1088 4.0 6.244897959183674 15.0 1.4072818398852265 49 306.0
1089 5.0 6.244897959183674 16.0 1.4794510840862842 49 306.0
1090 5.0 6.183673469387755 15.0 1.4093951035189272 49 303.0
1091 5.0 6.122448979591836 16.0 1.5762911779081357 49 300.0
1092 5.0 6.183673469387755 15.0 1.394535008938987 49 303.0
1093 4.0 6.183673469387755 15.0 1.4241001455269195 49 303.0
1094 5.0 6.204081632653061 16.0 1.5135442928869345 49 304.0
1095 5.0 6.26530612244898 15.0 1.3658866199298538 49 307.0
1096 5.0 6.224489795918367 15.0 1.3884239584634708 49 305.0
1097 4.0 6.081632653061225 16.0 1.6051575038745882 49 298.0
1098 5.0 6.26530612244898 15.0 1.3810550043970253 49 307.0
1099 5.0 6.204081632653061 16.0 1.5135442928869345 49 304.0
1100 4.0 6.224489795918367 15.0 1.4327320365076552 49 305.0
1101 5.0 6.244897959183674 15.0 1.3923991921155665 49 306.0
1102 4.0 6.36734693877551 16.0 1.616244071283537 49 312.0
1103 5.0 6.122448979591836 15.0 1.4380637019563325 49 300.0
1104 5.0 6.244897959183674 15.0 1.3923991921155665 49 306.0
1105 5.0 6.244897959183674 15.0 1.4220087353942013 49 306.0
1106 4.0 6.163265306122449 16.0 1.5857035606672913 49 302.0
1107 4.0 6.122448979591836 15.0 1.3939251094963285 49 300.0
1108 4.0 6.163265306122449 15.0 1.4768623662953813 49 302.0
1109 5.0 6.3061224489795915 16.0 1.543859903411104 49 309.0
1110 5.0 6.183673469387755 15.0 1.3795148511305684 49 303.0
1111 5.0 6.3061224489795915 15.0 1.4172167799460123 49 309.0
1112 4.0 6.1020408163265305 15.0 1.4324352509971678 49 299.0
1113 4.0 6.224489795918367 15.0 1.4327320365076552 49 305.0
1114 5.0 6.346938775510204 16.0 1.5350219923528141 49 311.0
1115 5.0 6.244897959183674 15.0 1.3923991921155665 49 306.0
1116 4.0 6.285714285714286 15.0 1.42886901662352 49 308.0
1117 5.0 6.326530612244898 15.0 1.419914244799676 49 310.0
1118 5.0 6.183673469387755 16.0 1.5093247577939592 49 303.0
1119 5.0 6.3061224489795915 15.0 1.402439565433704 49 309.0
1120 5.0 6.326530612244898 16.0 1.6631766179768868 49 310.0
1121 5.0 6.3061224489795915 15.0 1.3875049794603298 49 309.0
1122 5.0 6.326530612244898 15.0 1.3751932455422526 49 310.0
1123 5.0 6.244897959183674 16.0 1.5347449875698402 49 306.0
1124 5.0 6.244897959183674 15.0 1.422008735394201 49 306.0
1125 5.0 6.326530612244898 16.0 1.5463364648694782 49 310.0
1126 4.0 6.244897959183674 15.0 1.4072818398852265 49 306.0
1127 5.0 6.285714285714286 16.0 1.5138251770487454 49 308.0
1128 5.0 6.326530612244898 15.0 1.3902600941017123 49 310.0
1129 5.0 6.387755102040816 15.0 1.4834689993757346 49 313.0
1130 5.0 6.346938775510204 15.0 1.407583928938805 49 311.0
1131 5.0 6.285714285714286 15.0 1.3540064007726595 49 308.0
1132 5.0 6.63265306122449 23.0 2.83353340630137 49 325.0
1133 5.0 6.346938775510204 15.0 1.4513071752757245 49 311.0
1134 5.0 6.26530612244898 16.0 1.5380657523342103 49 307.0
1135 5.0 6.326530612244898 15.0 1.3751932455422526 49 310.0
1136 5.0 6.326530612244898 16.0 1.5328045524196383 49 310.0
1137 4.0 6.571428571428571 20.0 2.4152294576982394 49 322.0
1138 5.0 6.3061224489795915 16.0 1.5166311575420077 49 309.0
1139 5.0 6.408163265306122 15.0 1.4708043058552867 49 314.0
1140 5.0 6.510204081632653 16.0 1.792605749781491 49 319.0
1141 5.0 6.285714285714286 15.0 1.3994046353122216 49 308.0
1142 5.0 6.489795918367347 16.0 1.8832866769249434 49 318.0
1143 5.0 6.285714285714286 15.0 1.3844373104863452 49 308.0
1144 5.0 6.346938775510204 16.0 1.5213894472948521 49 311.0
1145 5.0 6.26530612244898 15.0 1.4255921314212097 49 307.0
1146 4.0 6.244897959183674 16.0 1.5211099599319182 49 306.0
1147 5.0 6.36734693877551 15.0 1.4243986677281923 49 312.0
1148 5.0 6.26530612244898 16.0 1.5244604264580746 49 307.0
1149 5.0 6.326530612244898 15.0 1.4345114601325781 49 310.0
1150 4.0 6.244897959183674 16.0 1.5482599405582431 49 306.0
1151 4.0 7.020408163265307 43.0 5.433268644496176 49 344.0
1152 5.0 6.26530612244898 16.0 1.4828956780019062 49 307.0
1153 5.0 6.285714285714286 15.0 1.471960144387974 49 308.0
1154 4.0 6.346938775510204 16.0 1.535021992352814 49 311.0
1155 4.0 6.326530612244898 15.0 1.5463364648694782 49 310.0
1156 5.0 6.346938775510204 16.0 1.6014449257904988 49 311.0
1157 5.0 6.36734693877551 15.0 1.3948398586549338 49 312.0
1158 5.0 6.3061224489795915 16.0 1.5303060918306104 49 309.0
1159 5.0 6.285714285714286 15.0 1.42886901662352 49 308.0
1160 5.0 6.448979591836735 17.0 1.7085718267239551 49 316.0
1161 5.0 6.36734693877551 15.0 1.4243986677281923 49 312.0
1162 5.0 6.551020408163265 16.0 2.062171433321722 49 321.0
1163 5.0 6.244897959183674 15.0 1.4072818398852265 49 306.0
1164 4.0 6.387755102040816 16.0 1.5112953402436522 49 313.0
1165 5.0 6.285714285714286 15.0 1.3994046353122216 49 308.0
1166 5.0 6.775510204081632 26.0 3.1837170762755767 49 332.0
1167 5.0 6.510204081632653 15.0 1.849802342814765 49 319.0
1168 5.0 6.530612244897959 16.0 1.871964663309719 49 320.0
1169 5.0 6.591836734693878 16.0 2.0607276965809387 49 323.0
1170 5.0 6.510204081632653 15.0 1.8610307289643715 49 319.0
1171 5.0 6.530612244897959 16.0 1.894092139789826 49 320.0
1172 5.0 6.408163265306122 15.0 1.7068290207640748 49 314.0
1173 4.0 6.387755102040816 15.0 1.6048926045405167 49 313.0
1174 5.0 6.469387755102041 15.0 1.6085972255395713 49 317.0
1175 5.0 6.428571428571429 16.0 1.6072751268321592 49 315.0
1176 5.0 6.612244897959184 17.0 2.0898198340468275 49 324.0
1177 5.0 6.346938775510204 15.0 1.4797384398400064 49 311.0
1178 5.0 6.469387755102041 16.0 1.6085972255395713 49 317.0
1179 5.0 6.408163265306122 15.0 1.4988657843368711 49 314.0
1180 5.0 6.448979591836735 16.0 1.55538345338853 49 316.0
1181 5.0 6.326530612244898 15.0 1.4345114601325781 49 310.0
1182 4.0 6.26530612244898 16.0 1.6043626746583 49 307.0
1183 5.0 6.346938775510204 15.0 1.3927045093414956 49 311.0
1184 5.0 6.408163265306122 16.0 1.5534687979236825 49 314.0
1185 5.0 6.285714285714286 15.0 1.3844373104863454 49 308.0
1186 5.0 6.326530612244898 16.0 1.5191521086618356 49 310.0
1187 5.0 6.26530612244898 15.0 1.3960585918351471 49 307.0
1188 5.0 6.3061224489795915 16.0 1.5572957548350315 49 309.0
1189 4.0 6.26530612244898 15.0 1.4109026396259243 49 307.0
1190 5.0 6.244897959183674 16.0 1.5211099599319182 49 306.0
1191 5.0 6.285714285714286 15.0 1.4288690166235203 49 308.0
1192 5.0 6.285714285714286 16.0 1.5411035007422438 49 308.0
1193 5.0 6.285714285714286 15.0 1.3693063937629149 49 308.0
1194 5.0 6.346938775510204 16.0 1.5076336370861023 49 311.0
1195 5.0 6.346938775510204 15.0 1.5752118959069608 49 311.0
1196 4.0 6.26530612244898 16.0 1.5244604264580746 49 307.0
1197 5.0 6.244897959183674 15.0 1.3923991921155665 49 306.0
1198 5.0 6.285714285714286 16.0 1.554563175514802 49 308.0
1199 5.0 6.244897959183674 15.0 1.3923991921155665 49 306.0
1200 5.0 6.244897959183674 16.0 1.5211099599319182 49 306.0
1201 5.0 6.285714285714286 15.0 1.3994046353122216 49 308.0
1202 5.0 6.224489795918367 16.0 1.5036802924055055 49 305.0
1203 5.0 6.244897959183674 15.0 1.4072818398852265 49 306.0
1204 4.0 6.163265306122449 16.0 1.5457864607742318 49 302.0
1205 5.0 6.326530612244898 16.0 1.5053758542586748 49 310.0
1206 5.0 6.36734693877551 16.0 1.4957422565265657 49 312.0
1207 5.0 6.3061224489795915 15.0 1.3724078844718661 49 309.0
1208 5.0 6.326530612244898 16.0 1.5328045524196383 49 310.0
1209 5.0 6.26530612244898 16.0 1.5380657523342103 49 307.0
1210 4.0 6.163265306122449 15.0 1.4483746461624698 49 302.0
1211 4.0 6.36734693877551 16.0 1.7876180328281877 49 312.0
1212 5.0 6.938775510204081 34.0 4.298295026641893 49 340.0
1213 5.0 6.448979591836735 16.0 1.6080685164947097 49 316.0
1214 5.0 6.326530612244898 15.0 1.5328045524196388 49 310.0
1215 5.0 6.36734693877551 16.0 1.6290830441158761 49 312.0
1216 5.0 6.346938775510204 15.0 1.4223076965528483 49 311.0
1217 4.0 6.326530612244898 16.0 1.62516351872205 49 310.0
1218 4.0 6.183673469387755 15.0 1.4530638519428964 49 303.0
1219 5.0 6.346938775510204 16.0 1.5485345277627713 49 311.0
1220 5.0 6.26530612244898 15.0 1.3960585918351474 49 307.0
1221 5.0 6.3061224489795915 17.0 1.7224507931124993 49 309.0
1222 5.0 6.387755102040816 15.0 1.617821664700875 49 313.0
1223 4.0 6.3061224489795915 16.0 1.609918238512092 49 309.0
1224 5.0 7.040816326530613 56.0 7.1558809837127155 49 345.0
1225 5.0 6.26530612244898 15.0 1.4255921314212097 49 307.0
1226 5.0 6.73469387755102 25.0 3.270929469101517 49 330.0
1227 5.0 6.3061224489795915 15.0 1.402439565433704 49 309.0
1228 5.0 6.244897959183674 16.0 1.5347449875698402 49 306.0
1229 5.0 6.1020408163265305 15.0 1.4324352509971676 49 299.0
1230 5.0 6.36734693877551 15.0 1.3798230193129295 49 312.0
1231 5.0 6.142857142857143 15.0 1.4142135623730947 49 301.0
1232 4.0 6.204081632653061 15.0 1.4285714285714282 49 304.0
1233 5.0 6.224489795918367 16.0 1.5174719399169703 49 305.0
1234 5.0 6.26530612244898 15.0 1.4255921314212097 49 307.0
1235 5.0 6.26530612244898 16.0 1.5244604264580743 49 307.0
1236 5.0 6.204081632653061 15.0 1.3841301696482924 49 304.0
1237 5.0 6.204081632653061 15.0 1.4285714285714282 49 304.0
1238 5.0 6.387755102040816 16.0 1.693324227304243 49 313.0
1239 5.0 6.244897959183674 15.0 1.3923991921155665 49 306.0
1240 4.0 6.244897959183674 16.0 1.6011794122471354 49 306.0
1241 5.0 6.224489795918367 15.0 1.4181165050053917 49 305.0
1242 5.0 6.204081632653061 16.0 1.5408275892727075 49 304.0
1243 5.0 6.346938775510204 15.0 1.4797384398400064 49 311.0
1244 5.0 6.448979591836735 16.0 1.9263655815398848 49 316.0
1245 5.0 6.408163265306122 17.0 2.09083682755393 49 314.0
1246 5.0 6.36734693877551 15.0 1.7283648046518372 49 312.0
1247 5.0 6.73469387755102 21.0 2.7596460386258603 49 330.0
1248 4.0 6.285714285714286 15.0 1.7199806200458574 49 308.0
1249 5.0 6.408163265306122 16.0 1.6698099610801378 49 314.0
1250 5.0 6.551020408163265 15.0 1.8149979854189449 49 321.0
1251 5.0 6.326530612244898 16.0 1.6251635187220501 49 310.0
1252 5.0 6.346938775510204 15.0 1.535021992352814 49 311.0
1253 5.0 6.26530612244898 16.0 1.591324267762566 49 307.0
1254 4.0 6.183673469387755 15.0 1.5366829724517441 49 303.0
1255 5.0 6.1020408163265305 15.0 1.5171917308960392 49 299.0
1256 5.0 6.26530612244898 16.0 1.6043626746583 49 307.0
1257 5.0 6.081632653061225 15.0 1.4696475582867587 49 298.0
1258 5.0 6.224489795918367 15.0 1.4897609724724432 49 305.0
1259 4.0 6.163265306122449 15.0 1.462687862229302 49 302.0
1260 5.0 6.224489795918367 15.0 1.4327320365076552 49 305.0
1261 5.0 6.204081632653061 15.0 1.4139128897721898 49 304.0
1262 5.0 6.1020408163265305 16.0 1.6233311681947868 49 299.0
1263 4.0 5.938775510204081 15.0 1.4917573985251151 49 291.0
1264 5.0 6.224489795918367 15.0 1.4327320365076552 49 305.0
1265 5.0 6.36734693877551 17.0 2.2144777182500284 49 312.0
1266 5.0 6.0 15.0 1.4577379737113252 49 294.0
1267 5.0 6.448979591836735 23.0 2.791812616755434 49 316.0
1268 5.0 6.163265306122449 15.0 1.4193152512084573 49 302.0
1269 4.0 6.061224489795919 16.0 1.6254251144611636 49 297.0
1270 5.0 6.1020408163265305 15.0 1.3881176997284195 49 299.0
1271 5.0 6.204081632653061 15.0 1.4430810764462534 49 304.0
1272 5.0 6.224489795918368 16.0 1.6988391394622122 49 305.0
1273 4.0 6.081632653061225 15.0 1.4696475582867587 49 298.0
1274 5.0 6.061224489795919 15.0 1.4492550279555423 49 297.0
1275 5.0 6.122448979591836 16.0 1.5894529072035086 49 300.0
1276 5.0 6.061224489795919 15.0 1.405467942023019 49 297.0
1277 4.0 6.122448979591836 15.0 1.4667516982153743 49 300.0
1278 5.0 6.081632653061225 16.0 1.578986155389453 49 298.0
1279 5.0 6.1020408163265305 15.0 1.446906152784618 49 299.0
1280 5.0 5.959183673469388 15.0 1.4136121532187989 49 292.0
1281 4.0 6.020408163265306 15.0 1.4647211896007053 49 295.0
1282 5.0 6.122448979591836 16.0 1.5762911779081357 49 300.0
1283 5.0 6.081632653061225 15.0 1.4554027892345007 49 298.0
1284 4.0 6.081632653061225 15.0 1.4118063886070091 49 298.0
1285 5.0 6.142857142857143 16.0 1.5811388300841893 49 301.0
1286 5.0 6.081632653061225 15.0 1.4977307097444337 49 298.0
1287 5.0 6.1020408163265305 15.0 1.4324352509971678 49 299.0
1288 4.0 6.020408163265306 15.0 1.450428039096955 49 295.0
1289 5.0 6.163265306122449 16.0 1.5185922589620928 49 302.0
1290 5.0 6.163265306122449 15.0 1.7362188175206854 49 302.0
1291 4.0 5.979591836734694 15.0 1.5067873649806414 49 293.0
1292 5.0 6.0 15.0 1.4142135623730951 49 294.0
1293 5.0 6.081632653061225 15.0 1.4554027892345007 49 298.0
1294 4.0 5.979591836734694 16.0 1.6136113214149923 49 293.0
1295 5.0 5.8979591836734695 15.0 1.4469061527846183 49 289.0
1296 4.0 5.959183673469388 15.0 1.499432999412741 49 292.0
1297 5.0 5.938775510204081 15.0 1.4348078161857614 49 291.0
1298 4.0 5.979591836734694 15.0 1.5067873649806411 49 293.0
tot,3.0,5.964399616659551,69.0,1.7418165952687101,63651
