##bucket, min, mean, max, stddev, count,total
0 5.0 9.615384615384617 50.0 12.26470859511456 13 125.0
1 4.0 6.076923076923077 16.0 3.148055973177162 13 79.0
2 4.0 5.923076923076923 15.0 2.8125178062114387 13 77.0
3 4.0 5.615384615384615 14.0 2.5993095730232403 13 73.0
4 4.0 5.384615384615385 11.0 1.8045526471705549 13 70.0
5 4.0 5.230769230769231 12.0 2.0878156908535677 13 68.0
6 4.0 5.461538461538462 15.0 2.9044616430411736 13 71.0
7 4.0 5.538461538461538 15.0 2.8756270219259603 13 72.0
8 4.0 4.769230769230769 8.0 1.091928428198338 13 62.0
9 4.0 5.0 8.0 1.0801234497346435 13 65.0
10 4.0 4.846153846153846 8.0 1.0681880176381124 13 63.0
11 4.0 5.538461538461538 14.0 2.633609203336257 13 72.0
12 4.0 5.076923076923077 9.0 1.2557559782549623 13 66.0
13 4.0 4.769230769230769 9.0 1.3634420996046581 13 62.0
14 3.0 4.846153846153846 7.0 0.9870962335856487 13 63.0
15 3.0 5.0 9.0 1.4142135623730951 13 65.0
16 4.0 4.769230769230769 7.0 0.8320502943378435 13 62.0
17 4.0 4.846153846153846 7.0 0.8006407690254357 13 63.0
18 4.0 4.384615384615385 5.0 0.5063696835418333 13 57.0
19 4.0 4.846153846153846 7.0 0.8006407690254357 13 63.0
20 4.0 4.846153846153846 7.0 0.8006407690254357 13 63.0
21 4.0 5.0 8.0 1.0 13 65.0
22 4.0 4.769230769230769 5.0 0.4385290096535146 13 62.0
23 3.0 4.461538461538462 7.0 0.9674179220468453 13 58.0
24 4.0 4.923076923076923 8.0 1.0377490433255419 13 64.0
25 3.0 4.846153846153846 6.0 0.6887372317211945 13 63.0
26 4.0 4.923076923076923 6.0 0.6405126152203484 13 64.0
27 4.0 4.769230769230769 6.0 0.7250110520819841 13 62.0
28 4.0 4.923076923076923 8.0 1.1151635501529558 13 64.0
29 4.0 4.615384615384615 7.0 0.8697184926229041 13 60.0
30 4.0 4.923076923076923 7.0 0.7595545253127501 13 64.0
31 4.0 4.846153846153846 8.0 1.0681880176381124 13 63.0
32 4.0 4.846153846153846 6.0 0.5547001962252291 13 63.0
33 3.0 4.6923076923076925 5.0 0.6304251719561151 13 61.0
34 3.0 4.6923076923076925 6.0 0.7510676161988106 13 61.0
35 4.0 4.461538461538462 6.0 0.6602252917735248 13 58.0
36 4.0 4.923076923076923 7.0 0.7595545253127501 13 64.0
37 4.0 4.923076923076923 7.0 0.7595545253127501 13 64.0
38 3.0 4.769230769230769 6.0 0.7250110520819841 13 62.0
39 4.0 4.6923076923076925 6.0 0.6304251719561152 13 61.0
40 4.0 4.538461538461538 5.0 0.5188745216627708 13 59.0
41 4.0 4.769230769230769 6.0 0.599144689515278 13 62.0
42 3.0 5.0 7.0 1.0 13 65.0
43 4.0 4.769230769230769 6.0 0.599144689515278 13 62.0
44 4.0 4.846153846153846 7.0 0.8006407690254357 13 63.0
45 4.0 5.0 6.0 0.5773502691896257 13 65.0
46 4.0 4.923076923076923 6.0 0.49354811679282445 13 64.0
47 4.0 5.0 7.0 0.7071067811865476 13 65.0
48 4.0 4.923076923076923 6.0 0.49354811679282445 13 64.0
49 4.0 4.923076923076923 6.0 0.49354811679282445 13 64.0
50 4.0 5.0 6.0 0.5773502691896257 13 65.0
51 4.0 4.846153846153846 6.0 0.5547001962252291 13 63.0
52 4.0 4.923076923076923 6.0 0.49354811679282445 13 64.0
53 4.0 4.923076923076923 6.0 0.49354811679282445 13 64.0
54 4.0 5.0 6.0 0.408248290463863 13 65.0
55 4.0 5.0 6.0 0.408248290463863 13 65.0
56 4.0 5.0 6.0 0.5773502691896257 13 65.0
57 4.0 4.923076923076923 6.0 0.49354811679282445 13 64.0
58 4.0 5.153846153846154 7.0 0.6887372317211945 13 67.0
59 4.0 4.846153846153846 6.0 0.5547001962252291 13 63.0
60 4.0 5.0 7.0 0.7071067811865476 13 65.0
61 4.0 5.076923076923077 6.0 0.6405126152203486 13 66.0
62 4.0 5.230769230769231 8.0 1.0127393670836669 13 68.0
63 4.0 5.153846153846154 8.0 0.9870962335856488 13 67.0
64 4.0 5.0 7.0 0.7071067811865476 13 65.0
65 4.0 4.923076923076923 6.0 0.49354811679282445 13 64.0
66 4.0 5.0 6.0 0.5773502691896257 13 65.0
67 4.0 4.923076923076923 6.0 0.4935481167928245 13 64.0
68 4.0 5.153846153846154 6.0 0.6887372317211945 13 67.0
69 4.0 5.0 6.0 0.408248290463863 13 65.0
70 4.0 5.076923076923077 6.0 0.6405126152203486 13 66.0
71 4.0 5.0 6.0 0.5773502691896257 13 65.0
72 4.0 5.0 6.0 0.5773502691896257 13 65.0
73 4.0 5.076923076923077 6.0 0.49354811679282445 13 66.0
74 4.0 4.923076923076923 6.0 0.49354811679282445 13 64.0
75 4.0 5.153846153846154 6.0 0.6887372317211945 13 67.0
76 4.0 5.3076923076923075 6.0 0.6304251719561152 13 69.0
77 4.0 5.076923076923077 7.0 0.7595545253127501 13 66.0
78 4.0 4.923076923076923 6.0 0.49354811679282445 13 64.0
79 4.0 5.076923076923077 6.0 0.49354811679282445 13 66.0
80 4.0 5.076923076923077 6.0 0.6405126152203485 13 66.0
81 4.0 5.230769230769231 7.0 0.7250110520819841 13 68.0
82 4.0 5.0 6.0 0.5773502691896257 13 65.0
83 4.0 5.230769230769231 6.0 0.5991446895152781 13 68.0
84 4.0 4.923076923076923 6.0 0.49354811679282445 13 64.0
85 4.0 5.076923076923077 6.0 0.49354811679282445 13 66.0
86 4.0 5.153846153846154 6.0 0.5547001962252291 13 67.0
87 4.0 5.230769230769231 6.0 0.599144689515278 13 68.0
88 4.0 5.461538461538462 9.0 1.2659242088545828 13 71.0
89 4.0 5.461538461538462 9.0 1.198289379030556 13 71.0
90 5.0 5.538461538461538 10.0 1.3913653136029496 13 72.0
91 4.0 5.615384615384615 9.0 1.192927878405448 13 73.0
92 4.0 5.6923076923076925 10.0 1.4366984945013912 13 74.0
93 5.0 5.230769230769231 6.0 0.4385290096535146 13 68.0
94 4.0 5.3076923076923075 7.0 0.7510676161988107 13 69.0
95 4.0 5.384615384615385 8.0 0.960768922830523 13 70.0
96 4.0 5.3076923076923075 6.0 0.6304251719561151 13 69.0
97 5.0 5.230769230769231 6.0 0.4385290096535146 13 68.0
98 4.0 5.230769230769231 6.0 0.5991446895152781 13 68.0
99 4.0 5.461538461538462 6.0 0.6602252917735248 13 71.0
100 5.0 5.076923076923077 6.0 0.2773500981126145 13 66.0
101 4.0 5.153846153846154 6.0 0.5547001962252291 13 67.0
102 4.0 5.230769230769231 6.0 0.599144689515278 13 68.0
103 5.0 5.461538461538462 6.0 0.5188745216627708 13 71.0
104 4.0 5.230769230769231 6.0 0.5991446895152781 13 68.0
105 4.0 5.230769230769231 6.0 0.599144689515278 13 68.0
106 5.0 5.153846153846154 6.0 0.3755338080994054 13 67.0
107 4.0 5.230769230769231 6.0 0.5991446895152781 13 68.0
108 4.0 5.3076923076923075 6.0 0.6304251719561151 13 69.0
109 4.0 5.153846153846154 7.0 0.6887372317211945 13 67.0
110 5.0 5.0 5.0 0.0 13 65.0
111 4.0 5.538461538461538 7.0 0.7762500258061849 13 72.0
112 4.0 5.3076923076923075 6.0 0.6304251719561151 13 69.0
113 4.0 5.0 6.0 0.408248290463863 13 65.0
114 5.0 5.230769230769231 6.0 0.4385290096535146 13 68.0
115 4.0 5.384615384615385 6.0 0.6504436355879908 13 70.0
116 4.0 5.230769230769231 6.0 0.599144689515278 13 68.0
117 4.0 5.0 6.0 0.408248290463863 13 65.0
118 5.0 6.3076923076923075 18.0 3.5445877847928338 13 82.0
119 4.0 5.076923076923077 6.0 0.4935481167928245 13 66.0
120 4.0 5.153846153846154 6.0 0.5547001962252291 13 67.0
121 4.0 5.076923076923077 6.0 0.49354811679282456 13 66.0
122 4.0 5.153846153846154 6.0 0.5547001962252291 13 67.0
123 4.0 5.076923076923077 6.0 0.6405126152203487 13 66.0
124 4.0 5.230769230769231 6.0 0.7250110520819841 13 68.0
125 5.0 5.3076923076923075 6.0 0.4803844614152614 13 69.0
126 4.0 5.0 6.0 0.408248290463863 13 65.0
127 4.0 5.538461538461538 7.0 0.7762500258061849 13 72.0
128 5.0 5.3076923076923075 6.0 0.48038446141526137 13 69.0
129 4.0 5.076923076923077 6.0 0.4935481167928245 13 66.0
130 5.0 5.076923076923077 6.0 0.2773500981126145 13 66.0
131 4.0 5.384615384615385 6.0 0.6504436355879908 13 70.0
132 4.0 5.153846153846154 6.0 0.5547001962252291 13 67.0
133 4.0 5.076923076923077 6.0 0.6405126152203486 13 66.0
134 4.0 5.230769230769231 6.0 0.5991446895152781 13 68.0
135 4.0 4.923076923076923 6.0 0.49354811679282445 13 64.0
136 4.0 5.153846153846154 6.0 0.6887372317211945 13 67.0
137 4.0 5.230769230769231 6.0 0.599144689515278 13 68.0
138 4.0 4.923076923076923 6.0 0.4935481167928245 13 64.0
139 4.0 5.153846153846154 6.0 0.5547001962252291 13 67.0
140 4.0 5.076923076923077 6.0 0.6405126152203486 13 66.0
141 5.0 5.3076923076923075 6.0 0.4803844614152614 13 69.0
142 4.0 5.0 6.0 0.408248290463863 13 65.0
143 4.0 5.076923076923077 6.0 0.6405126152203485 13 66.0
144 5.0 5.230769230769231 6.0 0.4385290096535146 13 68.0
145 4.0 5.230769230769231 6.0 0.599144689515278 13 68.0
146 4.0 5.076923076923077 6.0 0.49354811679282456 13 66.0
147 4.0 5.230769230769231 6.0 0.599144689515278 13 68.0
148 5.0 5.230769230769231 6.0 0.4385290096535146 13 68.0
149 4.0 5.3076923076923075 6.0 0.6304251719561152 13 69.0
150 4.0 4.846153846153846 6.0 0.5547001962252291 13 63.0
151 5.0 5.384615384615385 6.0 0.5063696835418332 13 70.0
152 4.0 5.153846153846154 6.0 0.5547001962252291 13 67.0
153 4.0 5.076923076923077 6.0 0.49354811679282445 13 66.0
154 4.0 5.230769230769231 6.0 0.5991446895152781 13 68.0
155 4.0 5.153846153846154 6.0 0.5547001962252291 13 67.0
156 4.0 5.3076923076923075 6.0 0.6304251719561151 13 69.0
157 5.0 5.230769230769231 6.0 0.4385290096535146 13 68.0
158 4.0 5.153846153846154 6.0 0.5547001962252291 13 67.0
159 4.0 5.153846153846154 6.0 0.5547001962252291 13 67.0
160 4.0 5.3076923076923075 6.0 0.6304251719561151 13 69.0
161 4.0 5.0 6.0 0.408248290463863 13 65.0
162 4.0 5.153846153846154 6.0 0.5547001962252291 13 67.0
163 4.0 5.3076923076923075 6.0 0.6304251719561151 13 69.0
164 4.0 5.076923076923077 6.0 0.49354811679282445 13 66.0
165 4.0 5.0 6.0 0.5773502691896257 13 65.0
166 5.0 5.230769230769231 6.0 0.4385290096535146 13 68.0
167 4.0 5.230769230769231 6.0 0.5991446895152781 13 68.0
168 4.0 5.076923076923077 6.0 0.6405126152203486 13 66.0
169 4.0 5.076923076923077 6.0 0.49354811679282445 13 66.0
170 4.0 5.230769230769231 6.0 0.5991446895152781 13 68.0
171 4.0 5.153846153846154 6.0 0.5547001962252291 13 67.0
172 4.0 5.230769230769231 6.0 0.599144689515278 13 68.0
173 4.0 4.846153846153846 5.0 0.3755338080994054 13 63.0
174 4.0 5.076923076923077 6.0 0.6405126152203485 13 66.0
175 4.0 5.230769230769231 6.0 0.599144689515278 13 68.0
176 4.0 5.153846153846154 6.0 0.5547001962252291 13 67.0
177 4.0 5.0 6.0 0.408248290463863 13 65.0
178 5.0 5.3076923076923075 6.0 0.48038446141526137 13 69.0
179 4.0 5.076923076923077 6.0 0.49354811679282445 13 66.0
180 4.0 5.076923076923077 6.0 0.4935481167928245 13 66.0
181 4.0 5.230769230769231 6.0 0.5991446895152781 13 68.0
182 5.0 5.076923076923077 6.0 0.2773500981126145 13 66.0
183 4.0 5.076923076923077 6.0 0.49354811679282456 13 66.0
184 4.0 5.076923076923077 6.0 0.6405126152203486 13 66.0
185 4.0 5.0 6.0 0.5773502691896257 13 65.0
186 4.0 5.076923076923077 6.0 0.49354811679282445 13 66.0
187 4.0 5.076923076923077 6.0 0.6405126152203485 13 66.0
188 4.0 5.0 6.0 0.408248290463863 13 65.0
189 4.0 5.076923076923077 6.0 0.6405126152203485 13 66.0
190 5.0 5.3076923076923075 6.0 0.4803844614152615 13 69.0
191 4.0 5.3076923076923075 6.0 0.6304251719561152 13 69.0
192 4.0 5.3076923076923075 7.0 0.7510676161988107 13 69.0
193 5.0 5.461538461538462 6.0 0.5188745216627708 13 71.0
194 4.0 5.0 6.0 0.5773502691896257 13 65.0
195 4.0 5.076923076923077 6.0 0.49354811679282456 13 66.0
196 4.0 5.384615384615385 6.0 0.6504436355879908 13 70.0
197 4.0 6.3076923076923075 18.0 3.637412436165197 13 82.0
198 4.0 5.3076923076923075 8.0 0.9473309334313421 13 69.0
199 4.0 5.461538461538462 8.0 1.0500305245868344 13 71.0
200 4.0 5.384615384615385 9.0 1.192927878405448 13 70.0
201 5.0 5.615384615384615 8.0 0.8697184926229041 13 73.0
202 4.0 5.3076923076923075 6.0 0.6304251719561152 13 69.0
203 4.0 5.076923076923077 6.0 0.49354811679282445 13 66.0
204 5.0 5.153846153846154 6.0 0.3755338080994054 13 67.0
205 4.0 5.3076923076923075 6.0 0.7510676161988106 13 69.0
206 4.0 5.076923076923077 6.0 0.4935481167928245 13 66.0
207 4.0 4.923076923076923 5.0 0.2773500981126145 13 64.0
208 4.0 5.230769230769231 6.0 0.7250110520819842 13 68.0
209 4.0 5.076923076923077 6.0 0.49354811679282445 13 66.0
210 4.0 5.230769230769231 6.0 0.5991446895152781 13 68.0
211 4.0 5.153846153846154 6.0 0.5547001962252291 13 67.0
212 4.0 5.0 6.0 0.5773502691896257 13 65.0
213 4.0 5.3076923076923075 6.0 0.6304251719561152 13 69.0
214 4.0 5.153846153846154 6.0 0.5547001962252291 13 67.0
215 4.0 5.230769230769231 6.0 0.5991446895152781 13 68.0
216 4.0 5.3076923076923075 6.0 0.6304251719561152 13 69.0
217 4.0 5.153846153846154 6.0 0.5547001962252291 13 67.0
218 4.0 5.230769230769231 6.0 0.5991446895152781 13 68.0
219 4.0 5.230769230769231 6.0 0.599144689515278 13 68.0
220 4.0 5.076923076923077 6.0 0.6405126152203486 13 66.0
221 5.0 5.384615384615385 6.0 0.5063696835418332 13 70.0
222 4.0 5.230769230769231 6.0 0.7250110520819842 13 68.0
223 4.0 5.153846153846154 6.0 0.5547001962252291 13 67.0
224 5.0 5.230769230769231 6.0 0.4385290096535146 13 68.0
225 4.0 5.0 6.0 0.5773502691896257 13 65.0
226 4.0 5.384615384615385 6.0 0.6504436355879908 13 70.0
227 4.0 5.153846153846154 6.0 0.6887372317211945 13 67.0
228 4.0 5.153846153846154 6.0 0.5547001962252291 13 67.0
229 4.0 5.3076923076923075 6.0 0.6304251719561152 13 69.0
230 4.0 5.153846153846154 6.0 0.6887372317211945 13 67.0
231 4.0 5.3076923076923075 6.0 0.6304251719561152 13 69.0
232 4.0 5.230769230769231 6.0 0.599144689515278 13 68.0
233 4.0 5.153846153846154 6.0 0.5547001962252291 13 67.0
234 4.0 5.153846153846154 6.0 0.5547001962252291 13 67.0
235 4.0 5.384615384615385 6.0 0.6504436355879908 13 70.0
236 4.0 5.153846153846154 6.0 0.5547001962252291 13 67.0
237 4.0 5.384615384615385 6.0 0.7679476477883044 13 70.0
238 5.0 5.230769230769231 6.0 0.4385290096535146 13 68.0
239 4.0 5.153846153846154 6.0 0.5547001962252291 13 67.0
240 4.0 5.230769230769231 6.0 0.7250110520819842 13 68.0
241 5.0 5.230769230769231 6.0 0.4385290096535146 13 68.0
242 4.0 5.384615384615385 6.0 0.7679476477883044 13 70.0
243 5.0 5.3076923076923075 6.0 0.48038446141526137 13 69.0
244 4.0 5.3076923076923075 6.0 0.7510676161988106 13 69.0
245 4.0 5.153846153846154 6.0 0.5547001962252291 13 67.0
246 4.0 5.3076923076923075 6.0 0.6304251719561152 13 69.0
247 5.0 5.461538461538462 6.0 0.5188745216627708 13 71.0
248 4.0 5.076923076923077 6.0 0.6405126152203486 13 66.0
249 5.0 5.538461538461538 6.0 0.5188745216627708 13 72.0
250 4.0 5.076923076923077 6.0 0.49354811679282445 13 66.0
251 4.0 5.461538461538462 6.0 0.6602252917735248 13 71.0
252 4.0 5.0 6.0 0.5773502691896257 13 65.0
253 4.0 5.3076923076923075 6.0 0.6304251719561152 13 69.0
254 4.0 5.3076923076923075 7.0 0.7510676161988107 13 69.0
255 4.0 5.384615384615385 6.0 0.6504436355879908 13 70.0
256 5.0 5.461538461538462 6.0 0.5188745216627708 13 71.0
257 4.0 5.3076923076923075 6.0 0.7510676161988106 13 69.0
258 5.0 5.3076923076923075 6.0 0.4803844614152615 13 69.0
259 4.0 5.384615384615385 6.0 0.6504436355879908 13 70.0
260 5.0 5.384615384615385 6.0 0.5063696835418332 13 70.0
261 4.0 5.3076923076923075 6.0 0.6304251719561152 13 69.0
262 5.0 5.153846153846154 6.0 0.3755338080994054 13 67.0
263 4.0 5.461538461538462 6.0 0.6602252917735248 13 71.0
264 4.0 5.0 6.0 0.5773502691896257 13 65.0
265 5.0 5.384615384615385 6.0 0.5063696835418332 13 70.0
266 4.0 5.153846153846154 6.0 0.6887372317211945 13 67.0
267 5.0 5.230769230769231 6.0 0.4385290096535146 13 68.0
268 4.0 5.461538461538462 6.0 0.7762500258061849 13 71.0
269 5.0 5.153846153846154 6.0 0.3755338080994054 13 67.0
270 4.0 5.461538461538462 6.0 0.7762500258061849 13 71.0
271 4.0 4.923076923076923 6.0 0.4935481167928245 13 64.0
272 4.0 5.3076923076923075 6.0 0.7510676161988106 13 69.0
273 4.0 5.076923076923077 6.0 0.49354811679282445 13 66.0
274 4.0 5.3076923076923075 6.0 0.7510676161988107 13 69.0
275 4.0 5.230769230769231 6.0 0.7250110520819842 13 68.0
276 4.0 5.230769230769231 6.0 0.5991446895152781 13 68.0
277 4.0 5.384615384615385 6.0 0.7679476477883044 13 70.0
278 4.0 5.153846153846154 6.0 0.5547001962252291 13 67.0
279 4.0 5.3076923076923075 6.0 0.6304251719561152 13 69.0
280 4.0 5.153846153846154 6.0 0.6887372317211945 13 67.0
281 4.0 5.230769230769231 6.0 0.599144689515278 13 68.0
282 4.0 5.153846153846154 6.0 0.8006407690254357 13 67.0
283 5.0 5.3076923076923075 6.0 0.48038446141526137 13 69.0
284 4.0 5.230769230769231 6.0 0.7250110520819841 13 68.0
285 4.0 5.153846153846154 6.0 0.6887372317211945 13 67.0
286 4.0 5.230769230769231 6.0 0.599144689515278 13 68.0
287 4.0 5.384615384615385 6.0 0.6504436355879908 13 70.0
288 4.0 5.230769230769231 6.0 0.7250110520819842 13 68.0
289 5.0 5.384615384615385 6.0 0.5063696835418332 13 70.0
290 4.0 5.076923076923077 6.0 0.6405126152203486 13 66.0
291 4.0 5.3076923076923075 6.0 0.7510676161988106 13 69.0
292 4.0 5.0 6.0 0.408248290463863 13 65.0
293 4.0 6.538461538461538 19.0 3.8213301483337054 13 85.0
294 4.0 4.923076923076923 5.0 0.2773500981126145 13 64.0
295 4.0 5.538461538461538 6.0 0.6602252917735248 13 72.0
296 4.0 5.0 6.0 0.5773502691896257 13 65.0
297 4.0 5.461538461538462 6.0 0.7762500258061849 13 71.0
298 4.0 5.076923076923077 6.0 0.49354811679282445 13 66.0
299 4.0 5.538461538461538 6.0 0.7762500258061849 13 72.0
300 4.0 5.153846153846154 6.0 0.5547001962252291 13 67.0
301 4.0 5.384615384615385 6.0 0.6504436355879908 13 70.0
302 4.0 5.230769230769231 6.0 0.7250110520819842 13 68.0
303 4.0 5.230769230769231 6.0 0.7250110520819842 13 68.0
304 4.0 5.230769230769231 6.0 0.7250110520819842 13 68.0
305 4.0 5.230769230769231 6.0 0.7250110520819842 13 68.0
306 5.0 5.461538461538462 6.0 0.5188745216627708 13 71.0
307 4.0 5.153846153846154 6.0 0.6887372317211945 13 67.0
308 5.0 5.461538461538462 6.0 0.5188745216627708 13 71.0
309 4.0 5.230769230769231 6.0 0.7250110520819841 13 68.0
310 4.0 5.3076923076923075 6.0 0.6304251719561152 13 69.0
311 4.0 5.230769230769231 6.0 0.7250110520819841 13 68.0
312 4.0 5.384615384615385 6.0 0.6504436355879908 13 70.0
313 4.0 5.384615384615385 6.0 0.6504436355879908 13 70.0
314 4.0 5.230769230769231 6.0 0.7250110520819841 13 68.0
315 4.0 5.3076923076923075 6.0 0.7510676161988106 13 69.0
316 5.0 5.3076923076923075 6.0 0.4803844614152614 13 69.0
317 4.0 5.3076923076923075 6.0 0.7510676161988106 13 69.0
318 5.0 5.461538461538462 6.0 0.5188745216627708 13 71.0
319 4.0 5.384615384615385 6.0 0.7679476477883044 13 70.0
320 5.0 5.538461538461538 6.0 0.5188745216627708 13 72.0
321 4.0 5.153846153846154 6.0 0.6887372317211945 13 67.0
322 4.0 5.384615384615385 6.0 0.6504436355879908 13 70.0
323 4.0 5.153846153846154 6.0 0.5547001962252291 13 67.0
324 4.0 5.384615384615385 6.0 0.6504436355879908 13 70.0
325 4.0 5.3076923076923075 6.0 0.6304251719561152 13 69.0
326 4.0 5.384615384615385 7.0 0.8697184926229041 13 70.0
327 4.0 8.307692307692308 45.0 11.040717182204963 13 108.0
328 4.0 5.384615384615385 6.0 0.7679476477883044 13 70.0
329 4.0 5.384615384615385 7.0 0.869718492622904 13 70.0
330 4.0 5.384615384615385 6.0 0.6504436355879908 13 70.0
331 4.0 5.230769230769231 6.0 0.7250110520819841 13 68.0
332 4.0 5.384615384615385 7.0 0.7679476477883044 13 70.0
333 4.0 5.461538461538462 6.0 0.6602252917735248 13 71.0
334 4.0 5.3076923076923075 7.0 0.7510676161988107 13 69.0
335 4.0 5.6923076923076925 9.0 1.3155870289605438 13 74.0
336 4.0 5.384615384615385 8.0 0.9607689228305231 13 70.0
337 4.0 5.615384615384615 7.0 0.7679476477883044 13 73.0
338 4.0 4.923076923076923 6.0 0.49354811679282445 13 64.0
339 4.0 5.615384615384615 7.0 0.8697184926229043 13 73.0
340 4.0 5.153846153846154 6.0 0.5547001962252291 13 67.0
341 4.0 5.461538461538462 7.0 0.9674179220468453 13 71.0
342 4.0 5.230769230769231 6.0 0.599144689515278 13 68.0
343 4.0 5.3076923076923075 7.0 0.947330933431342 13 69.0
344 4.0 5.3076923076923075 6.0 0.6304251719561151 13 69.0
345 4.0 5.3076923076923075 7.0 0.8548504142651104 13 69.0
346 4.0 5.230769230769231 6.0 0.7250110520819841 13 68.0
347 4.0 5.3076923076923075 7.0 0.8548504142651104 13 69.0
348 4.0 5.384615384615385 6.0 0.6504436355879908 13 70.0
349 4.0 5.384615384615385 7.0 0.960768922830523 13 70.0
350 4.0 5.153846153846154 6.0 0.6887372317211945 13 67.0
351 5.0 5.615384615384615 7.0 0.6504436355879908 13 73.0
352 4.0 5.0 6.0 0.816496580927726 13 65.0
353 5.0 5.615384615384615 7.0 0.6504436355879908 13 73.0
354 4.0 4.923076923076923 6.0 0.75955452531275 13 64.0
355 4.0 5.615384615384615 7.0 0.7679476477883044 13 73.0
356 4.0 5.230769230769231 6.0 0.8320502943378437 13 68.0
357 4.0 5.461538461538462 7.0 0.8770580193070292 13 71.0
358 4.0 5.3076923076923075 6.0 0.7510676161988106 13 69.0
359 4.0 5.3076923076923075 7.0 0.8548504142651103 13 69.0
360 5.0 5.538461538461538 7.0 0.6602252917735248 13 72.0
361 4.0 5.230769230769231 6.0 0.8320502943378437 13 68.0
362 4.0 5.538461538461538 7.0 0.7762500258061849 13 72.0
363 4.0 5.230769230769231 6.0 0.7250110520819842 13 68.0
364 4.0 5.6923076923076925 7.0 0.7510676161988107 13 74.0
365 4.0 5.230769230769231 6.0 0.7250110520819841 13 68.0
366 4.0 5.461538461538462 7.0 0.7762500258061849 13 71.0
367 4.0 5.3076923076923075 6.0 0.8548504142651103 13 69.0
368 5.0 5.384615384615385 7.0 0.6504436355879908 13 70.0
369 4.0 5.615384615384615 7.0 0.8697184926229043 13 73.0
370 4.0 5.3076923076923075 6.0 0.6304251719561152 13 69.0
371 4.0 5.384615384615385 7.0 0.8697184926229041 13 70.0
372 4.0 5.461538461538462 6.0 0.6602252917735248 13 71.0
373 5.0 5.461538461538462 7.0 0.6602252917735247 13 71.0
374 4.0 6.846153846153846 23.0 4.913351772570903 13 89.0
375 5.0 5.461538461538462 7.0 0.6602252917735247 13 71.0
376 4.0 5.461538461538462 7.0 0.7762500258061849 13 71.0
377 4.0 5.461538461538462 6.0 0.6602252917735248 13 71.0
378 5.0 9.0 49.0 12.034672132357132 13 117.0
379 4.0 5.461538461538462 7.0 0.8770580193070292 13 71.0
380 4.0 5.461538461538462 6.0 0.6602252917735248 13 71.0
381 5.0 5.615384615384615 7.0 0.6504436355879908 13 73.0
382 4.0 5.615384615384615 7.0 0.7679476477883044 13 73.0
383 5.0 5.615384615384615 6.0 0.5063696835418332 13 73.0
384 4.0 5.615384615384615 7.0 0.8697184926229042 13 73.0
385 5.0 5.6923076923076925 7.0 0.6304251719561151 13 74.0
386 5.0 5.6923076923076925 7.0 0.6304251719561152 13 74.0
387 4.0 5.615384615384615 7.0 0.869718492622904 13 73.0
388 4.0 5.538461538461538 6.0 0.6602252917735248 13 72.0
389 4.0 5.461538461538462 7.0 0.8770580193070292 13 71.0
390 5.0 5.6923076923076925 7.0 0.7510676161988107 13 74.0
391 5.0 5.6923076923076925 7.0 0.6304251719561151 13 74.0
392 4.0 5.384615384615385 7.0 0.7679476477883044 13 70.0
393 4.0 5.538461538461538 6.0 0.6602252917735248 13 72.0
394 4.0 5.615384615384615 7.0 0.960768922830523 13 73.0
395 5.0 5.615384615384615 6.0 0.5063696835418332 13 73.0
396 4.0 5.538461538461538 7.0 0.8770580193070292 13 72.0
397 4.0 5.6923076923076925 7.0 0.7510676161988107 13 74.0
398 4.0 5.615384615384615 7.0 0.869718492622904 13 73.0
399 4.0 5.384615384615385 7.0 0.7679476477883044 13 70.0
400 5.0 5.6923076923076925 7.0 0.6304251719561151 13 74.0
401 4.0 5.769230769230769 8.0 0.9268086959962983 13 75.0
402 4.0 5.538461538461538 7.0 0.7762500258061849 13 72.0
403 4.0 5.615384615384615 7.0 0.960768922830523 13 73.0
404 5.0 5.615384615384615 7.0 0.6504436355879908 13 73.0
405 4.0 5.384615384615385 6.0 0.7679476477883044 13 70.0
406 4.0 5.538461538461538 7.0 0.7762500258061849 13 72.0
407 4.0 5.384615384615385 6.0 0.6504436355879908 13 70.0
408 4.0 5.615384615384615 7.0 0.7679476477883044 13 73.0
409 4.0 5.461538461538462 6.0 0.6602252917735248 13 71.0
410 4.0 5.538461538461538 7.0 0.9674179220468453 13 72.0
411 5.0 5.615384615384615 7.0 0.7679476477883044 13 73.0
412 4.0 5.461538461538462 7.0 0.7762500258061849 13 71.0
413 4.0 5.615384615384615 6.0 0.6504436355879908 13 73.0
414 5.0 5.6923076923076925 7.0 0.6304251719561151 13 74.0
415 4.0 5.6923076923076925 7.0 0.7510676161988107 13 74.0
416 4.0 5.384615384615385 6.0 0.6504436355879908 13 70.0
417 4.0 5.6923076923076925 7.0 0.8548504142651103 13 74.0
418 5.0 5.846153846153846 7.0 0.5547001962252291 13 76.0
419 4.0 5.461538461538462 7.0 0.7762500258061849 13 71.0
420 4.0 5.3076923076923075 6.0 0.7510676161988107 13 69.0
421 5.0 5.769230769230769 7.0 0.599144689515278 13 75.0
422 4.0 5.615384615384615 7.0 0.960768922830523 13 73.0
423 4.0 5.3076923076923075 6.0 0.6304251719561152 13 69.0
424 5.0 5.6923076923076925 7.0 0.6304251719561151 13 74.0
425 4.0 5.769230769230769 7.0 0.7250110520819841 13 75.0
426 4.0 5.384615384615385 7.0 0.7679476477883044 13 70.0
427 5.0 5.6923076923076925 7.0 0.6304251719561152 13 74.0
428 4.0 5.615384615384615 7.0 0.960768922830523 13 73.0
429 4.0 5.6923076923076925 7.0 0.7510676161988107 13 74.0
430 4.0 5.461538461538462 6.0 0.6602252917735248 13 71.0
431 4.0 5.384615384615385 7.0 0.8697184926229041 13 70.0
432 5.0 5.6923076923076925 7.0 0.6304251719561151 13 74.0
433 4.0 5.461538461538462 6.0 0.7762500258061849 13 71.0
434 5.0 5.769230769230769 7.0 0.599144689515278 13 75.0
435 4.0 5.230769230769231 6.0 0.5991446895152781 13 68.0
436 4.0 5.6923076923076925 7.0 0.8548504142651107 13 74.0
437 5.0 5.769230769230769 7.0 0.599144689515278 13 75.0
438 5.0 5.384615384615385 6.0 0.5063696835418333 13 70.0
439 4.0 5.615384615384615 7.0 0.8697184926229042 13 73.0
440 4.0 5.538461538461538 7.0 0.7762500258061849 13 72.0
441 4.0 5.384615384615385 6.0 0.6504436355879908 13 70.0
442 4.0 5.615384615384615 7.0 0.7679476477883044 13 73.0
443 4.0 5.6923076923076925 7.0 0.7510676161988107 13 74.0
444 4.0 5.384615384615385 7.0 0.7679476477883044 13 70.0
445 4.0 5.615384615384615 6.0 0.6504436355879908 13 73.0
446 4.0 5.769230769230769 7.0 0.8320502943378436 13 75.0
447 4.0 5.769230769230769 9.0 1.2351684199496946 13 75.0
448 4.0 5.923076923076923 8.0 0.8623164985025764 13 77.0
449 5.0 5.615384615384615 7.0 0.6504436355879908 13 73.0
450 4.0 5.615384615384615 7.0 0.7679476477883044 13 73.0
451 4.0 5.615384615384615 7.0 0.869718492622904 13 73.0
452 5.0 5.769230769230769 6.0 0.4385290096535146 13 75.0
453 4.0 5.6923076923076925 7.0 0.8548504142651105 13 74.0
454 4.0 5.3076923076923075 7.0 0.7510676161988106 13 69.0
455 4.0 5.769230769230769 7.0 0.8320502943378436 13 75.0
456 4.0 5.6923076923076925 6.0 0.6304251719561151 13 74.0
457 5.0 5.538461538461538 7.0 0.6602252917735248 13 72.0
458 4.0 5.384615384615385 7.0 0.8697184926229041 13 70.0
459 4.0 5.615384615384615 6.0 0.6504436355879908 13 73.0
460 5.0 5.615384615384615 6.0 0.5063696835418332 13 73.0
461 4.0 5.538461538461538 7.0 0.7762500258061849 13 72.0
462 5.0 5.615384615384615 7.0 0.6504436355879908 13 73.0
463 4.0 5.461538461538462 6.0 0.8770580193070292 13 71.0
464 5.0 5.6923076923076925 7.0 0.6304251719561152 13 74.0
465 4.0 5.769230769230769 7.0 0.8320502943378436 13 75.0
466 4.0 5.615384615384615 7.0 0.7679476477883044 13 73.0
467 5.0 5.769230769230769 6.0 0.4385290096535146 13 75.0
468 4.0 5.6923076923076925 7.0 0.7510676161988107 13 74.0
469 4.0 8.769230769230768 48.0 11.819150041026965 13 114.0
470 5.0 6.615384615384615 16.0 2.8442474557857285 13 86.0
471 4.0 5.769230769230769 7.0 0.7250110520819841 13 75.0
472 5.0 5.6923076923076925 7.0 0.7510676161988107 13 74.0
473 4.0 5.769230769230769 7.0 0.7250110520819841 13 75.0
474 4.0 5.769230769230769 7.0 0.7250110520819841 13 75.0
475 5.0 5.615384615384615 7.0 0.6504436355879908 13 73.0
476 4.0 5.615384615384615 7.0 0.7679476477883044 13 73.0
477 4.0 5.615384615384615 7.0 0.7679476477883044 13 73.0
478 4.0 5.769230769230769 7.0 0.7250110520819841 13 75.0
479 4.0 5.6923076923076925 7.0 0.7510676161988107 13 74.0
480 5.0 5.615384615384615 6.0 0.5063696835418332 13 73.0
481 5.0 5.6923076923076925 6.0 0.4803844614152615 13 74.0
482 4.0 5.615384615384615 7.0 0.8697184926229042 13 73.0
483 5.0 5.923076923076923 7.0 0.49354811679282445 13 77.0
484 5.0 5.538461538461538 7.0 0.6602252917735248 13 72.0
485 4.0 5.615384615384615 6.0 0.6504436355879908 13 73.0
486 4.0 5.846153846153846 7.0 0.6887372317211945 13 76.0
487 5.0 5.769230769230769 7.0 0.599144689515278 13 75.0
488 5.0 5.538461538461538 7.0 0.6602252917735248 13 72.0
489 4.0 5.6923076923076925 6.0 0.7510676161988107 13 74.0
490 5.0 5.6923076923076925 7.0 0.6304251719561152 13 74.0
491 5.0 5.769230769230769 7.0 0.599144689515278 13 75.0
492 4.0 5.461538461538462 7.0 0.8770580193070292 13 71.0
493 5.0 5.923076923076923 7.0 0.49354811679282445 13 77.0
494 5.0 5.769230769230769 6.0 0.4385290096535146 13 75.0
495 4.0 5.384615384615385 7.0 0.8697184926229041 13 70.0
496 4.0 5.461538461538462 6.0 0.6602252917735248 13 71.0
497 5.0 5.846153846153846 7.0 0.5547001962252291 13 76.0
498 4.0 5.538461538461538 7.0 0.8770580193070292 13 72.0
499 5.0 5.461538461538462 6.0 0.5188745216627708 13 71.0
500 5.0 5.6923076923076925 6.0 0.4803844614152614 13 74.0
501 4.0 7.538461538461538 30.0 6.789886899099578 13 98.0
502 5.0 5.846153846153846 7.0 0.5547001962252291 13 76.0
503 4.0 5.461538461538462 6.0 0.6602252917735248 13 71.0
504 4.0 5.6923076923076925 7.0 0.8548504142651104 13 74.0
505 5.0 5.6923076923076925 7.0 0.6304251719561152 13 74.0
506 4.0 5.615384615384615 7.0 0.7679476477883044 13 73.0
507 4.0 5.769230769230769 6.0 0.599144689515278 13 75.0
508 4.0 5.461538461538462 6.0 0.6602252917735248 13 71.0
509 4.0 5.769230769230769 7.0 0.7250110520819841 13 75.0
510 5.0 5.6923076923076925 7.0 0.7510676161988107 13 74.0
511 5.0 5.6923076923076925 7.0 0.6304251719561151 13 74.0
512 4.0 5.615384615384615 7.0 0.7679476477883044 13 73.0
513 4.0 5.615384615384615 6.0 0.6504436355879908 13 73.0
514 5.0 5.846153846153846 7.0 0.6887372317211945 13 76.0
515 4.0 5.6923076923076925 7.0 0.7510676161988107 13 74.0
516 5.0 5.615384615384615 7.0 0.6504436355879908 13 73.0
517 5.0 5.769230769230769 6.0 0.4385290096535146 13 75.0
518 4.0 5.769230769230769 7.0 0.7250110520819841 13 75.0
519 5.0 5.6923076923076925 7.0 0.6304251719561151 13 74.0
520 4.0 5.538461538461538 7.0 0.7762500258061849 13 72.0
521 5.0 5.769230769230769 6.0 0.4385290096535146 13 75.0
522 4.0 5.6923076923076925 7.0 0.8548504142651107 13 74.0
523 5.0 5.615384615384615 7.0 0.6504436355879908 13 73.0
524 4.0 5.538461538461538 7.0 0.7762500258061849 13 72.0
525 4.0 5.538461538461538 6.0 0.7762500258061849 13 72.0
526 5.0 5.769230769230769 7.0 0.599144689515278 13 75.0
527 4.0 5.615384615384615 7.0 0.7679476477883044 13 73.0
528 4.0 5.6923076923076925 7.0 0.7510676161988107 13 74.0
529 5.0 5.538461538461538 6.0 0.5188745216627708 13 72.0
530 4.0 5.538461538461538 7.0 0.7762500258061849 13 72.0
531 5.0 5.6923076923076925 7.0 0.6304251719561152 13 74.0
532 4.0 5.615384615384615 7.0 0.8697184926229043 13 73.0
533 5.0 5.923076923076923 7.0 0.6405126152203486 13 77.0
534 5.0 5.615384615384615 7.0 0.6504436355879908 13 73.0
535 5.0 5.6923076923076925 7.0 0.6304251719561152 13 74.0
536 4.0 6.0 9.0 1.224744871391589 13 78.0
537 5.0 6.0 11.0 1.5811388300841898 13 78.0
538 5.0 6.230769230769231 10.0 1.3634420996046581 13 81.0
539 4.0 5.846153846153846 8.0 0.9870962335856489 13 76.0
540 4.0 5.538461538461538 7.0 0.7762500258061849 13 72.0
541 5.0 5.923076923076923 7.0 0.49354811679282445 13 77.0
542 4.0 5.538461538461538 6.0 0.6602252917735248 13 72.0
543 5.0 5.538461538461538 7.0 0.6602252917735248 13 72.0
544 4.0 5.769230769230769 7.0 0.8320502943378437 13 75.0
545 4.0 5.6923076923076925 7.0 0.8548504142651104 13 74.0
546 5.0 5.846153846153846 7.0 0.5547001962252291 13 76.0
547 5.0 5.769230769230769 7.0 0.5991446895152781 13 75.0
548 4.0 5.615384615384615 7.0 0.9607689228305231 13 73.0
549 5.0 5.923076923076923 7.0 0.6405126152203485 13 77.0
550 4.0 5.846153846153846 7.0 0.6887372317211945 13 76.0
551 4.0 5.615384615384615 6.0 0.6504436355879908 13 73.0
552 4.0 5.538461538461538 7.0 0.7762500258061849 13 72.0
553 4.0 5.769230769230769 7.0 0.7250110520819841 13 75.0
554 5.0 6.0 7.0 0.5773502691896257 13 78.0
555 5.0 5.846153846153846 7.0 0.5547001962252291 13 76.0
556 4.0 7.0 21.0 4.262237284181474 13 91.0
557 5.0 5.846153846153846 7.0 0.5547001962252291 13 76.0
558 5.0 5.846153846153846 6.0 0.3755338080994054 13 76.0
559 4.0 5.538461538461538 7.0 0.8770580193070292 13 72.0
560 5.0 5.769230769230769 7.0 0.5991446895152781 13 75.0
561 5.0 5.923076923076923 7.0 0.49354811679282445 13 77.0
562 4.0 5.6923076923076925 7.0 0.7510676161988107 13 74.0
563 5.0 6.0 7.0 0.5773502691896257 13 78.0
564 5.0 5.846153846153846 7.0 0.5547001962252291 13 76.0
565 4.0 5.769230769230769 7.0 0.7250110520819841 13 75.0
566 5.0 5.923076923076923 7.0 0.75955452531275 13 77.0
567 5.0 5.846153846153846 7.0 0.5547001962252291 13 76.0
568 4.0 5.769230769230769 7.0 0.8320502943378438 13 75.0
569 5.0 5.846153846153846 7.0 0.5547001962252291 13 76.0
570 5.0 5.846153846153846 7.0 0.5547001962252291 13 76.0
571 5.0 5.846153846153846 6.0 0.3755338080994054 13 76.0
572 5.0 5.846153846153846 7.0 0.5547001962252291 13 76.0
573 4.0 5.6923076923076925 7.0 0.8548504142651104 13 74.0
574 5.0 5.615384615384615 7.0 0.6504436355879908 13 73.0
575 5.0 5.769230769230769 7.0 0.5991446895152781 13 75.0
576 5.0 5.846153846153846 7.0 0.6887372317211945 13 76.0
577 5.0 5.923076923076923 7.0 0.6405126152203484 13 77.0
578 4.0 5.6923076923076925 7.0 0.8548504142651105 13 74.0
579 5.0 5.846153846153846 7.0 0.6887372317211945 13 76.0
580 5.0 5.923076923076923 7.0 0.6405126152203485 13 77.0
581 5.0 6.0 7.0 0.5773502691896257 13 78.0
582 5.0 5.769230769230769 7.0 0.5991446895152781 13 75.0
583 5.0 5.846153846153846 7.0 0.6887372317211945 13 76.0
584 4.0 5.846153846153846 7.0 0.8987170342729167 13 76.0
585 5.0 6.0 7.0 0.408248290463863 13 78.0
586 4.0 5.846153846153846 7.0 0.6887372317211945 13 76.0
587 5.0 5.846153846153846 7.0 0.8006407690254357 13 76.0
588 5.0 5.6923076923076925 6.0 0.4803844614152614 13 74.0
589 4.0 5.769230769230769 7.0 0.7250110520819841 13 75.0
590 4.0 5.615384615384615 7.0 0.8697184926229042 13 73.0
591 5.0 5.846153846153846 7.0 0.6887372317211945 13 76.0
592 5.0 5.923076923076923 7.0 0.6405126152203484 13 77.0
593 5.0 5.846153846153846 7.0 0.5547001962252291 13 76.0
594 4.0 5.769230769230769 7.0 0.9268086959962984 13 75.0
595 5.0 5.923076923076923 7.0 0.49354811679282445 13 77.0
596 5.0 5.769230769230769 7.0 0.599144689515278 13 75.0
597 5.0 5.846153846153846 7.0 0.6887372317211945 13 76.0
598 4.0 5.846153846153846 7.0 0.6887372317211945 13 76.0
599 4.0 5.846153846153846 7.0 0.8006407690254357 13 76.0
600 5.0 6.0 7.0 0.5773502691896257 13 78.0
601 5.0 5.923076923076923 7.0 0.49354811679282445 13 77.0
602 5.0 5.923076923076923 7.0 0.49354811679282445 13 77.0
603 4.0 5.538461538461538 6.0 0.6602252917735248 13 72.0
604 4.0 5.769230769230769 8.0 1.0127393670836666 13 75.0
605 5.0 6.0 7.0 0.5773502691896257 13 78.0
606 5.0 5.923076923076923 7.0 0.49354811679282445 13 77.0
607 5.0 5.923076923076923 7.0 0.6405126152203484 13 77.0
608 5.0 5.923076923076923 7.0 0.49354811679282445 13 77.0
609 4.0 5.769230769230769 7.0 0.7250110520819841 13 75.0
610 4.0 5.6923076923076925 6.0 0.6304251719561151 13 74.0
611 5.0 5.923076923076923 7.0 0.6405126152203484 13 77.0
612 5.0 5.923076923076923 7.0 0.49354811679282445 13 77.0
613 5.0 5.846153846153846 7.0 0.6887372317211945 13 76.0
614 4.0 5.846153846153846 7.0 0.6887372317211945 13 76.0
615 4.0 5.923076923076923 7.0 0.8623164985025763 13 77.0
616 5.0 5.846153846153846 7.0 0.6887372317211945 13 76.0
617 5.0 5.846153846153846 7.0 0.6887372317211945 13 76.0
618 5.0 5.769230769230769 7.0 0.5991446895152781 13 75.0
619 4.0 6.153846153846154 9.0 1.214231845389905 13 80.0
620 5.0 5.846153846153846 7.0 0.5547001962252291 13 76.0
621 5.0 6.0 7.0 0.5773502691896257 13 78.0
622 4.0 5.846153846153846 7.0 0.6887372317211945 13 76.0
623 5.0 5.846153846153846 7.0 0.5547001962252291 13 76.0
624 4.0 5.846153846153846 7.0 0.6887372317211945 13 76.0
625 5.0 5.6923076923076925 7.0 0.7510676161988107 13 74.0
626 5.0 6.0 7.0 0.5773502691896257 13 78.0
627 5.0 5.923076923076923 7.0 0.49354811679282445 13 77.0
628 4.0 6.923076923076923 20.0 4.0509574683346665 13 90.0
629 5.0 5.769230769230769 7.0 0.5991446895152781 13 75.0
630 5.0 5.923076923076923 7.0 0.6405126152203484 13 77.0
631 5.0 5.846153846153846 7.0 0.5547001962252291 13 76.0
632 4.0 5.923076923076923 7.0 0.75955452531275 13 77.0
633 5.0 5.846153846153846 7.0 0.5547001962252291 13 76.0
634 5.0 5.846153846153846 7.0 0.6887372317211945 13 76.0
635 4.0 5.769230769230769 7.0 0.7250110520819841 13 75.0
636 4.0 5.769230769230769 7.0 0.7250110520819841 13 75.0
637 5.0 5.846153846153846 7.0 0.5547001962252291 13 76.0
638 5.0 6.0 7.0 0.7071067811865476 13 78.0
639 5.0 5.846153846153846 7.0 0.5547001962252291 13 76.0
640 4.0 5.846153846153846 7.0 0.8006407690254357 13 76.0
641 4.0 5.6923076923076925 7.0 0.8548504142651103 13 74.0
642 4.0 5.538461538461538 7.0 0.7762500258061849 13 72.0
643 4.0 5.769230769230769 7.0 0.8320502943378437 13 75.0
644 5.0 5.846153846153846 7.0 0.6887372317211945 13 76.0
645 4.0 5.846153846153846 7.0 0.8006407690254357 13 76.0
646 4.0 5.846153846153846 7.0 0.8006407690254357 13 76.0
647 5.0 5.923076923076923 7.0 0.6405126152203484 13 77.0
648 5.0 5.846153846153846 7.0 0.5547001962252291 13 76.0
649 5.0 6.0 7.0 0.7071067811865476 13 78.0
650 5.0 5.769230769230769 7.0 0.599144689515278 13 75.0
651 4.0 5.846153846153846 7.0 0.9870962335856489 13 76.0
652 5.0 5.846153846153846 7.0 0.5547001962252291 13 76.0
653 4.0 5.846153846153846 7.0 0.8006407690254357 13 76.0
654 5.0 5.846153846153846 7.0 0.5547001962252291 13 76.0
655 5.0 5.923076923076923 7.0 0.49354811679282445 13 77.0
656 5.0 6.0 7.0 0.7071067811865476 13 78.0
657 4.0 5.923076923076923 8.0 0.8623164985025763 13 77.0
658 5.0 6.076923076923077 7.0 0.7595545253127501 13 79.0
659 5.0 5.769230769230769 7.0 0.599144689515278 13 75.0
660 5.0 5.923076923076923 7.0 0.6405126152203485 13 77.0
661 5.0 5.923076923076923 7.0 0.6405126152203484 13 77.0
662 5.0 5.846153846153846 7.0 0.5547001962252291 13 76.0
663 5.0 6.076923076923077 8.0 0.75955452531275 13 79.0
664 4.0 6.153846153846154 7.0 0.898717034272917 13 80.0
665 5.0 6.0 7.0 0.7071067811865476 13 78.0
666 5.0 6.0 7.0 0.7071067811865476 13 78.0
667 4.0 5.846153846153846 7.0 0.8006407690254357 13 76.0
668 5.0 6.153846153846154 7.0 0.6887372317211945 13 80.0
669 5.0 6.0 7.0 0.5773502691896257 13 78.0
670 5.0 6.0 7.0 0.5773502691896257 13 78.0
671 4.0 6.230769230769231 10.0 1.423250162705427 13 81.0
672 5.0 6.384615384615385 10.0 1.2608503439122303 13 83.0
673 5.0 5.923076923076923 8.0 0.9540735874430287 13 77.0
674 5.0 5.923076923076923 7.0 0.6405126152203486 13 77.0
675 5.0 6.0 7.0 0.7071067811865476 13 78.0
676 4.0 5.6923076923076925 7.0 0.7510676161988107 13 74.0
677 4.0 5.846153846153846 7.0 0.9870962335856489 13 76.0
678 5.0 5.769230769230769 7.0 0.599144689515278 13 75.0
679 4.0 5.769230769230769 7.0 0.8320502943378437 13 75.0
680 5.0 5.923076923076923 7.0 0.6405126152203486 13 77.0
681 5.0 6.076923076923077 8.0 0.8623164985025763 13 79.0
682 4.0 5.769230769230769 7.0 0.8320502943378437 13 75.0
683 5.0 5.923076923076923 7.0 0.6405126152203485 13 77.0
684 5.0 5.846153846153846 7.0 0.5547001962252291 13 76.0
685 4.0 5.923076923076923 7.0 0.8623164985025763 13 77.0
686 5.0 5.923076923076923 7.0 0.6405126152203484 13 77.0
687 4.0 5.923076923076923 7.0 0.9540735874430286 13 77.0
688 4.0 5.769230769230769 7.0 0.7250110520819841 13 75.0
689 5.0 5.923076923076923 7.0 0.6405126152203485 13 77.0
690 5.0 5.846153846153846 7.0 0.5547001962252291 13 76.0
691 5.0 6.076923076923077 7.0 0.6405126152203485 13 79.0
692 4.0 5.846153846153846 7.0 0.8006407690254357 13 76.0
693 5.0 5.769230769230769 7.0 0.599144689515278 13 75.0
694 5.0 6.0 7.0 0.7071067811865476 13 78.0
695 5.0 5.846153846153846 7.0 0.6887372317211945 13 76.0
696 4.0 5.923076923076923 8.0 0.9540735874430287 13 77.0
697 4.0 5.615384615384615 6.0 0.7679476477883044 13 73.0
698 4.0 5.769230769230769 7.0 0.7250110520819841 13 75.0
699 5.0 5.769230769230769 7.0 0.599144689515278 13 75.0
700 5.0 5.769230769230769 7.0 0.599144689515278 13 75.0
701 5.0 5.846153846153846 7.0 0.5547001962252291 13 76.0
702 5.0 5.923076923076923 7.0 0.6405126152203484 13 77.0
703 5.0 5.923076923076923 7.0 0.75955452531275 13 77.0
704 4.0 6.3076923076923075 13.0 2.136376035276225 13 82.0
705 5.0 7.384615384615384 26.0 5.620475388233953 13 96.0
706 5.0 7.384615384615384 26.0 5.620475388233953 13 96.0
707 5.0 7.769230769230769 32.0 7.2933056765987585 13 101.0
708 4.0 7.3076923076923075 26.0 5.6918745503951405 13 95.0
709 5.0 7.230769230769231 25.0 5.356520110324211 13 94.0
710 5.0 7.3076923076923075 26.0 5.633007121491079 13 95.0
711 5.0 7.461538461538462 27.0 5.896543968226708 13 97.0
712 5.0 7.461538461538462 27.0 5.896543968226708 13 97.0
713 5.0 7.923076923076923 33.0 7.543888679603936 13 103.0
714 5.0 7.3076923076923075 26.0 5.6477815022746665 13 95.0
715 4.0 7.230769230769231 25.0 5.387544990590894 13 94.0
716 5.0 7.3076923076923075 26.0 5.633007121491079 13 95.0
717 5.0 7.384615384615384 26.0 5.620475388233953 13 96.0
718 4.0 7.3076923076923075 26.0 5.662517334552058 13 95.0
719 5.0 7.769230769230769 32.0 7.2933056765987585 13 101.0
720 4.0 7.384615384615384 27.0 5.937710859953546 13 96.0
721 5.0 6.923076923076923 21.0 4.2712515430011555 13 90.0
722 4.0 7.230769230769231 26.0 5.688494911571458 13 94.0
723 4.0 7.230769230769231 26.0 5.673826547605038 13 94.0
724 4.0 7.230769230769231 26.0 5.673826547605038 13 94.0
725 5.0 7.3076923076923075 26.0 5.633007121491079 13 95.0
726 5.0 7.769230769230769 31.0 7.001831262294244 13 101.0
727 5.0 7.384615384615384 27.0 5.909575020513484 13 96.0
728 5.0 7.384615384615384 25.0 5.331329751860875 13 96.0
729 4.0 7.230769230769231 25.0 5.418392230078436 13 94.0
730 4.0 6.923076923076923 20.0 4.009603855360661 13 90.0
731 5.0 7.3076923076923075 26.0 5.633007121491079 13 95.0
732 5.0 7.846153846153846 31.0 6.9862502322556645 13 102.0
733 4.0 7.230769230769231 26.0 5.673826547605038 13 94.0
734 5.0 7.461538461538462 27.0 5.882394419159948 13 97.0
735 4.0 7.076923076923077 26.0 5.736746151805605 13 92.0
736 5.0 7.384615384615384 26.0 5.620475388233953 13 96.0
737 5.0 7.3076923076923075 26.0 5.633007121491079 13 95.0
738 4.0 7.3076923076923075 26.0 5.662517334552058 13 95.0
739 5.0 7.230769230769231 25.0 5.356520110324211 13 94.0
740 4.0 7.615384615384616 32.0 7.365895075034006 13 99.0
741 5.0 7.3076923076923075 26.0 5.633007121491079 13 95.0
742 4.0 7.3076923076923075 26.0 5.662517334552058 13 95.0
743 5.0 7.384615384615384 26.0 5.620475388233953 13 96.0
744 5.0 7.3076923076923075 26.0 5.633007121491079 13 95.0
745 4.0 7.3076923076923075 26.0 5.662517334552058 13 95.0
746 4.0 7.076923076923077 25.0 5.453768398418633 13 92.0
747 5.0 7.769230769230769 32.0 7.2933056765987585 13 101.0
748 5.0 7.384615384615384 26.0 5.620475388233953 13 96.0
749 5.0 7.153846153846154 25.0 5.382783571197989 13 93.0
750 4.0 7.3076923076923075 26.0 5.662517334552058 13 95.0
751 4.0 7.153846153846154 26.0 5.727799953532973 13 93.0
752 5.0 7.3076923076923075 26.0 5.633007121491079 13 95.0
753 5.0 7.384615384615384 26.0 5.620475388233953 13 96.0
754 5.0 7.384615384615384 26.0 5.620475388233953 13 96.0
755 5.0 7.615384615384616 31.0 7.041998550819473 13 99.0
756 4.0 7.076923076923077 26.0 5.736746151805605 13 92.0
757 5.0 7.230769230769231 25.0 5.356520110324211 13 94.0
758 5.0 7.384615384615384 27.0 5.909575020513484 13 96.0
759 4.0 7.230769230769231 26.0 5.673826547605038 13 94.0
760 5.0 7.230769230769231 25.0 5.356520110324211 13 94.0
761 5.0 7.384615384615384 26.0 5.620475388233953 13 96.0
762 5.0 7.384615384615384 26.0 5.620475388233953 13 96.0
763 5.0 7.846153846153846 32.0 7.2668901400593855 13 102.0
764 5.0 7.3076923076923075 25.0 5.34453950907864 13 95.0
765 4.0 7.3076923076923075 27.0 5.949574429943362 13 95.0
766 4.0 7.230769230769231 26.0 5.673826547605038 13 94.0
767 4.0 7.230769230769231 26.0 5.673826547605038 13 94.0
768 5.0 7.538461538461538 26.0 5.59188973149782 13 98.0
769 5.0 7.923076923076923 31.0 6.969714705561705 13 103.0
770 4.0 7.230769230769231 27.0 5.974303950445416 13 94.0
771 5.0 7.923076923076923 26.0 5.90849019718713 13 103.0
772 5.0 7.230769230769231 25.0 5.372054947501409 13 94.0
773 5.0 7.3076923076923075 26.0 5.6477815022746665 13 95.0
774 5.0 7.384615384615384 27.0 5.909575020513484 13 96.0
775 4.0 7.538461538461538 31.0 7.101823528918289 13 98.0
776 5.0 7.384615384615384 26.0 5.620475388233953 13 96.0
777 5.0 7.3076923076923075 26.0 5.6477815022746665 13 95.0
778 4.0 7.3076923076923075 26.0 5.662517334552058 13 95.0
779 4.0 7.153846153846154 26.0 5.698627815041002 13 93.0
780 5.0 7.3076923076923075 26.0 5.6477815022746665 13 95.0
781 5.0 7.615384615384616 31.0 7.041998550819473 13 99.0
782 5.0 7.3076923076923075 26.0 5.6477815022746665 13 95.0
783 5.0 7.230769230769231 25.0 5.372054947501409 13 94.0
784 4.0 7.230769230769231 26.0 5.703125548823297 13 94.0
785 5.0 7.3076923076923075 27.0 5.949574429943363 13 95.0
786 5.0 7.153846153846154 25.0 5.382783571197989 13 93.0
787 5.0 7.3076923076923075 26.0 5.6477815022746665 13 95.0
788 5.0 7.538461538461538 31.0 7.066533622356681 13 98.0
789 4.0 7.153846153846154 27.0 5.997862867251883 13 93.0
790 5.0 7.230769230769231 26.0 5.659120163562621 13 94.0
791 5.0 7.153846153846154 25.0 5.382783571197989 13 93.0
792 4.0 7.153846153846154 26.0 5.713232503673 13 93.0
793 4.0 7.230769230769231 26.0 5.688494911571458 13 94.0
794 5.0 7.230769230769231 26.0 5.659120163562621 13 94.0
795 5.0 7.230769230769231 26.0 5.659120163562621 13 94.0
796 4.0 7.230769230769231 26.0 5.673826547605038 13 94.0
797 5.0 7.769230769230769 32.0 7.304722743470442 13 101.0
798 4.0 7.153846153846154 26.0 5.698627815041002 13 93.0
799 5.0 7.153846153846154 25.0 5.382783571197989 13 93.0
800 5.0 7.384615384615384 26.0 5.605629039017561 13 96.0
801 5.0 7.230769230769231 26.0 5.659120163562621 13 94.0
802 5.0 7.230769230769231 25.0 5.372054947501409 13 94.0
803 4.0 7.153846153846154 26.0 5.698627815041002 13 93.0
804 4.0 7.076923076923077 26.0 5.736746151805605 13 92.0
805 5.0 7.538461538461538 31.0 7.066533622356681 13 98.0
806 4.0 7.230769230769231 26.0 5.688494911571458 13 94.0
807 5.0 7.230769230769231 25.0 5.372054947501409 13 94.0
808 5.0 7.230769230769231 26.0 5.659120163562621 13 94.0
809 4.0 7.076923076923077 25.0 5.423122385697782 13 92.0
810 5.0 7.384615384615384 26.0 5.635282624359694 13 96.0
811 4.0 7.230769230769231 25.0 5.387544990590894 13 94.0
812 5.0 7.615384615384616 31.0 7.041998550819473 13 99.0
813 4.0 7.076923076923077 25.0 5.423122385697782 13 92.0
814 4.0 7.3076923076923075 27.0 5.963564585388721 13 95.0
815 5.0 7.461538461538462 26.0 5.591889731497821 13 97.0
816 5.0 7.230769230769231 26.0 5.659120163562621 13 94.0
817 5.0 7.3076923076923075 26.0 5.6477815022746665 13 95.0
818 5.0 7.230769230769231 25.0 5.372054947501409 13 94.0
819 4.0 7.6923076923076925 32.0 7.341487308266347 13 100.0
820 4.0 7.153846153846154 25.0 5.413657941511665 13 93.0
821 5.0 7.384615384615384 26.0 5.620475388233953 13 96.0
822 5.0 7.230769230769231 26.0 5.659120163562621 13 94.0
823 5.0 7.230769230769231 26.0 5.659120163562621 13 94.0
824 5.0 7.230769230769231 25.0 5.356520110324211 13 94.0
825 4.0 7.615384615384616 32.0 7.377199802301473 13 99.0
826 5.0 7.384615384615384 26.0 5.635282624359694 13 96.0
827 4.0 7.230769230769231 25.0 5.387544990590894 13 94.0
828 4.0 7.153846153846154 26.0 5.698627815041002 13 93.0
829 4.0 7.153846153846154 26.0 5.698627815041002 13 93.0
830 5.0 7.153846153846154 25.0 5.382783571197989 13 93.0
831 5.0 7.3076923076923075 26.0 5.633007121491079 13 95.0
832 5.0 7.769230769230769 31.0 7.025594235292438 13 101.0
833 5.0 7.384615384615384 26.0 5.635282624359694 13 96.0
834 4.0 6.6923076923076925 20.0 4.0903262988139755 13 87.0
835 4.0 7.230769230769231 26.0 5.688494911571458 13 94.0
836 5.0 7.230769230769231 26.0 5.659120163562621 13 94.0
837 4.0 7.153846153846154 26.0 5.698627815041002 13 93.0
838 5.0 7.384615384615384 25.0 5.3156758983604595 13 96.0
839 4.0 7.692307692307692 32.0 7.330127504400533 13 100.0
840 5.0 7.3076923076923075 25.0 5.34453950907864 13 95.0
841 5.0 7.538461538461538 27.0 5.896543968226707 13 98.0
842 4.0 7.3076923076923075 25.0 5.375633534518131 13 95.0
843 4.0 7.076923076923077 25.0 5.423122385697782 13 92.0
844 5.0 7.230769230769231 26.0 5.659120163562621 13 94.0
845 5.0 7.692307692307692 31.0 7.016464154456231 13 100.0
846 5.0 7.230769230769231 26.0 5.659120163562621 13 94.0
847 4.0 7.153846153846154 25.0 5.413657941511665 13 93.0
848 4.0 7.230769230769231 26.0 5.688494911571458 13 94.0
849 4.0 7.153846153846154 25.0 5.413657941511665 13 93.0
850 5.0 7.230769230769231 26.0 5.659120163562621 13 94.0
851 4.0 7.153846153846154 26.0 5.698627815041002 13 93.0
852 5.0 7.230769230769231 25.0 5.372054947501409 13 94.0
853 5.0 7.692307692307692 32.0 7.318750068427157 13 100.0
854 4.0 7.076923076923077 26.0 5.722201477018242 13 92.0
855 5.0 7.230769230769231 25.0 5.372054947501409 13 94.0
856 5.0 7.230769230769231 25.0 5.372054947501409 13 94.0
857 4.0 7.153846153846154 26.0 5.698627815041002 13 93.0
858 5.0 7.3076923076923075 26.0 5.633007121491079 13 95.0
859 4.0 7.076923076923077 25.0 5.423122385697782 13 92.0
860 5.0 7.769230769230769 32.0 7.304722743470442 13 101.0
861 4.0 7.153846153846154 25.0 5.413657941511665 13 93.0
862 5.0 7.3076923076923075 26.0 5.6477815022746665 13 95.0
863 5.0 7.230769230769231 26.0 5.659120163562621 13 94.0
864 4.0 7.076923076923077 25.0 5.423122385697782 13 92.0
865 5.0 7.384615384615384 26.0 5.620475388233953 13 96.0
866 5.0 7.769230769230769 31.0 7.013722812622956 13 101.0
867 5.0 7.230769230769231 26.0 5.659120163562621 13 94.0
868 4.0 7.3076923076923075 26.0 5.662517334552058 13 95.0
869 4.0 7.076923076923077 25.0 5.423122385697782 13 92.0
870 4.0 7.230769230769231 26.0 5.688494911571458 13 94.0
871 5.0 7.230769230769231 26.0 5.659120163562621 13 94.0
872 4.0 6.846153846153846 22.0 4.597937107119413 13 89.0
873 5.0 7.615384615384616 31.0 7.041998550819473 13 99.0
874 5.0 7.3076923076923075 26.0 5.633007121491079 13 95.0
875 4.0 7.076923076923077 26.0 5.736746151805605 13 92.0
876 4.0 7.076923076923077 25.0 5.423122385697782 13 92.0
877 4.0 7.230769230769231 26.0 5.688494911571458 13 94.0
878 5.0 7.230769230769231 26.0 5.659120163562621 13 94.0
879 5.0 7.615384615384616 31.0 7.041998550819473 13 99.0
880 4.0 7.384615384615384 26.0 5.65005105490888 13 96.0
881 5.0 7.3076923076923075 26.0 5.6477815022746665 13 95.0
882 4.0 7.076923076923077 25.0 5.423122385697782 13 92.0
883 4.0 7.384615384615384 27.0 5.951728902014686 13 96.0
884 5.0 7.384615384615384 27.0 5.923659644995111 13 96.0
885 5.0 7.692307692307692 32.0 7.318750068427157 13 100.0
886 4.0 7.3076923076923075 27.0 5.963564585388721 13 95.0
887 4.0 7.3076923076923075 27.0 5.963564585388721 13 95.0
888 5.0 7.230769230769231 26.0 5.659120163562621 13 94.0
889 5.0 7.538461538461538 27.0 5.896543968226707 13 98.0
890 5.0 7.692307692307692 32.0 7.318750068427157 13 100.0
891 4.0 7.230769230769231 26.0 5.688494911571458 13 94.0
892 5.0 7.230769230769231 26.0 5.659120163562621 13 94.0
893 5.0 7.3076923076923075 26.0 5.6477815022746665 13 95.0
894 5.0 7.153846153846154 25.0 5.382783571197989 13 93.0
895 4.0 7.3076923076923075 27.0 5.949574429943362 13 95.0
896 4.0 7.615384615384616 32.0 7.354572971270565 13 99.0
897 5.0 7.230769230769231 26.0 5.659120163562621 13 94.0
898 4.0 7.153846153846154 26.0 5.698627815041002 13 93.0
899 4.0 7.076923076923077 25.0 5.423122385697782 13 92.0
900 5.0 7.153846153846154 26.0 5.683985600588052 13 93.0
901 4.0 7.3076923076923075 26.0 5.677214918493858 13 95.0
902 4.0 7.076923076923077 25.0 5.423122385697782 13 92.0
903 5.0 7.769230769230769 32.0 7.304722743470442 13 101.0
904 5.0 7.153846153846154 25.0 5.382783571197989 13 93.0
905 4.0 7.076923076923077 26.0 5.736746151805605 13 92.0
906 4.0 7.153846153846154 26.0 5.698627815041002 13 93.0
907 4.0 7.0 25.0 5.446711546122731 13 91.0
908 5.0 7.3076923076923075 27.0 5.949574429943363 13 95.0
909 4.0 7.153846153846154 26.0 5.698627815041002 13 93.0
910 4.0 7.076923076923077 25.0 5.423122385697782 13 92.0
911 4.0 7.153846153846154 26.0 5.698627815041002 13 93.0
912 4.0 7.538461538461538 31.0 7.0783164737502435 13 98.0
913 4.0 7.153846153846154 25.0 5.413657941511665 13 93.0
914 4.0 7.230769230769231 27.0 5.974303950445416 13 94.0
915 5.0 7.230769230769231 25.0 5.372054947501409 13 94.0
916 5.0 7.230769230769231 26.0 5.659120163562621 13 94.0
917 4.0 7.153846153846154 26.0 5.713232503673 13 93.0
918 5.0 7.615384615384616 31.0 7.041998550819473 13 99.0
919 5.0 7.230769230769231 26.0 5.659120163562621 13 94.0
920 5.0 7.3076923076923075 26.0 5.633007121491079 13 95.0
921 5.0 7.230769230769231 25.0 5.372054947501409 13 94.0
922 4.0 7.3076923076923075 27.0 5.963564585388721 13 95.0
923 4.0 7.384615384615384 27.0 5.937710859953546 13 96.0
924 5.0 7.692307692307692 32.0 7.318750068427157 13 100.0
925 5.0 7.230769230769231 25.0 5.372054947501409 13 94.0
926 5.0 7.384615384615384 27.0 5.909575020513484 13 96.0
927 4.0 7.230769230769231 26.0 5.688494911571458 13 94.0
928 4.0 7.3076923076923075 26.0 5.677214918493858 13 95.0
929 5.0 7.230769230769231 26.0 5.659120163562621 13 94.0
930 5.0 7.692307692307692 32.0 7.318750068427157 13 100.0
931 4.0 7.076923076923077 25.0 5.423122385697782 13 92.0
932 5.0 7.230769230769231 26.0 5.659120163562621 13 94.0
933 4.0 7.153846153846154 25.0 5.444357229372963 13 93.0
934 5.0 7.3076923076923075 26.0 5.6477815022746665 13 95.0
935 5.0 7.3076923076923075 26.0 5.633007121491079 13 95.0
936 4.0 7.538461538461538 31.0 7.0783164737502435 13 98.0
937 5.0 7.384615384615384 26.0 5.635282624359694 13 96.0
938 4.0 8.615384615384615 43.0 10.364510452649315 13 112.0
939 4.0 5.615384615384615 6.0 0.6504436355879908 13 73.0
940 5.0 5.6923076923076925 6.0 0.4803844614152615 13 74.0
941 4.0 5.615384615384615 6.0 0.6504436355879908 13 73.0
942 5.0 5.769230769230769 7.0 0.599144689515278 13 75.0
943 4.0 5.846153846153846 7.0 0.8006407690254357 13 76.0
944 5.0 5.6923076923076925 6.0 0.4803844614152615 13 74.0
945 5.0 5.846153846153846 7.0 0.6887372317211945 13 76.0
946 5.0 6.153846153846154 10.0 1.2810252304406973 13 80.0
947 5.0 5.6923076923076925 7.0 0.6304251719561151 13 74.0
948 4.0 5.769230769230769 7.0 0.7250110520819841 13 75.0
949 4.0 5.615384615384615 7.0 0.8697184926229043 13 73.0
950 5.0 5.923076923076923 7.0 0.75955452531275 13 77.0
951 4.0 5.6923076923076925 7.0 0.7510676161988107 13 74.0
952 5.0 5.769230769230769 7.0 0.599144689515278 13 75.0
953 4.0 5.769230769230769 7.0 0.9268086959962986 13 75.0
954 5.0 5.6923076923076925 7.0 0.6304251719561151 13 74.0
955 5.0 5.769230769230769 7.0 0.599144689515278 13 75.0
956 5.0 5.6923076923076925 7.0 0.6304251719561151 13 74.0
957 4.0 5.6923076923076925 7.0 0.7510676161988106 13 74.0
958 4.0 5.538461538461538 6.0 0.7762500258061849 13 72.0
959 5.0 5.769230769230769 7.0 0.599144689515278 13 75.0
960 5.0 5.846153846153846 7.0 0.6887372317211945 13 76.0
961 5.0 5.769230769230769 7.0 0.599144689515278 13 75.0
962 5.0 5.6923076923076925 6.0 0.4803844614152615 13 74.0
963 4.0 5.538461538461538 7.0 0.8770580193070292 13 72.0
964 5.0 5.769230769230769 7.0 0.599144689515278 13 75.0
965 4.0 5.6923076923076925 7.0 0.7510676161988107 13 74.0
966 4.0 5.615384615384615 6.0 0.6504436355879908 13 73.0
967 5.0 5.846153846153846 7.0 0.6887372317211945 13 76.0
968 4.0 5.769230769230769 7.0 0.8320502943378437 13 75.0
969 5.0 5.6923076923076925 6.0 0.4803844614152615 13 74.0
970 5.0 5.769230769230769 7.0 0.599144689515278 13 75.0
971 5.0 5.769230769230769 7.0 0.599144689515278 13 75.0
972 5.0 5.846153846153846 7.0 0.5547001962252291 13 76.0
973 5.0 5.846153846153846 7.0 0.6887372317211945 13 76.0
974 4.0 5.615384615384615 6.0 0.6504436355879908 13 73.0
975 4.0 5.769230769230769 7.0 0.8320502943378436 13 75.0
976 5.0 5.846153846153846 7.0 0.5547001962252291 13 76.0
977 5.0 5.769230769230769 7.0 0.599144689515278 13 75.0
978 4.0 5.6923076923076925 7.0 0.7510676161988106 13 74.0
979 4.0 5.769230769230769 7.0 0.8320502943378435 13 75.0
980 5.0 5.769230769230769 7.0 0.599144689515278 13 75.0
981 5.0 5.846153846153846 7.0 0.5547001962252291 13 76.0
982 4.0 5.615384615384615 6.0 0.6504436355879908 13 73.0
983 4.0 5.6923076923076925 7.0 0.7510676161988106 13 74.0
984 4.0 5.6923076923076925 7.0 0.7510676161988107 13 74.0
985 5.0 5.846153846153846 7.0 0.6887372317211945 13 76.0
986 4.0 5.6923076923076925 7.0 0.8548504142651104 13 74.0
987 5.0 7.461538461538462 28.0 6.199669139228111 13 97.0
988 4.0 5.846153846153846 7.0 0.8006407690254357 13 76.0
989 5.0 5.846153846153846 7.0 0.6887372317211945 13 76.0
990 5.0 5.846153846153846 7.0 0.6887372317211945 13 76.0
991 5.0 5.6923076923076925 6.0 0.4803844614152615 13 74.0
992 5.0 5.846153846153846 7.0 0.6887372317211945 13 76.0
993 5.0 5.846153846153846 7.0 0.6887372317211945 13 76.0
994 4.0 5.769230769230769 7.0 0.8320502943378436 13 75.0
995 4.0 5.615384615384615 6.0 0.6504436355879908 13 73.0
996 5.0 5.769230769230769 7.0 0.599144689515278 13 75.0
997 5.0 5.846153846153846 7.0 0.5547001962252291 13 76.0
998 5.0 5.846153846153846 7.0 0.6887372317211945 13 76.0
999 5.0 5.6923076923076925 6.0 0.4803844614152615 13 74.0
1000 4.0 5.615384615384615 6.0 0.6504436355879908 13 73.0
1001 4.0 5.769230769230769 7.0 0.7250110520819841 13 75.0
1002 5.0 5.6923076923076925 6.0 0.4803844614152615 13 74.0
1003 5.0 5.6923076923076925 6.0 0.4803844614152615 13 74.0
1004 5.0 5.923076923076923 7.0 0.6405126152203485 13 77.0
1005 4.0 5.6923076923076925 7.0 0.7510676161988106 13 74.0
1006 5.0 5.6923076923076925 6.0 0.4803844614152615 13 74.0
1007 5.0 5.6923076923076925 6.0 0.4803844614152615 13 74.0
1008 5.0 5.846153846153846 7.0 0.6887372317211945 13 76.0
1009 5.0 5.769230769230769 7.0 0.5991446895152781 13 75.0
1010 4.0 5.6923076923076925 7.0 0.7510676161988107 13 74.0
1011 5.0 5.769230769230769 7.0 0.5991446895152781 13 75.0
1012 4.0 5.6923076923076925 7.0 0.7510676161988106 13 74.0
1013 5.0 5.769230769230769 7.0 0.599144689515278 13 75.0
1014 5.0 5.769230769230769 7.0 0.599144689515278 13 75.0
1015 5.0 5.6923076923076925 6.0 0.4803844614152615 13 74.0
1016 5.0 5.846153846153846 7.0 0.6887372317211945 13 76.0
1017 4.0 5.846153846153846 7.0 0.8006407690254357 13 76.0
1018 5.0 5.769230769230769 7.0 0.599144689515278 13 75.0
1019 4.0 5.769230769230769 7.0 0.7250110520819839 13 75.0
1020 5.0 5.923076923076923 7.0 0.75955452531275 13 77.0
1021 5.0 5.6923076923076925 6.0 0.4803844614152615 13 74.0
1022 4.0 5.615384615384615 6.0 0.6504436355879908 13 73.0
1023 4.0 5.846153846153846 7.0 0.8006407690254357 13 76.0
1024 4.0 5.769230769230769 7.0 0.8320502943378438 13 75.0
1025 4.0 5.615384615384615 6.0 0.6504436355879908 13 73.0
1026 4.0 5.6923076923076925 7.0 0.7510676161988106 13 74.0
1027 5.0 5.923076923076923 7.0 0.6405126152203485 13 77.0
1028 5.0 5.923076923076923 7.0 0.75955452531275 13 77.0
1029 4.0 5.615384615384615 6.0 0.6504436355879908 13 73.0
1030 4.0 5.615384615384615 6.0 0.6504436355879908 13 73.0
1031 5.0 5.769230769230769 7.0 0.599144689515278 13 75.0
1032 5.0 5.923076923076923 7.0 0.6405126152203485 13 77.0
1033 5.0 5.6923076923076925 6.0 0.4803844614152615 13 74.0
1034 4.0 5.6923076923076925 7.0 0.7510676161988106 13 74.0
1035 5.0 5.846153846153846 7.0 0.6887372317211945 13 76.0
1036 4.0 5.615384615384615 6.0 0.6504436355879908 13 73.0
1037 5.0 5.769230769230769 7.0 0.599144689515278 13 75.0
1038 5.0 5.6923076923076925 6.0 0.4803844614152615 13 74.0
1039 5.0 5.846153846153846 7.0 0.6887372317211945 13 76.0
1040 4.0 5.6923076923076925 7.0 0.7510676161988106 13 74.0
1041 5.0 5.846153846153846 7.0 0.6887372317211945 13 76.0
1042 5.0 6.0 7.0 0.7071067811865476 13 78.0
1043 5.0 5.6923076923076925 6.0 0.4803844614152615 13 74.0
1044 4.0 5.923076923076923 7.0 0.8623164985025763 13 77.0
1045 5.0 5.846153846153846 7.0 0.6887372317211945 13 76.0
1046 5.0 5.769230769230769 6.0 0.4385290096535146 13 75.0
1047 5.0 5.846153846153846 7.0 0.6887372317211945 13 76.0
1048 4.0 5.615384615384615 6.0 0.6504436355879908 13 73.0
1049 4.0 5.615384615384615 6.0 0.6504436355879908 13 73.0
1050 5.0 5.846153846153846 7.0 0.6887372317211945 13 76.0
1051 4.0 5.846153846153846 7.0 0.8987170342729172 13 76.0
1052 4.0 5.615384615384615 6.0 0.6504436355879908 13 73.0
1053 5.0 5.769230769230769 7.0 0.599144689515278 13 75.0
1054 5.0 5.769230769230769 7.0 0.599144689515278 13 75.0
1055 4.0 5.6923076923076925 7.0 0.947330933431342 13 74.0
1056 5.0 5.923076923076923 7.0 0.75955452531275 13 77.0
1057 5.0 5.769230769230769 7.0 0.599144689515278 13 75.0
1058 4.0 5.769230769230769 7.0 0.8320502943378435 13 75.0
1059 5.0 5.846153846153846 7.0 0.5547001962252291 13 76.0
1060 5.0 5.923076923076923 7.0 0.75955452531275 13 77.0
1061 4.0 5.615384615384615 6.0 0.6504436355879908 13 73.0
1062 5.0 5.846153846153846 7.0 0.6887372317211945 13 76.0
1063 5.0 5.846153846153846 7.0 0.6887372317211945 13 76.0
1064 4.0 5.6923076923076925 7.0 0.7510676161988107 13 74.0
1065 5.0 5.846153846153846 7.0 0.6887372317211945 13 76.0
1066 5.0 5.769230769230769 6.0 0.4385290096535146 13 75.0
1067 5.0 5.923076923076923 7.0 0.6405126152203485 13 77.0
1068 5.0 5.769230769230769 7.0 0.599144689515278 13 75.0
1069 4.0 5.769230769230769 6.0 0.599144689515278 13 75.0
1070 4.0 5.846153846153846 7.0 0.898717034272917 13 76.0
1071 5.0 5.6923076923076925 6.0 0.4803844614152615 13 74.0
1072 5.0 5.769230769230769 7.0 0.5991446895152781 13 75.0
1073 5.0 5.769230769230769 7.0 0.599144689515278 13 75.0
1074 5.0 5.6923076923076925 6.0 0.4803844614152615 13 74.0
1075 4.0 5.769230769230769 7.0 0.8320502943378436 13 75.0
1076 5.0 5.846153846153846 7.0 0.5547001962252291 13 76.0
1077 4.0 5.615384615384615 6.0 0.6504436355879908 13 73.0
1078 5.0 5.6923076923076925 6.0 0.4803844614152615 13 74.0
1079 5.0 5.769230769230769 7.0 0.599144689515278 13 75.0
1080 5.0 5.769230769230769 7.0 0.599144689515278 13 75.0
1081 5.0 5.769230769230769 7.0 0.5991446895152781 13 75.0
1082 5.0 5.6923076923076925 6.0 0.4803844614152615 13 74.0
1083 4.0 5.615384615384615 7.0 0.8697184926229041 13 73.0
1084 4.0 5.769230769230769 7.0 0.8320502943378438 13 75.0
1085 5.0 5.6923076923076925 6.0 0.4803844614152615 13 74.0
1086 5.0 5.769230769230769 7.0 0.599144689515278 13 75.0
1087 5.0 6.0 7.0 0.7071067811865476 13 78.0
1088 5.0 5.6923076923076925 6.0 0.4803844614152615 13 74.0
1089 5.0 5.6923076923076925 6.0 0.4803844614152615 13 74.0
1090 4.0 5.538461538461538 7.0 0.9674179220468453 13 72.0
1091 5.0 5.923076923076923 7.0 0.75955452531275 13 77.0
1092 5.0 5.6923076923076925 7.0 0.6304251719561152 13 74.0
1093 5.0 5.6923076923076925 6.0 0.4803844614152615 13 74.0
1094 4.0 5.6923076923076925 7.0 0.7510676161988107 13 74.0
1095 4.0 5.6923076923076925 7.0 0.7510676161988106 13 74.0
1096 4.0 5.538461538461538 6.0 0.7762500258061849 13 72.0
1097 5.0 5.6923076923076925 6.0 0.4803844614152615 13 74.0
1098 5.0 5.769230769230769 7.0 0.599144689515278 13 75.0
1099 5.0 5.769230769230769 7.0 0.599144689515278 13 75.0
1100 5.0 5.6923076923076925 6.0 0.4803844614152615 13 74.0
1101 4.0 5.6923076923076925 7.0 0.9473309334313418 13 74.0
1102 4.0 5.615384615384615 6.0 0.6504436355879908 13 73.0
1103 5.0 5.769230769230769 7.0 0.599144689515278 13 75.0
1104 5.0 5.6923076923076925 6.0 0.4803844614152615 13 74.0
1105 5.0 5.846153846153846 7.0 0.6887372317211945 13 76.0
1106 5.0 5.769230769230769 7.0 0.599144689515278 13 75.0
1107 4.0 5.615384615384615 6.0 0.6504436355879908 13 73.0
1108 4.0 5.538461538461538 6.0 0.7762500258061849 13 72.0
1109 5.0 5.769230769230769 7.0 0.599144689515278 13 75.0
1110 5.0 5.769230769230769 7.0 0.599144689515278 13 75.0
1111 5.0 5.769230769230769 7.0 0.5991446895152781 13 75.0
1112 5.0 5.769230769230769 7.0 0.5991446895152781 13 75.0
1113 4.0 5.538461538461538 6.0 0.7762500258061849 13 72.0
1114 4.0 5.615384615384615 6.0 0.6504436355879908 13 73.0
1115 5.0 5.769230769230769 7.0 0.599144689515278 13 75.0
1116 5.0 5.769230769230769 7.0 0.599144689515278 13 75.0
1117 5.0 5.6923076923076925 6.0 0.4803844614152615 13 74.0
1118 4.0 5.6923076923076925 7.0 0.7510676161988107 13 74.0
1119 5.0 5.769230769230769 7.0 0.599144689515278 13 75.0
1120 5.0 5.6923076923076925 6.0 0.4803844614152615 13 74.0
1121 4.0 5.769230769230769 7.0 0.8320502943378435 13 75.0
1122 4.0 5.769230769230769 7.0 0.8320502943378436 13 75.0
1123 5.0 5.923076923076923 7.0 0.75955452531275 13 77.0
1124 5.0 5.6923076923076925 6.0 0.4803844614152615 13 74.0
1125 5.0 5.6923076923076925 6.0 0.4803844614152615 13 74.0
1126 5.0 5.6923076923076925 6.0 0.4803844614152615 13 74.0
1127 5.0 5.846153846153846 7.0 0.6887372317211945 13 76.0
1128 4.0 5.6923076923076925 7.0 0.7510676161988106 13 74.0
1129 5.0 5.846153846153846 7.0 0.6887372317211945 13 76.0
1130 4.0 5.615384615384615 6.0 0.6504436355879908 13 73.0
1131 4.0 5.6923076923076925 7.0 0.7510676161988107 13 74.0
1132 4.0 5.769230769230769 7.0 0.8320502943378435 13 75.0
1133 5.0 5.769230769230769 7.0 0.599144689515278 13 75.0
1134 5.0 5.6923076923076925 6.0 0.4803844614152615 13 74.0
1135 5.0 5.769230769230769 7.0 0.599144689515278 13 75.0
1136 4.0 5.846153846153846 7.0 0.8987170342729169 13 76.0
1137 5.0 5.769230769230769 7.0 0.5991446895152781 13 75.0
1138 5.0 5.769230769230769 7.0 0.599144689515278 13 75.0
1139 5.0 5.6923076923076925 6.0 0.4803844614152615 13 74.0
1140 5.0 5.769230769230769 7.0 0.599144689515278 13 75.0
1141 4.0 5.769230769230769 7.0 0.8320502943378436 13 75.0
1142 5.0 5.846153846153846 7.0 0.6887372317211945 13 76.0
1143 4.0 5.769230769230769 7.0 0.8320502943378436 13 75.0
1144 5.0 5.6923076923076925 6.0 0.4803844614152615 13 74.0
1145 4.0 5.769230769230769 7.0 0.8320502943378437 13 75.0
1146 5.0 5.769230769230769 7.0 0.5991446895152781 13 75.0
1147 4.0 5.615384615384615 6.0 0.6504436355879908 13 73.0
1148 5.0 5.769230769230769 7.0 0.599144689515278 13 75.0
1149 5.0 5.846153846153846 7.0 0.6887372317211945 13 76.0
1150 4.0 5.769230769230769 7.0 0.8320502943378435 13 75.0
1151 5.0 5.769230769230769 7.0 0.5991446895152781 13 75.0
1152 5.0 5.769230769230769 7.0 0.599144689515278 13 75.0
1153 4.0 5.6923076923076925 7.0 0.947330933431342 13 74.0
1154 4.0 5.6923076923076925 7.0 0.7510676161988107 13 74.0
1155 4.0 5.615384615384615 6.0 0.6504436355879908 13 73.0
1156 5.0 5.846153846153846 7.0 0.6887372317211945 13 76.0
1157 4.0 5.6923076923076925 7.0 0.7510676161988107 13 74.0
1158 5.0 5.923076923076923 7.0 0.75955452531275 13 77.0
1159 5.0 5.6923076923076925 6.0 0.4803844614152615 13 74.0
1160 4.0 5.769230769230769 7.0 0.7250110520819839 13 75.0
1161 5.0 5.846153846153846 7.0 0.6887372317211945 13 76.0
1162 5.0 5.769230769230769 7.0 0.599144689515278 13 75.0
1163 4.0 5.6923076923076925 7.0 0.7510676161988107 13 74.0
1164 4.0 5.615384615384615 6.0 0.6504436355879908 13 73.0
1165 5.0 5.769230769230769 7.0 0.599144689515278 13 75.0
1166 5.0 5.6923076923076925 6.0 0.4803844614152615 13 74.0
1167 5.0 6.0 7.0 0.816496580927726 13 78.0
1168 5.0 5.6923076923076925 6.0 0.4803844614152615 13 74.0
1169 4.0 5.769230769230769 7.0 0.8320502943378435 13 75.0
1170 4.0 5.6923076923076925 7.0 0.7510676161988107 13 74.0
1171 4.0 5.923076923076923 7.0 0.7595545253127501 13 77.0
1172 5.0 5.6923076923076925 6.0 0.4803844614152615 13 74.0
1173 4.0 5.6923076923076925 7.0 0.7510676161988107 13 74.0
1174 5.0 5.6923076923076925 6.0 0.4803844614152615 13 74.0
1175 5.0 5.846153846153846 7.0 0.6887372317211945 13 76.0
1176 5.0 5.846153846153846 7.0 0.6887372317211945 13 76.0
1177 5.0 5.846153846153846 7.0 0.6887372317211945 13 76.0
1178 4.0 5.6923076923076925 7.0 0.7510676161988106 13 74.0
1179 5.0 5.769230769230769 7.0 0.599144689515278 13 75.0
1180 4.0 5.769230769230769 7.0 0.8320502943378438 13 75.0
1181 4.0 5.615384615384615 6.0 0.6504436355879908 13 73.0
1182 5.0 5.923076923076923 7.0 0.75955452531275 13 77.0
1183 4.0 5.6923076923076925 7.0 0.7510676161988107 13 74.0
1184 5.0 5.6923076923076925 6.0 0.4803844614152615 13 74.0
1185 5.0 5.6923076923076925 6.0 0.4803844614152615 13 74.0
1186 4.0 5.923076923076923 7.0 0.9540735874430286 13 77.0
1187 5.0 5.769230769230769 7.0 0.599144689515278 13 75.0
1188 4.0 5.538461538461538 6.0 0.7762500258061849 13 72.0
1189 5.0 5.769230769230769 7.0 0.599144689515278 13 75.0
1190 5.0 5.6923076923076925 6.0 0.4803844614152615 13 74.0
1191 5.0 5.846153846153846 7.0 0.6887372317211945 13 76.0
1192 4.0 5.615384615384615 6.0 0.6504436355879908 13 73.0
1193 5.0 5.6923076923076925 6.0 0.4803844614152615 13 74.0
1194 5.0 5.6923076923076925 6.0 0.4803844614152615 13 74.0
1195 5.0 5.846153846153846 7.0 0.6887372317211945 13 76.0
1196 4.0 5.923076923076923 7.0 0.9540735874430286 13 77.0
1197 4.0 5.615384615384615 6.0 0.6504436355879908 13 73.0
1198 5.0 5.769230769230769 6.0 0.4385290096535146 13 75.0
1199 4.0 5.538461538461538 6.0 0.7762500258061849 13 72.0
1200 5.0 5.6923076923076925 6.0 0.4803844614152615 13 74.0
1201 5.0 5.769230769230769 7.0 0.599144689515278 13 75.0
1202 5.0 5.923076923076923 7.0 0.75955452531275 13 77.0
1203 5.0 5.923076923076923 7.0 0.75955452531275 13 77.0
1204 4.0 5.615384615384615 6.0 0.6504436355879908 13 73.0
1205 4.0 5.6923076923076925 7.0 0.7510676161988107 13 74.0
1206 4.0 5.769230769230769 7.0 0.8320502943378437 13 75.0
1207 5.0 5.6923076923076925 6.0 0.4803844614152615 13 74.0
1208 5.0 5.6923076923076925 6.0 0.4803844614152615 13 74.0
1209 5.0 5.769230769230769 7.0 0.5991446895152781 13 75.0
1210 5.0 5.769230769230769 7.0 0.599144689515278 13 75.0
1211 4.0 5.846153846153846 7.0 0.898717034272917 13 76.0
1212 5.0 5.6923076923076925 6.0 0.4803844614152615 13 74.0
1213 4.0 5.6923076923076925 7.0 0.7510676161988106 13 74.0
1214 5.0 5.769230769230769 7.0 0.599144689515278 13 75.0
1215 5.0 5.769230769230769 7.0 0.5991446895152781 13 75.0
1216 4.0 5.6923076923076925 7.0 0.7510676161988107 13 74.0
1217 5.0 5.6923076923076925 6.0 0.4803844614152615 13 74.0
1218 4.0 5.6923076923076925 7.0 0.7510676161988107 13 74.0
1219 4.0 5.615384615384615 6.0 0.6504436355879908 13 73.0
1220 5.0 5.769230769230769 7.0 0.599144689515278 13 75.0
1221 5.0 5.846153846153846 7.0 0.6887372317211945 13 76.0
1222 5.0 5.769230769230769 7.0 0.599144689515278 13 75.0
1223 4.0 5.615384615384615 6.0 0.6504436355879908 13 73.0
1224 5.0 5.6923076923076925 6.0 0.4803844614152615 13 74.0
1225 4.0 5.615384615384615 6.0 0.6504436355879908 13 73.0
1226 4.0 5.6923076923076925 7.0 0.7510676161988107 13 74.0
1227 5.0 5.846153846153846 7.0 0.6887372317211945 13 76.0
1228 5.0 5.769230769230769 7.0 0.599144689515278 13 75.0
1229 4.0 5.615384615384615 6.0 0.6504436355879908 13 73.0
1230 5.0 5.6923076923076925 6.0 0.4803844614152615 13 74.0
1231 5.0 5.769230769230769 7.0 0.599144689515278 13 75.0
1232 4.0 5.769230769230769 7.0 0.8320502943378437 13 75.0
1233 4.0 5.769230769230769 7.0 0.725011052081984 13 75.0
1234 5.0 5.769230769230769 7.0 0.5991446895152781 13 75.0
1235 5.0 5.769230769230769 7.0 0.599144689515278 13 75.0
1236 5.0 5.769230769230769 7.0 0.599144689515278 13 75.0
1237 5.0 5.6923076923076925 6.0 0.4803844614152615 13 74.0
1238 4.0 5.6923076923076925 7.0 0.7510676161988106 13 74.0
1239 4.0 5.615384615384615 6.0 0.7679476477883044 13 73.0
1240 4.0 7.3076923076923075 28.0 6.250128203813307 13 95.0
1241 5.0 5.846153846153846 7.0 0.6887372317211945 13 76.0
1242 5.0 6.0 7.0 0.816496580927726 13 78.0
1243 5.0 5.6923076923076925 6.0 0.4803844614152615 13 74.0
1244 5.0 5.6923076923076925 6.0 0.4803844614152615 13 74.0
1245 5.0 5.769230769230769 7.0 0.599144689515278 13 75.0
1246 4.0 5.615384615384615 7.0 0.869718492622904 13 73.0
1247 5.0 5.6923076923076925 6.0 0.4803844614152615 13 74.0
1248 4.0 5.6923076923076925 7.0 0.7510676161988107 13 74.0
1249 5.0 5.6923076923076925 6.0 0.4803844614152615 13 74.0
1250 5.0 5.769230769230769 7.0 0.599144689515278 13 75.0
1251 4.0 5.769230769230769 7.0 0.8320502943378437 13 75.0
1252 4.0 5.615384615384615 6.0 0.6504436355879908 13 73.0
1253 4.0 5.615384615384615 6.0 0.6504436355879908 13 73.0
1254 4.0 5.615384615384615 7.0 0.8697184926229041 13 73.0
1255 4.0 5.615384615384615 6.0 0.6504436355879908 13 73.0
1256 4.0 5.615384615384615 6.0 0.6504436355879908 13 73.0
1257 5.0 5.6923076923076925 6.0 0.4803844614152615 13 74.0
1258 4.0 5.6923076923076925 7.0 0.7510676161988107 13 74.0
1259 4.0 5.461538461538462 6.0 0.7762500258061849 13 71.0
1260 5.0 5.615384615384615 6.0 0.5063696835418332 13 73.0
1261 4.0 5.615384615384615 6.0 0.6504436355879908 13 73.0
1262 5.0 5.6923076923076925 6.0 0.4803844614152615 13 74.0
1263 5.0 5.6923076923076925 6.0 0.4803844614152615 13 74.0
1264 4.0 5.615384615384615 6.0 0.6504436355879908 13 73.0
1265 5.0 5.769230769230769 6.0 0.4385290096535146 13 75.0
1266 4.0 5.615384615384615 6.0 0.7679476477883044 13 73.0
1267 4.0 5.6923076923076925 7.0 0.7510676161988107 13 74.0
1268 4.0 5.6923076923076925 6.0 0.6304251719561151 13 74.0
1269 4.0 5.6923076923076925 6.0 0.6304251719561151 13 74.0
1270 5.0 5.769230769230769 6.0 0.4385290096535146 13 75.0
1271 4.0 6.3076923076923075 15.0 2.689008968145929 13 82.0
1272 4.0 6.230769230769231 14.0 2.4205318339105477 13 81.0
1273 4.0 6.076923076923077 13.0 2.215909838025097 13 79.0
1274 5.0 6.230769230769231 12.0 1.7867030229749128 13 81.0
1275 4.0 6.076923076923077 12.0 1.8912755158683456 13 79.0
1276 5.0 6.076923076923077 10.0 1.255755978254962 13 79.0
1277 4.0 5.923076923076923 10.0 1.3821202589704018 13 77.0
1278 5.0 6.153846153846154 11.0 1.5191090506254998 13 80.0
1279 5.0 6.076923076923077 10.0 1.255755978254962 13 79.0
1280 5.0 5.6923076923076925 8.0 0.8548504142651104 13 74.0
1281 4.0 5.769230769230769 9.0 1.3008872711759818 13 75.0
1282 5.0 5.923076923076923 8.0 0.7595545253127499 13 77.0
1283 5.0 5.846153846153846 8.0 0.8006407690254357 13 76.0
1284 4.0 5.615384615384615 8.0 1.0439078454267836 13 73.0
1285 4.0 5.923076923076923 8.0 0.9540735874430287 13 77.0
1286 5.0 5.769230769230769 7.0 0.5991446895152781 13 75.0
1287 5.0 5.846153846153846 7.0 0.5547001962252291 13 76.0
1288 4.0 5.3076923076923075 6.0 0.8548504142651103 13 69.0
1289 5.0 5.615384615384615 6.0 0.5063696835418332 13 73.0
1290 4.0 5.615384615384615 6.0 0.6504436355879908 13 73.0
1291 4.0 5.615384615384615 6.0 0.6504436355879908 13 73.0
1292 4.0 5.615384615384615 6.0 0.6504436355879908 13 73.0
1293 4.0 5.538461538461538 6.0 0.7762500258061849 13 72.0
1294 4.0 5.538461538461538 6.0 0.6602252917735248 13 72.0
1295 5.0 5.538461538461538 6.0 0.5188745216627708 13 72.0
1296 4.0 5.538461538461538 6.0 0.7762500258061849 13 72.0
1297 4.0 5.461538461538462 6.0 0.6602252917735248 13 71.0
1298 4.0 5.461538461538462 6.0 0.6602252917735248 13 71.0
tot,3.0,5.889974536625798,50.0,2.710558278437446,16887
