##ver, min, mean, max, stddev, count
0 2.0 6.846153846153846 48.0 12.488969492090167 13 89.0
1 2.0 3.307692307692308 15.0 3.568020351787421 13 43.0
2 1.0 3.076923076923077 12.0 2.8419928002940265 13 40.0
3 1.0 2.846153846153846 9.0 2.1926450482675732 13 37.0
4 1.0 2.5384615384615383 9.0 2.0254787341673333 13 33.0
5 1.0 2.3846153846153846 8.0 1.7577666482623875 13 31.0
6 2.0 2.5384615384615383 7.0 1.3913653136029496 13 33.0
7 1.0 2.3076923076923075 7.0 1.4366984945013914 13 30.0
8 2.0 2.4615384615384617 6.0 1.1266014242982163 13 32.0
9 1.0 2.230769230769231 5.0 0.9268086959962984 13 29.0
10 1.0 2.3076923076923075 6.0 1.2506408613597129 13 30.0
11 1.0 2.1538461538461537 5.0 0.9870962335856489 13 28.0
12 1.0 2.3076923076923075 7.0 1.4935759876113537 13 30.0
13 2.0 2.6153846153846154 8.0 1.660244035197915 13 34.0
14 1.0 2.3846153846153846 8.0 1.7097008285302202 13 31.0
15 2.0 2.4615384615384617 7.0 1.3913653136029496 13 32.0
16 2.0 2.4615384615384617 7.0 1.3913653136029496 13 32.0
17 1.0 2.4615384615384617 7.0 1.4500221041639678 13 32.0
18 1.0 2.230769230769231 6.0 1.1657505560686465 13 29.0
19 1.0 1.923076923076923 4.0 0.8623164985025763 13 25.0
20 1.0 2.1538461538461537 4.0 0.6887372317211946 13 28.0
21 2.0 2.3076923076923075 4.0 0.6304251719561151 13 30.0
22 1.0 2.076923076923077 4.0 0.75955452531275 13 27.0
23 1.0 2.076923076923077 4.0 0.6405126152203486 13 27.0
24 1.0 2.076923076923077 4.0 0.6405126152203484 13 27.0
25 2.0 2.3076923076923075 4.0 0.6304251719561151 13 30.0
26 1.0 2.0 4.0 0.7071067811865476 13 26.0
27 1.0 1.9230769230769231 3.0 0.6405126152203485 13 25.0
28 1.0 2.076923076923077 4.0 0.6405126152203484 13 27.0
29 2.0 2.230769230769231 4.0 0.599144689515278 13 29.0
30 1.0 2.230769230769231 4.0 0.7250110520819839 13 29.0
31 2.0 2.1538461538461537 4.0 0.5547001962252293 13 28.0
32 2.0 2.3076923076923075 4.0 0.6304251719561151 13 30.0
33 1.0 2.076923076923077 4.0 0.75955452531275 13 27.0
34 2.0 2.230769230769231 4.0 0.599144689515278 13 29.0
35 1.0 2.3076923076923075 4.0 0.8548504142651104 13 30.0
36 1.0 2.076923076923077 4.0 0.9540735874430285 13 27.0
37 1.0 2.3846153846153846 5.0 1.0439078454267836 13 31.0
38 1.0 2.3076923076923075 4.0 0.947330933431342 13 30.0
39 2.0 2.3076923076923075 4.0 0.6304251719561151 13 30.0
40 2.0 2.230769230769231 3.0 0.4385290096535146 13 29.0
41 2.0 2.3076923076923075 4.0 0.7510676161988107 13 30.0
42 2.0 2.3846153846153846 4.0 0.7679476477883046 13 31.0
43 1.0 2.1538461538461537 4.0 0.6887372317211946 13 28.0
44 1.0 2.076923076923077 3.0 0.49354811679282456 13 27.0
45 2.0 2.3846153846153846 3.0 0.5063696835418334 13 31.0
46 2.0 2.076923076923077 3.0 0.2773500981126146 13 27.0
47 1.0 2.076923076923077 3.0 0.49354811679282456 13 27.0
48 2.0 2.3076923076923075 3.0 0.4803844614152614 13 30.0
49 2.0 2.3076923076923075 4.0 0.6304251719561152 13 30.0
50 2.0 2.230769230769231 3.0 0.4385290096535146 13 29.0
51 2.0 2.230769230769231 3.0 0.4385290096535146 13 29.0
52 2.0 2.3076923076923075 4.0 0.6304251719561151 13 30.0
53 2.0 2.3846153846153846 3.0 0.5063696835418334 13 31.0
54 2.0 2.230769230769231 4.0 0.599144689515278 13 29.0
55 2.0 2.230769230769231 3.0 0.4385290096535146 13 29.0
56 2.0 2.4615384615384617 4.0 0.6602252917735248 13 32.0
57 2.0 2.230769230769231 4.0 0.599144689515278 13 29.0
58 2.0 2.3076923076923075 4.0 0.6304251719561151 13 30.0
59 2.0 2.230769230769231 3.0 0.4385290096535146 13 29.0
60 2.0 2.6153846153846154 4.0 0.6504436355879909 13 34.0
61 2.0 2.230769230769231 4.0 0.599144689515278 13 29.0
62 2.0 2.6153846153846154 5.0 0.9607689228305227 13 34.0
63 2.0 2.6153846153846154 5.0 0.9607689228305227 13 34.0
64 2.0 2.5384615384615383 4.0 0.7762500258061849 13 33.0
65 2.0 2.3076923076923075 4.0 0.6304251719561152 13 30.0
66 2.0 2.3846153846153846 3.0 0.5063696835418334 13 31.0
67 2.0 2.230769230769231 3.0 0.4385290096535146 13 29.0
68 2.0 2.3846153846153846 3.0 0.5063696835418334 13 31.0
69 2.0 2.3846153846153846 4.0 0.650443635587991 13 31.0
70 2.0 2.3846153846153846 4.0 0.650443635587991 13 31.0
71 2.0 2.3076923076923075 4.0 0.6304251719561152 13 30.0
72 2.0 2.3076923076923075 3.0 0.4803844614152615 13 30.0
73 2.0 2.5384615384615383 4.0 0.6602252917735248 13 33.0
74 2.0 2.3846153846153846 4.0 0.650443635587991 13 31.0
75 2.0 2.3076923076923075 3.0 0.4803844614152614 13 30.0
76 2.0 2.3846153846153846 3.0 0.5063696835418333 13 31.0
77 2.0 2.1538461538461537 3.0 0.3755338080994053 13 28.0
78 2.0 2.4615384615384617 4.0 0.6602252917735248 13 32.0
79 2.0 2.3076923076923075 3.0 0.4803844614152614 13 30.0
80 2.0 2.6153846153846154 4.0 0.6504436355879909 13 34.0
81 2.0 2.5384615384615383 4.0 0.6602252917735248 13 33.0
82 2.0 2.3076923076923075 4.0 0.6304251719561151 13 30.0
83 2.0 2.4615384615384617 3.0 0.5188745216627708 13 32.0
84 2.0 2.4615384615384617 5.0 0.9674179220468453 13 32.0
85 2.0 2.5384615384615383 3.0 0.5188745216627708 13 33.0
86 2.0 2.1538461538461537 3.0 0.3755338080994054 13 28.0
87 2.0 2.4615384615384617 4.0 0.6602252917735248 13 32.0
88 2.0 2.3076923076923075 3.0 0.4803844614152615 13 30.0
89 2.0 2.4615384615384617 4.0 0.6602252917735248 13 32.0
90 2.0 2.5384615384615383 4.0 0.6602252917735248 13 33.0
91 2.0 2.3846153846153846 4.0 0.650443635587991 13 31.0
92 2.0 2.5384615384615383 4.0 0.6602252917735248 13 33.0
93 2.0 2.5384615384615383 3.0 0.5188745216627708 13 33.0
94 2.0 2.4615384615384617 4.0 0.6602252917735248 13 32.0
95 2.0 2.4615384615384617 4.0 0.6602252917735248 13 32.0
96 2.0 2.3846153846153846 4.0 0.650443635587991 13 31.0
97 2.0 2.6153846153846154 3.0 0.5063696835418334 13 34.0
98 2.0 2.3076923076923075 3.0 0.4803844614152614 13 30.0
99 2.0 2.5384615384615383 4.0 0.6602252917735248 13 33.0
100 2.0 2.3846153846153846 3.0 0.5063696835418334 13 31.0
101 2.0 2.4615384615384617 4.0 0.6602252917735248 13 32.0
102 2.0 2.230769230769231 3.0 0.4385290096535146 13 29.0
103 2.0 2.4615384615384617 4.0 0.6602252917735248 13 32.0
104 2.0 2.3846153846153846 3.0 0.5063696835418334 13 31.0
105 2.0 2.4615384615384617 4.0 0.6602252917735248 13 32.0
106 2.0 2.4615384615384617 3.0 0.5188745216627708 13 32.0
107 2.0 2.3076923076923075 3.0 0.4803844614152614 13 30.0
108 2.0 2.8461538461538463 7.0 1.344504484072964 13 37.0
109 2.0 2.4615384615384617 4.0 0.6602252917735248 13 32.0
110 2.0 2.3076923076923075 3.0 0.4803844614152614 13 30.0
111 2.0 2.6153846153846154 4.0 0.6504436355879909 13 34.0
112 2.0 2.230769230769231 3.0 0.4385290096535146 13 29.0
113 2.0 2.5384615384615383 3.0 0.5188745216627708 13 33.0
114 2.0 2.230769230769231 3.0 0.4385290096535146 13 29.0
115 2.0 2.6153846153846154 4.0 0.6504436355879909 13 34.0
116 2.0 2.230769230769231 3.0 0.4385290096535146 13 29.0
117 2.0 2.5384615384615383 4.0 0.6602252917735248 13 33.0
118 2.0 2.3076923076923075 3.0 0.4803844614152615 13 30.0
119 2.0 2.4615384615384617 3.0 0.5188745216627708 13 32.0
120 2.0 2.4615384615384617 3.0 0.5188745216627708 13 32.0
121 2.0 3.307692307692308 15.0 3.5680203517874207 13 43.0
122 2.0 2.4615384615384617 3.0 0.5188745216627708 13 32.0
123 2.0 2.3076923076923075 3.0 0.4803844614152614 13 30.0
124 2.0 2.6153846153846154 5.0 0.869718492622904 13 34.0
125 2.0 2.5384615384615383 4.0 0.6602252917735248 13 33.0
126 2.0 2.5384615384615383 5.0 0.8770580193070292 13 33.0
127 2.0 2.3846153846153846 4.0 0.650443635587991 13 31.0
128 2.0 2.6153846153846154 4.0 0.6504436355879909 13 34.0
129 2.0 2.3846153846153846 3.0 0.5063696835418333 13 31.0
130 2.0 2.923076923076923 10.0 2.1779783615981456 13 38.0
131 2.0 2.5384615384615383 4.0 0.6602252917735248 13 33.0
132 2.0 2.3076923076923075 3.0 0.4803844614152614 13 30.0
133 2.0 2.4615384615384617 3.0 0.5188745216627708 13 32.0
134 2.0 2.3076923076923075 4.0 0.6304251719561152 13 30.0
135 2.0 2.3076923076923075 3.0 0.48038446141526137 13 30.0
136 2.0 2.4615384615384617 3.0 0.5188745216627708 13 32.0
137 2.0 2.3076923076923075 3.0 0.4803844614152615 13 30.0
138 2.0 2.230769230769231 3.0 0.4385290096535146 13 29.0
139 2.0 2.4615384615384617 3.0 0.5188745216627708 13 32.0
140 2.0 2.3846153846153846 3.0 0.5063696835418334 13 31.0
141 2.0 2.1538461538461537 3.0 0.37553380809940534 13 28.0
142 2.0 2.6153846153846154 4.0 0.6504436355879909 13 34.0
143 2.0 2.3846153846153846 3.0 0.5063696835418334 13 31.0
144 2.0 2.230769230769231 3.0 0.4385290096535146 13 29.0
145 2.0 2.3076923076923075 3.0 0.4803844614152615 13 30.0
146 2.0 2.6153846153846154 4.0 0.6504436355879909 13 34.0
147 2.0 2.3846153846153846 3.0 0.5063696835418334 13 31.0
148 2.0 2.3076923076923075 4.0 0.6304251719561151 13 30.0
149 2.0 2.6923076923076925 3.0 0.4803844614152614 13 35.0
150 2.0 2.1538461538461537 3.0 0.3755338080994054 13 28.0
151 2.0 2.4615384615384617 3.0 0.5188745216627708 13 32.0
152 2.0 2.3846153846153846 3.0 0.5063696835418334 13 31.0
153 2.0 2.5384615384615383 4.0 0.6602252917735248 13 33.0
154 2.0 2.5384615384615383 4.0 0.6602252917735248 13 33.0
155 2.0 2.230769230769231 3.0 0.4385290096535146 13 29.0
156 2.0 2.6153846153846154 3.0 0.5063696835418334 13 34.0
157 2.0 2.5384615384615383 4.0 0.6602252917735248 13 33.0
158 2.0 2.3846153846153846 3.0 0.5063696835418334 13 31.0
159 2.0 2.230769230769231 3.0 0.4385290096535146 13 29.0
160 2.0 2.6153846153846154 3.0 0.5063696835418334 13 34.0
161 2.0 2.3846153846153846 3.0 0.5063696835418334 13 31.0
162 2.0 2.230769230769231 3.0 0.4385290096535146 13 29.0
163 2.0 2.6923076923076925 4.0 0.6304251719561151 13 35.0
164 2.0 2.3846153846153846 3.0 0.5063696835418334 13 31.0
165 2.0 2.3076923076923075 3.0 0.4803844614152614 13 30.0
166 2.0 2.230769230769231 3.0 0.4385290096535146 13 29.0
167 2.0 2.5384615384615383 3.0 0.5188745216627708 13 33.0
168 2.0 2.3076923076923075 3.0 0.4803844614152615 13 30.0
169 2.0 2.3846153846153846 3.0 0.5063696835418334 13 31.0
170 2.0 2.3076923076923075 3.0 0.4803844614152614 13 30.0
171 2.0 2.5384615384615383 4.0 0.6602252917735248 13 33.0
172 2.0 2.4615384615384617 3.0 0.5188745216627708 13 32.0
173 2.0 2.3076923076923075 3.0 0.4803844614152615 13 30.0
174 2.0 2.3076923076923075 3.0 0.4803844614152614 13 30.0
175 2.0 2.6153846153846154 4.0 0.6504436355879909 13 34.0
176 2.0 2.3846153846153846 3.0 0.5063696835418334 13 31.0
177 2.0 2.3076923076923075 3.0 0.4803844614152615 13 30.0
178 2.0 2.3076923076923075 4.0 0.6304251719561152 13 30.0
179 2.0 2.4615384615384617 3.0 0.5188745216627708 13 32.0
180 2.0 2.3846153846153846 3.0 0.5063696835418334 13 31.0
181 2.0 2.1538461538461537 3.0 0.37553380809940534 13 28.0
182 2.0 2.3846153846153846 3.0 0.5063696835418334 13 31.0
183 2.0 2.4615384615384617 4.0 0.6602252917735248 13 32.0
184 2.0 2.3846153846153846 3.0 0.5063696835418334 13 31.0
185 2.0 2.230769230769231 4.0 0.599144689515278 13 29.0
186 2.0 2.3076923076923075 3.0 0.4803844614152614 13 30.0
187 2.0 2.6153846153846154 3.0 0.5063696835418334 13 34.0
188 2.0 2.230769230769231 3.0 0.4385290096535146 13 29.0
189 2.0 2.230769230769231 4.0 0.599144689515278 13 29.0
190 2.0 2.5384615384615383 4.0 0.6602252917735248 13 33.0
191 2.0 2.6153846153846154 4.0 0.6504436355879909 13 34.0
192 2.0 2.4615384615384617 4.0 0.6602252917735248 13 32.0
193 2.0 2.230769230769231 3.0 0.4385290096535146 13 29.0
194 2.0 2.769230769230769 4.0 0.5991446895152781 13 36.0
195 2.0 2.3076923076923075 3.0 0.4803844614152615 13 30.0
196 2.0 2.3076923076923075 3.0 0.4803844614152614 13 30.0
197 2.0 2.6923076923076925 4.0 0.6304251719561152 13 35.0
198 2.0 2.3076923076923075 4.0 0.6304251719561151 13 30.0
199 2.0 2.4615384615384617 3.0 0.5188745216627708 13 32.0
200 2.0 2.6923076923076925 4.0 0.6304251719561152 13 35.0
201 2.0 2.1538461538461537 3.0 0.3755338080994053 13 28.0
202 2.0 2.5384615384615383 3.0 0.5188745216627708 13 33.0
203 2.0 2.4615384615384617 3.0 0.5188745216627708 13 32.0
204 2.0 2.230769230769231 3.0 0.4385290096535146 13 29.0
205 2.0 2.6153846153846154 3.0 0.5063696835418334 13 34.0
206 2.0 2.4615384615384617 4.0 0.6602252917735248 13 32.0
207 2.0 2.1538461538461537 3.0 0.37553380809940534 13 28.0
208 2.0 2.6923076923076925 3.0 0.4803844614152614 13 35.0
209 2.0 2.3076923076923075 3.0 0.4803844614152614 13 30.0
210 2.0 2.3076923076923075 3.0 0.4803844614152615 13 30.0
211 2.0 2.6923076923076925 4.0 0.6304251719561152 13 35.0
212 2.0 2.3076923076923075 3.0 0.4803844614152614 13 30.0
213 2.0 2.5384615384615383 3.0 0.5188745216627708 13 33.0
214 2.0 3.230769230769231 14.0 3.269909431820351 13 42.0
215 2.0 2.4615384615384617 3.0 0.5188745216627708 13 32.0
216 2.0 2.4615384615384617 3.0 0.5188745216627708 13 32.0
217 2.0 2.3846153846153846 3.0 0.5063696835418334 13 31.0
218 2.0 2.3846153846153846 3.0 0.5063696835418334 13 31.0
219 2.0 2.4615384615384617 3.0 0.5188745216627708 13 32.0
220 2.0 2.3076923076923075 3.0 0.4803844614152615 13 30.0
221 2.0 2.5384615384615383 3.0 0.5188745216627708 13 33.0
222 2.0 2.3076923076923075 3.0 0.4803844614152614 13 30.0
223 2.0 2.4615384615384617 3.0 0.5188745216627708 13 32.0
224 2.0 2.4615384615384617 3.0 0.5188745216627708 13 32.0
225 2.0 2.3846153846153846 3.0 0.5063696835418334 13 31.0
226 2.0 2.3076923076923075 3.0 0.4803844614152615 13 30.0
227 2.0 2.4615384615384617 3.0 0.5188745216627708 13 32.0
228 2.0 2.3076923076923075 3.0 0.4803844614152614 13 30.0
229 2.0 2.4615384615384617 3.0 0.5188745216627708 13 32.0
230 2.0 2.3076923076923075 3.0 0.48038446141526137 13 30.0
231 2.0 2.4615384615384617 3.0 0.5188745216627708 13 32.0
232 2.0 2.3076923076923075 3.0 0.4803844614152615 13 30.0
233 2.0 2.3846153846153846 3.0 0.5063696835418334 13 31.0
234 2.0 2.4615384615384617 3.0 0.5188745216627708 13 32.0
235 2.0 2.3076923076923075 3.0 0.4803844614152614 13 30.0
236 2.0 2.6923076923076925 3.0 0.4803844614152615 13 35.0
237 2.0 2.230769230769231 3.0 0.4385290096535146 13 29.0
238 2.0 2.5384615384615383 3.0 0.5188745216627708 13 33.0
239 2.0 2.4615384615384617 3.0 0.5188745216627708 13 32.0
240 2.0 2.6153846153846154 3.0 0.5063696835418334 13 34.0
241 2.0 2.4615384615384617 3.0 0.5188745216627708 13 32.0
242 2.0 2.4615384615384617 3.0 0.5188745216627708 13 32.0
243 2.0 2.4615384615384617 3.0 0.5188745216627708 13 32.0
244 2.0 2.3846153846153846 3.0 0.5063696835418334 13 31.0
245 2.0 2.6153846153846154 3.0 0.5063696835418333 13 34.0
246 2.0 2.3846153846153846 3.0 0.5063696835418333 13 31.0
247 2.0 2.6153846153846154 3.0 0.5063696835418333 13 34.0
248 2.0 2.4615384615384617 3.0 0.5188745216627708 13 32.0
249 2.0 2.5384615384615383 3.0 0.5188745216627708 13 33.0
250 2.0 2.3846153846153846 3.0 0.5063696835418334 13 31.0
251 2.0 2.5384615384615383 3.0 0.5188745216627708 13 33.0
252 2.0 2.4615384615384617 3.0 0.5188745216627708 13 32.0
253 2.0 2.4615384615384617 4.0 0.6602252917735248 13 32.0
254 2.0 2.6923076923076925 4.0 0.6304251719561152 13 35.0
255 2.0 2.3846153846153846 4.0 0.650443635587991 13 31.0
256 2.0 2.6923076923076925 3.0 0.4803844614152614 13 35.0
257 2.0 2.3076923076923075 3.0 0.4803844614152614 13 30.0
258 2.0 2.769230769230769 3.0 0.4385290096535146 13 36.0
259 2.0 2.3076923076923075 3.0 0.4803844614152614 13 30.0
260 2.0 2.4615384615384617 3.0 0.5188745216627708 13 32.0
261 2.0 2.6153846153846154 3.0 0.5063696835418334 13 34.0
262 2.0 2.3846153846153846 3.0 0.5063696835418333 13 31.0
263 2.0 2.5384615384615383 3.0 0.5188745216627708 13 33.0
264 2.0 2.230769230769231 3.0 0.4385290096535146 13 29.0
265 2.0 2.6153846153846154 3.0 0.5063696835418334 13 34.0
266 2.0 2.4615384615384617 3.0 0.5188745216627708 13 32.0
267 2.0 2.3076923076923075 3.0 0.4803844614152614 13 30.0
268 2.0 2.4615384615384617 3.0 0.5188745216627708 13 32.0
269 2.0 2.3076923076923075 3.0 0.4803844614152615 13 30.0
270 2.0 2.5384615384615383 3.0 0.5188745216627708 13 33.0
271 2.0 2.5384615384615383 3.0 0.5188745216627708 13 33.0
272 2.0 2.1538461538461537 3.0 0.37553380809940534 13 28.0
273 2.0 2.769230769230769 3.0 0.4385290096535146 13 36.0
274 2.0 2.3076923076923075 3.0 0.4803844614152614 13 30.0
275 2.0 2.4615384615384617 3.0 0.5188745216627708 13 32.0
276 2.0 2.3846153846153846 3.0 0.5063696835418334 13 31.0
277 2.0 2.5384615384615383 3.0 0.5188745216627708 13 33.0
278 2.0 2.5384615384615383 3.0 0.5188745216627708 13 33.0
279 2.0 2.230769230769231 3.0 0.4385290096535146 13 29.0
280 2.0 2.769230769230769 3.0 0.4385290096535146 13 36.0
281 2.0 2.1538461538461537 3.0 0.3755338080994054 13 28.0
282 2.0 2.6923076923076925 3.0 0.4803844614152615 13 35.0
283 2.0 2.3076923076923075 3.0 0.4803844614152614 13 30.0
284 2.0 2.4615384615384617 3.0 0.5188745216627708 13 32.0
285 2.0 2.5384615384615383 3.0 0.5188745216627708 13 33.0
286 2.0 2.3076923076923075 3.0 0.4803844614152614 13 30.0
287 2.0 2.6153846153846154 3.0 0.5063696835418334 13 34.0
288 2.0 2.3846153846153846 3.0 0.5063696835418334 13 31.0
289 2.0 2.4615384615384617 3.0 0.5188745216627708 13 32.0
290 2.0 2.5384615384615383 3.0 0.5188745216627708 13 33.0
291 2.0 2.3846153846153846 3.0 0.5063696835418334 13 31.0
292 2.0 2.6153846153846154 3.0 0.5063696835418334 13 34.0
293 2.0 2.4615384615384617 3.0 0.5188745216627708 13 32.0
294 2.0 2.4615384615384617 3.0 0.5188745216627708 13 32.0
295 2.0 2.4615384615384617 3.0 0.5188745216627708 13 32.0
296 2.0 2.5384615384615383 3.0 0.5188745216627708 13 33.0
297 2.0 2.3846153846153846 3.0 0.5063696835418334 13 31.0
298 2.0 2.6153846153846154 3.0 0.5063696835418333 13 34.0
299 2.0 2.4615384615384617 3.0 0.5188745216627708 13 32.0
300 2.0 2.3076923076923075 3.0 0.4803844614152614 13 30.0
301 2.0 2.8461538461538463 3.0 0.3755338080994054 13 37.0
302 2.0 2.3846153846153846 3.0 0.5063696835418334 13 31.0
303 2.0 2.5384615384615383 3.0 0.5188745216627708 13 33.0
304 2.0 2.4615384615384617 3.0 0.5188745216627708 13 32.0
305 2.0 2.5384615384615383 3.0 0.5188745216627708 13 33.0
306 2.0 2.5384615384615383 3.0 0.5188745216627708 13 33.0
307 2.0 2.769230769230769 5.0 0.8320502943378436 13 36.0
308 2.0 2.5384615384615383 3.0 0.5188745216627708 13 33.0
309 2.0 2.5384615384615383 3.0 0.5188745216627708 13 33.0
310 2.0 2.4615384615384617 3.0 0.5188745216627708 13 32.0
311 2.0 2.3846153846153846 3.0 0.5063696835418334 13 31.0
312 2.0 2.5384615384615383 3.0 0.5188745216627708 13 33.0
313 2.0 2.5384615384615383 3.0 0.5188745216627708 13 33.0
314 2.0 2.4615384615384617 3.0 0.5188745216627708 13 32.0
315 2.0 2.4615384615384617 3.0 0.5188745216627708 13 32.0
316 2.0 2.4615384615384617 3.0 0.5188745216627708 13 32.0
317 2.0 2.6923076923076925 3.0 0.48038446141526137 13 35.0
318 2.0 2.230769230769231 3.0 0.4385290096535146 13 29.0
319 2.0 2.8461538461538463 3.0 0.3755338080994054 13 37.0
320 2.0 2.1538461538461537 3.0 0.3755338080994054 13 28.0
321 2.0 2.769230769230769 3.0 0.4385290096535146 13 36.0
322 2.0 2.3076923076923075 3.0 0.48038446141526137 13 30.0
323 2.0 3.076923076923077 8.0 1.5525000516123697 13 40.0
324 2.0 2.3846153846153846 3.0 0.5063696835418334 13 31.0
325 2.0 2.6923076923076925 3.0 0.48038446141526137 13 35.0
326 2.0 2.3076923076923075 3.0 0.48038446141526137 13 30.0
327 2.0 2.769230769230769 3.0 0.4385290096535146 13 36.0
328 2.0 2.230769230769231 3.0 0.4385290096535146 13 29.0
329 2.0 2.769230769230769 3.0 0.4385290096535146 13 36.0
330 2.0 2.4615384615384617 3.0 0.5188745216627708 13 32.0
331 2.0 2.6153846153846154 3.0 0.5063696835418334 13 34.0
332 2.0 2.4615384615384617 3.0 0.5188745216627708 13 32.0
333 2.0 2.6923076923076925 3.0 0.48038446141526137 13 35.0
334 2.0 2.3846153846153846 3.0 0.5063696835418334 13 31.0
335 2.0 2.5384615384615383 3.0 0.5188745216627708 13 33.0
336 2.0 2.4615384615384617 3.0 0.5188745216627708 13 32.0
337 2.0 2.5384615384615383 3.0 0.5188745216627708 13 33.0
338 2.0 2.4615384615384617 3.0 0.5188745216627708 13 32.0
339 2.0 2.5384615384615383 3.0 0.5188745216627708 13 33.0
340 2.0 2.4615384615384617 3.0 0.5188745216627708 13 32.0
341 2.0 2.5384615384615383 3.0 0.5188745216627708 13 33.0
342 2.0 2.5384615384615383 3.0 0.5188745216627708 13 33.0
343 2.0 2.5384615384615383 3.0 0.5188745216627708 13 33.0
344 2.0 2.4615384615384617 3.0 0.5188745216627708 13 32.0
345 2.0 2.5384615384615383 3.0 0.5188745216627708 13 33.0
346 2.0 2.4615384615384617 3.0 0.5188745216627708 13 32.0
347 2.0 2.4615384615384617 3.0 0.5188745216627708 13 32.0
348 2.0 2.6153846153846154 3.0 0.5063696835418334 13 34.0
349 2.0 2.4615384615384617 3.0 0.5188745216627708 13 32.0
350 2.0 2.5384615384615383 3.0 0.5188745216627708 13 33.0
351 2.0 2.5384615384615383 3.0 0.5188745216627708 13 33.0
352 2.0 2.5384615384615383 3.0 0.5188745216627708 13 33.0
353 2.0 2.4615384615384617 3.0 0.5188745216627708 13 32.0
354 2.0 2.6153846153846154 3.0 0.5063696835418334 13 34.0
355 2.0 2.3076923076923075 3.0 0.4803844614152615 13 30.0
356 2.0 2.6923076923076925 3.0 0.4803844614152615 13 35.0
357 2.0 2.3076923076923075 3.0 0.4803844614152615 13 30.0
358 2.0 2.769230769230769 3.0 0.4385290096535146 13 36.0
359 2.0 2.3846153846153846 3.0 0.5063696835418334 13 31.0
360 2.0 2.6153846153846154 3.0 0.5063696835418334 13 34.0
361 2.0 2.4615384615384617 3.0 0.5188745216627708 13 32.0
362 2.0 2.6923076923076925 3.0 0.4803844614152615 13 35.0
363 2.0 2.4615384615384617 3.0 0.5188745216627708 13 32.0
364 2.0 2.6923076923076925 3.0 0.48038446141526137 13 35.0
365 2.0 2.4615384615384617 3.0 0.5188745216627708 13 32.0
366 2.0 2.6923076923076925 3.0 0.48038446141526137 13 35.0
367 2.0 2.3846153846153846 3.0 0.5063696835418334 13 31.0
368 2.0 2.8461538461538463 4.0 0.554700196225229 13 37.0
369 2.0 2.5384615384615383 3.0 0.5188745216627708 13 33.0
370 2.0 2.5384615384615383 3.0 0.5188745216627708 13 33.0
371 2.0 2.8461538461538463 3.0 0.3755338080994053 13 37.0
372 2.0 2.230769230769231 3.0 0.4385290096535146 13 29.0
373 2.0 2.8461538461538463 3.0 0.3755338080994053 13 37.0
374 2.0 2.1538461538461537 3.0 0.3755338080994053 13 28.0
375 2.0 2.923076923076923 3.0 0.2773500981126146 13 38.0
376 2.0 2.3076923076923075 3.0 0.4803844614152614 13 30.0
377 2.0 2.8461538461538463 3.0 0.3755338080994054 13 37.0
378 2.0 2.4615384615384617 3.0 0.5188745216627708 13 32.0
379 2.0 2.5384615384615383 3.0 0.5188745216627708 13 33.0
380 2.0 2.923076923076923 4.0 0.4935481167928244 13 38.0
381 2.0 2.3846153846153846 4.0 0.650443635587991 13 31.0
382 2.0 2.923076923076923 3.0 0.2773500981126146 13 38.0
383 2.0 2.6153846153846154 4.0 0.6504436355879909 13 34.0
384 2.0 2.6923076923076925 4.0 0.6304251719561152 13 35.0
385 2.0 2.8461538461538463 3.0 0.3755338080994054 13 37.0
386 2.0 2.4615384615384617 3.0 0.5188745216627708 13 32.0
387 2.0 2.769230769230769 4.0 0.5991446895152781 13 36.0
388 2.0 2.5384615384615383 3.0 0.5188745216627708 13 33.0
389 2.0 2.6923076923076925 3.0 0.4803844614152614 13 35.0
390 2.0 2.6923076923076925 3.0 0.4803844614152615 13 35.0
391 2.0 2.6153846153846154 4.0 0.6504436355879909 13 34.0
392 2.0 2.6923076923076925 3.0 0.4803844614152614 13 35.0
393 2.0 2.6153846153846154 4.0 0.6504436355879909 13 34.0
394 2.0 2.6153846153846154 3.0 0.5063696835418333 13 34.0
395 2.0 2.6153846153846154 3.0 0.5063696835418334 13 34.0
396 2.0 2.769230769230769 4.0 0.599144689515278 13 36.0
397 2.0 2.6923076923076925 3.0 0.4803844614152614 13 35.0
398 2.0 2.4615384615384617 3.0 0.5188745216627708 13 32.0
399 2.0 2.6923076923076925 3.0 0.4803844614152614 13 35.0
400 2.0 2.6153846153846154 3.0 0.5063696835418334 13 34.0
401 2.0 2.5384615384615383 3.0 0.5188745216627708 13 33.0
402 2.0 2.769230769230769 3.0 0.4385290096535146 13 36.0
403 2.0 2.5384615384615383 3.0 0.5188745216627708 13 33.0
404 2.0 2.769230769230769 3.0 0.4385290096535146 13 36.0
405 2.0 2.6153846153846154 3.0 0.5063696835418333 13 34.0
406 2.0 2.4615384615384617 3.0 0.5188745216627708 13 32.0
407 2.0 2.769230769230769 3.0 0.4385290096535146 13 36.0
408 2.0 2.5384615384615383 3.0 0.5188745216627708 13 33.0
409 2.0 2.6153846153846154 3.0 0.5063696835418333 13 34.0
410 2.0 3.769230769230769 17.0 4.003203845127178 13 49.0
411 2.0 2.6153846153846154 3.0 0.5063696835418334 13 34.0
412 2.0 2.6923076923076925 3.0 0.4803844614152614 13 35.0
413 2.0 2.6153846153846154 3.0 0.5063696835418334 13 34.0
414 2.0 2.5384615384615383 3.0 0.5188745216627708 13 33.0
415 2.0 2.769230769230769 3.0 0.4385290096535146 13 36.0
416 2.0 2.6153846153846154 3.0 0.5063696835418334 13 34.0
417 2.0 2.6153846153846154 3.0 0.5063696835418333 13 34.0
418 2.0 2.6153846153846154 3.0 0.5063696835418334 13 34.0
419 2.0 2.6153846153846154 3.0 0.5063696835418333 13 34.0
420 2.0 2.8461538461538463 3.0 0.3755338080994054 13 37.0
421 2.0 2.4615384615384617 3.0 0.5188745216627708 13 32.0
422 2.0 2.6923076923076925 3.0 0.48038446141526137 13 35.0
423 2.0 2.769230769230769 3.0 0.4385290096535146 13 36.0
424 2.0 2.4615384615384617 3.0 0.5188745216627708 13 32.0
425 2.0 2.6923076923076925 3.0 0.48038446141526137 13 35.0
426 2.0 2.769230769230769 3.0 0.4385290096535146 13 36.0
427 2.0 2.4615384615384617 3.0 0.5188745216627708 13 32.0
428 2.0 2.8461538461538463 3.0 0.3755338080994054 13 37.0
429 2.0 2.6923076923076925 3.0 0.4803844614152614 13 35.0
430 2.0 2.3846153846153846 3.0 0.5063696835418333 13 31.0
431 2.0 2.8461538461538463 3.0 0.3755338080994054 13 37.0
432 2.0 2.4615384615384617 3.0 0.5188745216627708 13 32.0
433 2.0 2.6153846153846154 3.0 0.5063696835418334 13 34.0
434 2.0 2.769230769230769 3.0 0.4385290096535146 13 36.0
435 2.0 2.4615384615384617 3.0 0.5188745216627708 13 32.0
436 2.0 2.6153846153846154 3.0 0.5063696835418334 13 34.0
437 2.0 2.6923076923076925 3.0 0.48038446141526137 13 35.0
438 2.0 2.4615384615384617 3.0 0.5188745216627708 13 32.0
439 2.0 2.769230769230769 3.0 0.4385290096535146 13 36.0
440 2.0 2.6923076923076925 3.0 0.48038446141526137 13 35.0
441 2.0 2.4615384615384617 3.0 0.5188745216627708 13 32.0
442 2.0 2.6923076923076925 3.0 0.4803844614152615 13 35.0
443 2.0 2.6923076923076925 3.0 0.48038446141526137 13 35.0
444 2.0 2.5384615384615383 3.0 0.5188745216627708 13 33.0
445 2.0 2.6153846153846154 3.0 0.5063696835418333 13 34.0
446 2.0 2.6923076923076925 3.0 0.4803844614152614 13 35.0
447 2.0 2.5384615384615383 3.0 0.5188745216627708 13 33.0
448 2.0 2.8461538461538463 3.0 0.3755338080994054 13 37.0
449 2.0 2.769230769230769 3.0 0.4385290096535146 13 36.0
450 2.0 2.3846153846153846 3.0 0.5063696835418333 13 31.0
451 2.0 2.8461538461538463 3.0 0.3755338080994054 13 37.0
452 2.0 2.769230769230769 3.0 0.4385290096535146 13 36.0
453 2.0 2.3846153846153846 3.0 0.5063696835418333 13 31.0
454 2.0 2.8461538461538463 3.0 0.3755338080994054 13 37.0
455 2.0 2.6923076923076925 3.0 0.4803844614152614 13 35.0
456 2.0 2.3846153846153846 3.0 0.5063696835418333 13 31.0
457 2.0 2.923076923076923 3.0 0.2773500981126146 13 38.0
458 2.0 2.5384615384615383 3.0 0.5188745216627708 13 33.0
459 2.0 2.4615384615384617 3.0 0.5188745216627708 13 32.0
460 2.0 2.769230769230769 3.0 0.4385290096535146 13 36.0
461 2.0 2.6923076923076925 3.0 0.4803844614152614 13 35.0
462 2.0 2.5384615384615383 3.0 0.5188745216627708 13 33.0
463 2.0 2.6923076923076925 3.0 0.4803844614152614 13 35.0
464 2.0 2.5384615384615383 3.0 0.5188745216627708 13 33.0
465 2.0 2.769230769230769 3.0 0.4385290096535146 13 36.0
466 2.0 2.6923076923076925 3.0 0.4803844614152614 13 35.0
467 2.0 2.5384615384615383 3.0 0.5188745216627708 13 33.0
468 2.0 2.769230769230769 3.0 0.4385290096535146 13 36.0
469 2.0 2.769230769230769 3.0 0.4385290096535146 13 36.0
470 2.0 2.6153846153846154 3.0 0.5063696835418333 13 34.0
471 2.0 2.6153846153846154 3.0 0.5063696835418334 13 34.0
472 2.0 2.8461538461538463 3.0 0.3755338080994054 13 37.0
473 2.0 3.153846153846154 10.0 2.1152680620571416 13 41.0
474 2.0 2.769230769230769 3.0 0.4385290096535146 13 36.0
475 2.0 2.769230769230769 3.0 0.4385290096535146 13 36.0
476 2.0 2.5384615384615383 3.0 0.5188745216627708 13 33.0
477 2.0 2.769230769230769 3.0 0.4385290096535146 13 36.0
478 2.0 2.769230769230769 3.0 0.4385290096535146 13 36.0
479 2.0 2.5384615384615383 3.0 0.5188745216627708 13 33.0
480 2.0 2.6153846153846154 3.0 0.5063696835418333 13 34.0
481 2.0 2.923076923076923 3.0 0.2773500981126146 13 38.0
482 2.0 2.6153846153846154 3.0 0.5063696835418334 13 34.0
483 2.0 2.5384615384615383 3.0 0.5188745216627708 13 33.0
484 2.0 2.769230769230769 3.0 0.4385290096535146 13 36.0
485 2.0 2.8461538461538463 3.0 0.37553380809940534 13 37.0
486 2.0 2.3846153846153846 3.0 0.5063696835418334 13 31.0
487 2.0 2.923076923076923 3.0 0.2773500981126146 13 38.0
488 2.0 3.230769230769231 8.0 1.4806443503784734 13 42.0
489 2.0 2.6153846153846154 5.0 0.869718492622904 13 34.0
490 2.0 2.923076923076923 4.0 0.49354811679282434 13 38.0
491 2.0 2.769230769230769 3.0 0.4385290096535146 13 36.0
492 2.0 2.5384615384615383 3.0 0.5188745216627708 13 33.0
493 2.0 2.769230769230769 3.0 0.4385290096535146 13 36.0
494 2.0 2.769230769230769 3.0 0.4385290096535146 13 36.0
495 2.0 2.4615384615384617 3.0 0.5188745216627708 13 32.0
496 2.0 2.8461538461538463 3.0 0.3755338080994054 13 37.0
497 2.0 2.6153846153846154 3.0 0.5063696835418334 13 34.0
498 2.0 2.5384615384615383 3.0 0.5188745216627708 13 33.0
499 2.0 2.769230769230769 3.0 0.4385290096535146 13 36.0
500 2.0 2.6153846153846154 3.0 0.5063696835418334 13 34.0
501 2.0 2.6923076923076925 3.0 0.4803844614152614 13 35.0
502 2.0 2.6153846153846154 3.0 0.5063696835418334 13 34.0
503 2.0 2.6923076923076925 3.0 0.48038446141526137 13 35.0
504 2.0 2.769230769230769 3.0 0.4385290096535146 13 36.0
505 2.0 2.5384615384615383 3.0 0.5188745216627708 13 33.0
506 2.0 2.6923076923076925 3.0 0.48038446141526137 13 35.0
507 2.0 3.7692307692307687 17.0 4.003203845127178 13 49.0
508 2.0 2.5384615384615383 3.0 0.5188745216627708 13 33.0
509 2.0 3.0 5.0 0.7071067811865476 13 39.0
510 2.0 2.769230769230769 4.0 0.599144689515278 13 36.0
511 2.0 2.5384615384615383 4.0 0.6602252917735248 13 33.0
512 2.0 2.923076923076923 3.0 0.2773500981126146 13 38.0
513 2.0 2.6923076923076925 3.0 0.4803844614152614 13 35.0
514 2.0 2.6923076923076925 4.0 0.6304251719561152 13 35.0
515 2.0 2.769230769230769 3.0 0.4385290096535146 13 36.0
516 2.0 2.769230769230769 3.0 0.4385290096535146 13 36.0
517 2.0 2.5384615384615383 3.0 0.5188745216627708 13 33.0
518 2.0 2.769230769230769 3.0 0.4385290096535146 13 36.0
519 2.0 2.6923076923076925 3.0 0.4803844614152614 13 35.0
520 2.0 2.6923076923076925 3.0 0.4803844614152614 13 35.0
521 2.0 2.769230769230769 3.0 0.4385290096535146 13 36.0
522 2.0 2.6153846153846154 3.0 0.5063696835418334 13 34.0
523 2.0 2.6923076923076925 3.0 0.4803844614152614 13 35.0
524 2.0 2.6923076923076925 3.0 0.4803844614152615 13 35.0
525 2.0 2.6923076923076925 3.0 0.4803844614152614 13 35.0
526 2.0 2.6923076923076925 3.0 0.4803844614152614 13 35.0
527 2.0 2.6923076923076925 3.0 0.4803844614152615 13 35.0
528 2.0 2.8461538461538463 3.0 0.3755338080994054 13 37.0
529 2.0 2.6153846153846154 3.0 0.5063696835418334 13 34.0
530 2.0 2.6153846153846154 3.0 0.5063696835418333 13 34.0
531 2.0 2.8461538461538463 3.0 0.3755338080994054 13 37.0
532 2.0 2.769230769230769 4.0 0.5991446895152781 13 36.0
533 2.0 2.6153846153846154 4.0 0.6504436355879909 13 34.0
534 2.0 2.923076923076923 3.0 0.2773500981126146 13 38.0
535 2.0 2.6153846153846154 3.0 0.5063696835418334 13 34.0
536 2.0 2.6153846153846154 4.0 0.6504436355879909 13 34.0
537 2.0 2.923076923076923 3.0 0.2773500981126146 13 38.0
538 2.0 2.6153846153846154 3.0 0.5063696835418334 13 34.0
539 2.0 2.6923076923076925 3.0 0.4803844614152615 13 35.0
540 2.0 2.8461538461538463 4.0 0.5547001962252293 13 37.0
541 2.0 2.769230769230769 4.0 0.5991446895152781 13 36.0
542 2.0 2.6153846153846154 3.0 0.5063696835418333 13 34.0
543 2.0 2.769230769230769 3.0 0.4385290096535146 13 36.0
544 2.0 2.769230769230769 3.0 0.4385290096535146 13 36.0
545 2.0 3.3846153846153846 13.0 2.930826434598881 13 44.0
546 2.0 2.6923076923076925 3.0 0.4803844614152614 13 35.0
547 2.0 2.6923076923076925 3.0 0.4803844614152614 13 35.0
548 2.0 2.6153846153846154 3.0 0.5063696835418334 13 34.0
549 2.0 2.8461538461538463 3.0 0.3755338080994054 13 37.0
550 2.0 2.8461538461538463 3.0 0.3755338080994054 13 37.0
551 2.0 2.4615384615384617 3.0 0.5188745216627708 13 32.0
552 2.0 2.769230769230769 3.0 0.4385290096535146 13 36.0
553 2.0 2.769230769230769 3.0 0.4385290096535146 13 36.0
554 2.0 2.6923076923076925 3.0 0.4803844614152614 13 35.0
555 2.0 2.8461538461538463 3.0 0.3755338080994054 13 37.0
556 2.0 2.6153846153846154 3.0 0.5063696835418334 13 34.0
557 2.0 2.8461538461538463 3.0 0.3755338080994054 13 37.0
558 2.0 2.6153846153846154 3.0 0.5063696835418334 13 34.0
559 2.0 2.8461538461538463 3.0 0.3755338080994054 13 37.0
560 2.0 2.6923076923076925 3.0 0.4803844614152614 13 35.0
561 2.0 2.769230769230769 3.0 0.4385290096535146 13 36.0
562 2.0 3.4615384615384617 12.0 2.6017745423519636 13 45.0
563 2.0 2.8461538461538463 3.0 0.37553380809940534 13 37.0
564 2.0 2.769230769230769 3.0 0.4385290096535146 13 36.0
565 2.0 2.8461538461538463 3.0 0.3755338080994054 13 37.0
566 2.0 2.8461538461538463 3.0 0.3755338080994054 13 37.0
567 2.0 2.6923076923076925 3.0 0.4803844614152614 13 35.0
568 2.0 2.769230769230769 4.0 0.599144689515278 13 36.0
569 2.0 2.769230769230769 3.0 0.4385290096535146 13 36.0
570 2.0 3.1538461538461537 6.0 0.8987170342729167 13 41.0
571 2.0 2.6153846153846154 3.0 0.5063696835418334 13 34.0
572 2.0 2.769230769230769 3.0 0.4385290096535146 13 36.0
573 2.0 2.8461538461538463 3.0 0.3755338080994054 13 37.0
574 2.0 2.8461538461538463 3.0 0.37553380809940534 13 37.0
575 2.0 2.8461538461538463 4.0 0.5547001962252293 13 37.0
576 2.0 2.8461538461538463 3.0 0.37553380809940534 13 37.0
577 2.0 2.8461538461538463 3.0 0.3755338080994054 13 37.0
578 2.0 2.769230769230769 3.0 0.4385290096535146 13 36.0
579 2.0 2.923076923076923 3.0 0.2773500981126146 13 38.0
580 2.0 2.6923076923076925 3.0 0.48038446141526137 13 35.0
581 2.0 2.8461538461538463 3.0 0.3755338080994054 13 37.0
582 2.0 2.923076923076923 3.0 0.2773500981126146 13 38.0
583 2.0 2.8461538461538463 3.0 0.3755338080994054 13 37.0
584 2.0 2.6923076923076925 3.0 0.4803844614152615 13 35.0
585 2.0 2.6153846153846154 3.0 0.5063696835418334 13 34.0
586 2.0 2.923076923076923 3.0 0.2773500981126146 13 38.0
587 2.0 2.6923076923076925 3.0 0.4803844614152614 13 35.0
588 3.0 3.0 3.0 0.0 13 39.0
589 2.0 2.6153846153846154 3.0 0.5063696835418333 13 34.0
590 2.0 2.8461538461538463 3.0 0.3755338080994054 13 37.0
591 3.0 3.0 3.0 0.0 13 39.0
592 2.0 2.6923076923076925 3.0 0.4803844614152614 13 35.0
593 2.0 2.769230769230769 4.0 0.5991446895152781 13 36.0
594 2.0 2.769230769230769 3.0 0.4385290096535146 13 36.0
595 2.0 2.769230769230769 3.0 0.4385290096535146 13 36.0
596 2.0 2.8461538461538463 3.0 0.3755338080994054 13 37.0
597 2.0 2.6923076923076925 3.0 0.48038446141526137 13 35.0
598 2.0 2.769230769230769 3.0 0.4385290096535146 13 36.0
599 2.0 2.8461538461538463 3.0 0.3755338080994054 13 37.0
600 2.0 2.8461538461538463 3.0 0.3755338080994054 13 37.0
601 2.0 2.8461538461538463 3.0 0.3755338080994054 13 37.0
602 2.0 2.6923076923076925 3.0 0.4803844614152614 13 35.0
603 2.0 2.923076923076923 3.0 0.2773500981126146 13 38.0
604 2.0 2.769230769230769 3.0 0.4385290096535146 13 36.0
605 2.0 2.769230769230769 3.0 0.4385290096535146 13 36.0
606 2.0 2.769230769230769 3.0 0.4385290096535146 13 36.0
607 2.0 2.923076923076923 3.0 0.2773500981126146 13 38.0
608 2.0 2.769230769230769 3.0 0.4385290096535146 13 36.0
609 3.0 3.0 3.0 0.0 13 39.0
610 2.0 2.6153846153846154 3.0 0.5063696835418334 13 34.0
611 2.0 2.6923076923076925 3.0 0.4803844614152614 13 35.0
612 2.0 2.923076923076923 3.0 0.2773500981126146 13 38.0
613 2.0 2.769230769230769 3.0 0.4385290096535146 13 36.0
614 2.0 2.769230769230769 3.0 0.4385290096535146 13 36.0
615 2.0 2.6923076923076925 3.0 0.4803844614152614 13 35.0
616 2.0 4.769230769230769 27.0 6.685230563885413 13 62.0
617 2.0 2.923076923076923 3.0 0.2773500981126146 13 38.0
618 2.0 2.923076923076923 3.0 0.2773500981126146 13 38.0
619 2.0 2.6153846153846154 3.0 0.5063696835418333 13 34.0
620 2.0 2.769230769230769 3.0 0.4385290096535146 13 36.0
621 3.0 3.0 3.0 0.0 13 39.0
622 2.0 2.6923076923076925 3.0 0.4803844614152615 13 35.0
623 2.0 2.923076923076923 3.0 0.2773500981126146 13 38.0
624 2.0 2.6923076923076925 3.0 0.48038446141526137 13 35.0
625 2.0 2.769230769230769 3.0 0.4385290096535146 13 36.0
626 2.0 2.923076923076923 3.0 0.2773500981126146 13 38.0
627 2.0 2.8461538461538463 3.0 0.37553380809940534 13 37.0
628 2.0 2.769230769230769 3.0 0.4385290096535146 13 36.0
629 2.0 2.769230769230769 3.0 0.4385290096535146 13 36.0
630 2.0 2.6923076923076925 3.0 0.4803844614152614 13 35.0
631 3.0 3.0 3.0 0.0 13 39.0
632 2.0 2.769230769230769 3.0 0.4385290096535146 13 36.0
633 2.0 2.923076923076923 3.0 0.2773500981126146 13 38.0
634 2.0 2.6923076923076925 3.0 0.48038446141526137 13 35.0
635 2.0 2.6923076923076925 3.0 0.4803844614152614 13 35.0
636 2.0 2.923076923076923 3.0 0.2773500981126146 13 38.0
637 3.0 3.076923076923077 4.0 0.2773500981126146 13 40.0
638 2.0 3.0 4.0 0.408248290463863 13 39.0
639 2.0 2.8461538461538463 3.0 0.3755338080994054 13 37.0
640 2.0 2.6153846153846154 3.0 0.5063696835418333 13 34.0
641 3.0 3.1538461538461537 4.0 0.37553380809940534 13 41.0
642 2.0 2.769230769230769 3.0 0.4385290096535146 13 36.0
643 2.0 2.923076923076923 3.0 0.2773500981126146 13 38.0
644 2.0 2.923076923076923 4.0 0.49354811679282434 13 38.0
645 2.0 2.923076923076923 3.0 0.2773500981126146 13 38.0
646 2.0 2.769230769230769 3.0 0.4385290096535146 13 36.0
647 2.0 2.8461538461538463 3.0 0.3755338080994053 13 37.0
648 2.0 2.8461538461538463 3.0 0.3755338080994054 13 37.0
649 2.0 2.923076923076923 3.0 0.2773500981126146 13 38.0
650 2.0 2.8461538461538463 3.0 0.37553380809940534 13 37.0
651 3.0 3.0 3.0 0.0 13 39.0
652 2.0 2.923076923076923 3.0 0.2773500981126146 13 38.0
653 2.0 2.923076923076923 3.0 0.2773500981126146 13 38.0
654 2.0 2.923076923076923 3.0 0.2773500981126146 13 38.0
655 2.0 2.8461538461538463 3.0 0.3755338080994054 13 37.0
656 2.0 2.8461538461538463 3.0 0.3755338080994053 13 37.0
657 2.0 2.923076923076923 3.0 0.2773500981126146 13 38.0
658 3.0 3.0 3.0 0.0 13 39.0
659 3.0 3.0 3.0 0.0 13 39.0
660 3.0 3.0 3.0 0.0 13 39.0
661 2.0 3.0 4.0 0.408248290463863 13 39.0
662 2.0 2.8461538461538463 3.0 0.37553380809940534 13 37.0
663 3.0 3.0 3.0 0.0 13 39.0
664 2.0 3.0 4.0 0.408248290463863 13 39.0
665 2.0 2.8461538461538463 3.0 0.3755338080994054 13 37.0
666 2.0 2.923076923076923 4.0 0.4935481167928244 13 38.0
667 2.0 2.8461538461538463 3.0 0.3755338080994054 13 37.0
668 3.0 3.076923076923077 4.0 0.2773500981126146 13 40.0
669 2.0 3.3076923076923075 6.0 1.0315534712764842 13 43.0
670 3.0 3.3076923076923075 6.0 0.8548504142651105 13 43.0
671 2.0 3.076923076923077 6.0 0.9540735874430285 13 40.0
672 2.0 3.1538461538461537 6.0 0.8987170342729167 13 41.0
673 2.0 3.076923076923077 5.0 0.75955452531275 13 40.0
674 2.0 3.076923076923077 5.0 0.6405126152203484 13 40.0
675 2.0 3.076923076923077 6.0 0.9540735874430285 13 40.0
676 3.0 3.230769230769231 5.0 0.599144689515278 13 42.0
677 3.0 3.230769230769231 6.0 0.8320502943378436 13 42.0
678 2.0 2.8461538461538463 4.0 0.5547001962252291 13 37.0
679 3.0 3.076923076923077 4.0 0.2773500981126146 13 40.0
680 2.0 2.8461538461538463 3.0 0.3755338080994054 13 37.0
681 2.0 2.923076923076923 4.0 0.49354811679282445 13 38.0
682 2.0 2.923076923076923 3.0 0.2773500981126146 13 38.0
683 2.0 3.0 4.0 0.408248290463863 13 39.0
684 2.0 2.923076923076923 3.0 0.2773500981126146 13 38.0
685 2.0 2.923076923076923 4.0 0.4935481167928245 13 38.0
686 3.0 3.0 3.0 0.0 13 39.0
687 2.0 2.923076923076923 3.0 0.2773500981126146 13 38.0
688 3.0 3.076923076923077 4.0 0.2773500981126146 13 40.0
689 2.0 2.8461538461538463 3.0 0.3755338080994054 13 37.0
690 2.0 2.769230769230769 3.0 0.4385290096535146 13 36.0
691 2.0 2.923076923076923 4.0 0.4935481167928244 13 38.0
692 2.0 2.6923076923076925 3.0 0.4803844614152615 13 35.0
693 3.0 3.0 3.0 0.0 13 39.0
694 2.0 2.923076923076923 3.0 0.2773500981126146 13 38.0
695 3.0 3.0 3.0 0.0 13 39.0
696 2.0 2.923076923076923 3.0 0.2773500981126146 13 38.0
697 2.0 2.8461538461538463 3.0 0.3755338080994054 13 37.0
698 2.0 2.6923076923076925 3.0 0.4803844614152614 13 35.0
699 2.0 2.923076923076923 3.0 0.2773500981126146 13 38.0
700 2.0 2.8461538461538463 3.0 0.3755338080994054 13 37.0
701 2.0 2.923076923076923 3.0 0.2773500981126146 13 38.0
702 3.0 3.0 3.0 0.0 13 39.0
703 2.0 2.8461538461538463 3.0 0.3755338080994054 13 37.0
704 2.0 2.769230769230769 3.0 0.4385290096535146 13 36.0
705 2.0 2.8461538461538463 3.0 0.3755338080994054 13 37.0
706 2.0 2.923076923076923 3.0 0.2773500981126146 13 38.0
707 2.0 2.8461538461538463 3.0 0.3755338080994054 13 37.0
708 2.0 2.923076923076923 3.0 0.2773500981126146 13 38.0
709 3.0 3.0 3.0 0.0 13 39.0
710 3.0 3.0 3.0 0.0 13 39.0
711 3.0 3.076923076923077 4.0 0.2773500981126146 13 40.0
712 2.0 2.769230769230769 3.0 0.4385290096535146 13 36.0
713 2.0 2.8461538461538463 3.0 0.3755338080994054 13 37.0
714 2.0 2.923076923076923 3.0 0.2773500981126146 13 38.0
715 2.0 2.923076923076923 3.0 0.2773500981126146 13 38.0
716 2.0 2.923076923076923 3.0 0.2773500981126146 13 38.0
717 2.0 2.923076923076923 3.0 0.2773500981126146 13 38.0
718 2.0 2.8461538461538463 3.0 0.37553380809940534 13 37.0
719 3.0 3.0 3.0 0.0 13 39.0
720 2.0 2.923076923076923 3.0 0.2773500981126146 13 38.0
721 2.0 3.0 4.0 0.408248290463863 13 39.0
722 2.0 2.769230769230769 3.0 0.4385290096535146 13 36.0
723 2.0 2.923076923076923 3.0 0.2773500981126146 13 38.0
724 2.0 2.923076923076923 3.0 0.2773500981126146 13 38.0
725 2.0 2.8461538461538463 3.0 0.3755338080994054 13 37.0
726 3.0 3.0 3.0 0.0 13 39.0
727 2.0 3.0 4.0 0.408248290463863 13 39.0
728 2.0 2.923076923076923 3.0 0.2773500981126146 13 38.0
729 2.0 2.8461538461538463 3.0 0.3755338080994054 13 37.0
730 2.0 2.8461538461538463 4.0 0.5547001962252291 13 37.0
731 2.0 2.8461538461538463 3.0 0.3755338080994054 13 37.0
732 2.0 3.0 4.0 0.408248290463863 13 39.0
733 2.0 2.923076923076923 3.0 0.2773500981126146 13 38.0
734 2.0 2.923076923076923 3.0 0.2773500981126146 13 38.0
735 3.0 3.0 3.0 0.0 13 39.0
736 2.0 2.8461538461538463 3.0 0.37553380809940534 13 37.0
737 2.0 2.923076923076923 3.0 0.2773500981126146 13 38.0
738 2.0 2.6923076923076925 3.0 0.4803844614152614 13 35.0
739 2.0 2.923076923076923 3.0 0.2773500981126146 13 38.0
740 2.0 2.6923076923076925 3.0 0.4803844614152614 13 35.0
741 2.0 2.923076923076923 3.0 0.2773500981126146 13 38.0
742 2.0 2.923076923076923 3.0 0.2773500981126146 13 38.0
743 2.0 2.8461538461538463 3.0 0.3755338080994054 13 37.0
744 2.0 2.923076923076923 3.0 0.2773500981126146 13 38.0
745 2.0 2.8461538461538463 3.0 0.3755338080994054 13 37.0
746 2.0 2.923076923076923 3.0 0.2773500981126146 13 38.0
747 2.0 2.769230769230769 3.0 0.4385290096535146 13 36.0
748 2.0 2.8461538461538463 3.0 0.3755338080994054 13 37.0
749 2.0 2.923076923076923 3.0 0.2773500981126146 13 38.0
750 2.0 2.769230769230769 3.0 0.4385290096535146 13 36.0
751 2.0 2.923076923076923 3.0 0.2773500981126146 13 38.0
752 2.0 2.923076923076923 3.0 0.2773500981126146 13 38.0
753 3.0 3.0 3.0 0.0 13 39.0
754 2.0 2.769230769230769 3.0 0.4385290096535146 13 36.0
755 2.0 2.769230769230769 3.0 0.4385290096535146 13 36.0
756 2.0 2.8461538461538463 3.0 0.3755338080994054 13 37.0
757 2.0 2.8461538461538463 3.0 0.3755338080994054 13 37.0
758 3.0 3.0 3.0 0.0 13 39.0
759 2.0 2.8461538461538463 3.0 0.37553380809940534 13 37.0
760 2.0 2.6923076923076925 3.0 0.48038446141526137 13 35.0
761 2.0 2.8461538461538463 3.0 0.3755338080994054 13 37.0
762 2.0 2.923076923076923 3.0 0.2773500981126146 13 38.0
763 2.0 2.8461538461538463 3.0 0.3755338080994054 13 37.0
764 2.0 2.923076923076923 3.0 0.2773500981126146 13 38.0
765 3.0 3.1538461538461537 5.0 0.5547001962252293 13 41.0
766 2.0 2.923076923076923 3.0 0.2773500981126146 13 38.0
767 3.0 3.076923076923077 4.0 0.2773500981126146 13 40.0
768 2.0 3.0 4.0 0.408248290463863 13 39.0
769 2.0 2.8461538461538463 4.0 0.5547001962252291 13 37.0
770 3.0 3.0 3.0 0.0 13 39.0
771 3.0 3.076923076923077 4.0 0.2773500981126146 13 40.0
772 3.0 3.1538461538461537 5.0 0.5547001962252293 13 41.0
773 2.0 2.923076923076923 4.0 0.49354811679282434 13 38.0
774 2.0 2.923076923076923 4.0 0.49354811679282456 13 38.0
775 2.0 2.923076923076923 4.0 0.4935481167928244 13 38.0
776 3.0 3.076923076923077 4.0 0.2773500981126146 13 40.0
777 2.0 3.0 5.0 0.7071067811865476 13 39.0
778 2.0 3.846153846153846 14.0 3.078044667375536 13 50.0
779 3.0 3.076923076923077 4.0 0.2773500981126146 13 40.0
780 2.0 2.923076923076923 4.0 0.49354811679282445 13 38.0
781 3.0 3.076923076923077 4.0 0.2773500981126146 13 40.0
782 2.0 3.0 4.0 0.408248290463863 13 39.0
783 2.0 2.8461538461538463 4.0 0.5547001962252293 13 37.0
784 3.0 3.076923076923077 4.0 0.2773500981126146 13 40.0
785 2.0 3.0 5.0 0.7071067811865476 13 39.0
786 2.0 2.923076923076923 4.0 0.4935481167928244 13 38.0
787 2.0 3.0 4.0 0.408248290463863 13 39.0
788 2.0 3.0 4.0 0.408248290463863 13 39.0
789 2.0 2.8461538461538463 4.0 0.5547001962252291 13 37.0
790 2.0 2.8461538461538463 3.0 0.3755338080994054 13 37.0
791 2.0 2.923076923076923 3.0 0.2773500981126146 13 38.0
792 2.0 2.8461538461538463 3.0 0.37553380809940534 13 37.0
793 2.0 2.923076923076923 4.0 0.49354811679282456 13 38.0
794 2.0 2.8461538461538463 3.0 0.3755338080994054 13 37.0
795 2.0 2.8461538461538463 4.0 0.5547001962252291 13 37.0
796 2.0 2.8461538461538463 3.0 0.37553380809940534 13 37.0
797 2.0 3.076923076923077 5.0 0.75955452531275 13 40.0
798 2.0 3.0 4.0 0.408248290463863 13 39.0
799 2.0 2.8461538461538463 4.0 0.5547001962252291 13 37.0
800 2.0 2.8461538461538463 3.0 0.3755338080994054 13 37.0
801 2.0 3.0 5.0 0.7071067811865476 13 39.0
802 3.0 3.0 3.0 0.0 13 39.0
803 2.0 2.923076923076923 4.0 0.4935481167928244 13 38.0
804 2.0 2.923076923076923 3.0 0.2773500981126146 13 38.0
805 2.0 2.769230769230769 4.0 0.5991446895152781 13 36.0
806 3.0 3.076923076923077 4.0 0.2773500981126146 13 40.0
807 2.0 2.8461538461538463 3.0 0.3755338080994054 13 37.0
808 2.0 2.923076923076923 4.0 0.4935481167928245 13 38.0
809 3.0 3.076923076923077 4.0 0.2773500981126146 13 40.0
810 2.0 2.8461538461538463 3.0 0.37553380809940534 13 37.0
811 2.0 3.0 4.0 0.408248290463863 13 39.0
812 2.0 2.8461538461538463 3.0 0.3755338080994054 13 37.0
813 2.0 2.923076923076923 3.0 0.2773500981126146 13 38.0
814 2.0 3.0 4.0 0.408248290463863 13 39.0
815 2.0 2.769230769230769 4.0 0.5991446895152781 13 36.0
816 2.0 2.923076923076923 3.0 0.2773500981126146 13 38.0
817 3.0 3.076923076923077 4.0 0.2773500981126146 13 40.0
818 2.0 2.8461538461538463 3.0 0.37553380809940534 13 37.0
819 2.0 3.0 4.0 0.408248290463863 13 39.0
820 2.0 3.0 4.0 0.408248290463863 13 39.0
821 2.0 2.923076923076923 3.0 0.2773500981126146 13 38.0
822 2.0 3.0 4.0 0.408248290463863 13 39.0
823 2.0 3.0 4.0 0.408248290463863 13 39.0
824 2.0 2.923076923076923 4.0 0.4935481167928245 13 38.0
825 2.0 2.923076923076923 4.0 0.4935481167928245 13 38.0
826 3.0 3.076923076923077 4.0 0.2773500981126146 13 40.0
827 2.0 3.0 4.0 0.408248290463863 13 39.0
828 2.0 2.8461538461538463 4.0 0.5547001962252293 13 37.0
829 2.0 3.0 5.0 0.7071067811865476 13 39.0
830 2.0 2.923076923076923 3.0 0.2773500981126146 13 38.0
831 2.0 3.0 4.0 0.408248290463863 13 39.0
832 2.0 3.0 4.0 0.408248290463863 13 39.0
833 2.0 2.923076923076923 4.0 0.49354811679282445 13 38.0
834 3.0 3.0 3.0 0.0 13 39.0
835 2.0 2.8461538461538463 4.0 0.5547001962252293 13 37.0
836 2.0 3.0 4.0 0.408248290463863 13 39.0
837 2.0 2.8461538461538463 3.0 0.3755338080994054 13 37.0
838 3.0 3.0 3.0 0.0 13 39.0
839 2.0 2.923076923076923 4.0 0.49354811679282445 13 38.0
840 2.0 3.0 4.0 0.408248290463863 13 39.0
841 3.0 3.0 3.0 0.0 13 39.0
842 2.0 2.923076923076923 4.0 0.4935481167928244 13 38.0
843 2.0 3.0 4.0 0.408248290463863 13 39.0
844 2.0 2.923076923076923 3.0 0.2773500981126146 13 38.0
845 2.0 2.923076923076923 4.0 0.4935481167928245 13 38.0
846 2.0 3.0 4.0 0.408248290463863 13 39.0
847 2.0 2.769230769230769 3.0 0.4385290096535146 13 36.0
848 3.0 3.076923076923077 4.0 0.2773500981126146 13 40.0
849 2.0 2.923076923076923 3.0 0.2773500981126146 13 38.0
850 2.0 2.923076923076923 4.0 0.4935481167928244 13 38.0
851 3.0 3.076923076923077 4.0 0.2773500981126146 13 40.0
852 2.0 3.0 4.0 0.408248290463863 13 39.0
853 2.0 2.6923076923076925 3.0 0.4803844614152614 13 35.0
854 2.0 2.923076923076923 4.0 0.49354811679282445 13 38.0
855 2.0 2.8461538461538463 4.0 0.5547001962252293 13 37.0
856 2.0 3.0 4.0 0.408248290463863 13 39.0
857 2.0 2.923076923076923 4.0 0.49354811679282445 13 38.0
858 2.0 3.0 4.0 0.408248290463863 13 39.0
859 2.0 2.8461538461538463 3.0 0.3755338080994054 13 37.0
860 2.0 3.0 4.0 0.408248290463863 13 39.0
861 2.0 2.8461538461538463 3.0 0.3755338080994054 13 37.0
862 3.0 3.076923076923077 4.0 0.2773500981126146 13 40.0
863 2.0 2.8461538461538463 3.0 0.37553380809940534 13 37.0
864 2.0 3.0 5.0 0.7071067811865476 13 39.0
865 2.0 2.923076923076923 4.0 0.49354811679282445 13 38.0
866 2.0 2.8461538461538463 3.0 0.3755338080994054 13 37.0
867 2.0 2.923076923076923 4.0 0.49354811679282456 13 38.0
868 2.0 3.0 4.0 0.408248290463863 13 39.0
869 2.0 2.923076923076923 3.0 0.2773500981126146 13 38.0
870 2.0 3.0 4.0 0.408248290463863 13 39.0
871 3.0 3.0 3.0 0.0 13 39.0
872 2.0 3.0 4.0 0.408248290463863 13 39.0
873 3.0 3.076923076923077 4.0 0.2773500981126146 13 40.0
874 2.0 2.8461538461538463 3.0 0.3755338080994054 13 37.0
875 2.0 2.769230769230769 4.0 0.5991446895152781 13 36.0
876 2.0 3.0 4.0 0.408248290463863 13 39.0
877 2.0 3.076923076923077 4.0 0.49354811679282434 13 40.0
878 3.0 3.1538461538461537 4.0 0.3755338080994053 13 41.0
879 2.0 2.923076923076923 3.0 0.2773500981126146 13 38.0
880 2.0 3.0 4.0 0.408248290463863 13 39.0
881 2.0 3.076923076923077 4.0 0.49354811679282445 13 40.0
882 3.0 3.076923076923077 4.0 0.2773500981126146 13 40.0
883 3.0 3.1538461538461537 4.0 0.3755338080994053 13 41.0
884 2.0 3.076923076923077 4.0 0.49354811679282456 13 40.0
885 2.0 3.0 4.0 0.5773502691896257 13 39.0
886 2.0 3.076923076923077 4.0 0.49354811679282456 13 40.0
887 2.0 3.0 4.0 0.408248290463863 13 39.0
888 2.0 3.0 4.0 0.408248290463863 13 39.0
889 3.0 3.1538461538461537 4.0 0.3755338080994053 13 41.0
890 2.0 3.0 4.0 0.408248290463863 13 39.0
891 3.0 3.1538461538461537 4.0 0.3755338080994053 13 41.0
892 2.0 3.0 4.0 0.408248290463863 13 39.0
893 3.0 3.076923076923077 4.0 0.2773500981126146 13 40.0
894 2.0 3.1538461538461537 5.0 0.6887372317211946 13 41.0
895 3.0 3.230769230769231 6.0 0.8320502943378436 13 42.0
896 2.0 3.076923076923077 6.0 1.0377490433255416 13 40.0
897 2.0 3.0 4.0 0.5773502691896257 13 39.0
898 3.0 3.076923076923077 4.0 0.2773500981126146 13 40.0
899 3.0 3.0 3.0 0.0 13 39.0
900 2.0 3.076923076923077 4.0 0.49354811679282445 13 40.0
901 2.0 2.923076923076923 4.0 0.6405126152203486 13 38.0
902 3.0 3.076923076923077 4.0 0.2773500981126146 13 40.0
903 2.0 2.923076923076923 4.0 0.6405126152203486 13 38.0
904 2.0 2.6923076923076925 3.0 0.48038446141526137 13 35.0
905 2.0 3.076923076923077 4.0 0.49354811679282445 13 40.0
906 3.0 3.0 3.0 0.0 13 39.0
907 2.0 2.923076923076923 4.0 0.49354811679282445 13 38.0
908 2.0 3.0 4.0 0.408248290463863 13 39.0
909 3.0 3.076923076923077 4.0 0.2773500981126146 13 40.0
910 2.0 2.769230769230769 4.0 0.5991446895152781 13 36.0
911 3.0 3.076923076923077 4.0 0.2773500981126146 13 40.0
912 2.0 2.8461538461538463 4.0 0.5547001962252291 13 37.0
913 2.0 2.923076923076923 4.0 0.6405126152203486 13 38.0
914 3.0 3.0 3.0 0.0 13 39.0
915 3.0 3.1538461538461537 4.0 0.3755338080994053 13 41.0
916 2.0 2.923076923076923 4.0 0.49354811679282445 13 38.0
917 2.0 3.0 4.0 0.408248290463863 13 39.0
918 2.0 3.0 4.0 0.408248290463863 13 39.0
919 2.0 2.923076923076923 3.0 0.2773500981126146 13 38.0
920 3.0 3.076923076923077 4.0 0.2773500981126146 13 40.0
921 2.0 2.923076923076923 4.0 0.6405126152203485 13 38.0
922 2.0 2.923076923076923 4.0 0.4935481167928244 13 38.0
923 3.0 4.153846153846154 17.0 3.8696716881873816 13 54.0
924 3.0 3.076923076923077 4.0 0.2773500981126146 13 40.0
925 2.0 2.923076923076923 4.0 0.4935481167928245 13 38.0
926 3.0 3.076923076923077 4.0 0.2773500981126146 13 40.0
927 2.0 3.0 4.0 0.5773502691896257 13 39.0
928 3.0 3.076923076923077 4.0 0.2773500981126146 13 40.0
929 2.0 2.8461538461538463 4.0 0.5547001962252291 13 37.0
930 3.0 3.1538461538461537 4.0 0.3755338080994053 13 41.0
931 2.0 2.8461538461538463 3.0 0.3755338080994054 13 37.0
932 3.0 3.1538461538461537 4.0 0.3755338080994053 13 41.0
933 3.0 3.076923076923077 4.0 0.2773500981126146 13 40.0
934 2.0 2.8461538461538463 4.0 0.5547001962252293 13 37.0
935 3.0 3.0 3.0 0.0 13 39.0
936 2.0 3.076923076923077 4.0 0.4935481167928245 13 40.0
937 3.0 3.076923076923077 4.0 0.2773500981126146 13 40.0
938 2.0 3.0 4.0 0.408248290463863 13 39.0
939 2.0 3.0 4.0 0.5773502691896257 13 39.0
940 2.0 2.8461538461538463 3.0 0.3755338080994054 13 37.0
941 2.0 3.076923076923077 4.0 0.49354811679282445 13 40.0
942 2.0 2.923076923076923 3.0 0.2773500981126146 13 38.0
943 3.0 3.1538461538461537 4.0 0.3755338080994053 13 41.0
944 2.0 3.0 4.0 0.408248290463863 13 39.0
945 2.0 2.923076923076923 4.0 0.49354811679282434 13 38.0
946 3.0 3.1538461538461537 4.0 0.3755338080994053 13 41.0
947 2.0 2.8461538461538463 3.0 0.3755338080994054 13 37.0
948 2.0 3.0 4.0 0.408248290463863 13 39.0
949 2.0 2.8461538461538463 4.0 0.5547001962252291 13 37.0
950 2.0 2.923076923076923 3.0 0.2773500981126146 13 38.0
951 2.0 3.076923076923077 4.0 0.4935481167928245 13 40.0
952 2.0 3.0 4.0 0.408248290463863 13 39.0
953 2.0 3.0 4.0 0.408248290463863 13 39.0
954 2.0 3.0 4.0 0.5773502691896257 13 39.0
955 3.0 3.0 3.0 0.0 13 39.0
956 2.0 2.8461538461538463 4.0 0.6887372317211946 13 37.0
957 2.0 2.923076923076923 3.0 0.2773500981126146 13 38.0
958 3.0 3.1538461538461537 4.0 0.3755338080994053 13 41.0
959 2.0 2.923076923076923 4.0 0.49354811679282445 13 38.0
960 3.0 3.076923076923077 4.0 0.2773500981126146 13 40.0
961 3.0 3.076923076923077 4.0 0.2773500981126146 13 40.0
962 2.0 2.923076923076923 4.0 0.49354811679282434 13 38.0
963 2.0 3.076923076923077 4.0 0.49354811679282445 13 40.0
964 2.0 2.8461538461538463 4.0 0.5547001962252293 13 37.0
965 2.0 2.923076923076923 4.0 0.6405126152203485 13 38.0
966 3.0 3.0 3.0 0.0 13 39.0
967 2.0 3.076923076923077 4.0 0.4935481167928245 13 40.0
968 2.0 2.923076923076923 3.0 0.2773500981126146 13 38.0
969 3.0 3.1538461538461537 4.0 0.3755338080994053 13 41.0
970 3.0 3.1538461538461537 4.0 0.3755338080994053 13 41.0
971 3.0 3.0 3.0 0.0 13 39.0
972 2.0 2.923076923076923 4.0 0.49354811679282445 13 38.0
973 2.0 2.769230769230769 4.0 0.599144689515278 13 36.0
974 2.0 2.923076923076923 4.0 0.49354811679282445 13 38.0
975 2.0 3.0 4.0 0.5773502691896257 13 39.0
976 2.0 3.0 4.0 0.408248290463863 13 39.0
977 3.0 3.0 3.0 0.0 13 39.0
978 3.0 3.1538461538461537 4.0 0.3755338080994053 13 41.0
979 3.0 3.230769230769231 5.0 0.599144689515278 13 42.0
980 2.0 3.0 5.0 0.816496580927726 13 39.0
981 2.0 3.230769230769231 6.0 0.9268086959962986 13 42.0
982 2.0 3.0 5.0 0.816496580927726 13 39.0
983 2.0 3.076923076923077 5.0 0.75955452531275 13 40.0
984 3.0 3.230769230769231 5.0 0.599144689515278 13 42.0
985 2.0 3.0 4.0 0.408248290463863 13 39.0
986 2.0 3.0 4.0 0.408248290463863 13 39.0
987 2.0 3.0 4.0 0.408248290463863 13 39.0
988 2.0 3.0 4.0 0.408248290463863 13 39.0
989 2.0 2.769230769230769 4.0 0.5991446895152781 13 36.0
990 3.0 3.076923076923077 4.0 0.2773500981126146 13 40.0
991 2.0 2.923076923076923 4.0 0.49354811679282445 13 38.0
992 3.0 3.076923076923077 4.0 0.2773500981126146 13 40.0
993 3.0 3.1538461538461537 4.0 0.3755338080994053 13 41.0
994 2.0 2.923076923076923 3.0 0.2773500981126146 13 38.0
995 3.0 3.1538461538461537 4.0 0.3755338080994053 13 41.0
996 2.0 3.0 4.0 0.408248290463863 13 39.0
997 2.0 2.923076923076923 4.0 0.4935481167928245 13 38.0
998 2.0 2.8461538461538463 4.0 0.5547001962252293 13 37.0
999 2.0 3.076923076923077 4.0 0.49354811679282456 13 40.0
1000 2.0 2.8461538461538463 3.0 0.3755338080994054 13 37.0
1001 3.0 3.1538461538461537 4.0 0.3755338080994053 13 41.0
1002 3.0 3.076923076923077 4.0 0.2773500981126146 13 40.0
1003 2.0 2.8461538461538463 3.0 0.37553380809940534 13 37.0
1004 3.0 3.1538461538461537 4.0 0.3755338080994053 13 41.0
1005 2.0 2.8461538461538463 4.0 0.5547001962252291 13 37.0
1006 3.0 3.076923076923077 4.0 0.2773500981126146 13 40.0
1007 2.0 2.923076923076923 4.0 0.4935481167928244 13 38.0
1008 2.0 3.0 4.0 0.408248290463863 13 39.0
1009 2.0 3.846153846153846 14.0 3.078044667375536 13 50.0
1010 3.0 3.076923076923077 4.0 0.2773500981126146 13 40.0
1011 2.0 2.923076923076923 4.0 0.49354811679282445 13 38.0
1012 3.0 3.1538461538461537 4.0 0.3755338080994053 13 41.0
1013 2.0 3.0 4.0 0.408248290463863 13 39.0
1014 2.0 3.3076923076923075 9.0 1.797434068545834 13 43.0
1015 3.0 3.076923076923077 4.0 0.2773500981126146 13 40.0
1016 3.0 3.076923076923077 4.0 0.2773500981126146 13 40.0
1017 2.0 3.076923076923077 4.0 0.4935481167928245 13 40.0
1018 2.0 3.0 4.0 0.408248290463863 13 39.0
1019 2.0 2.923076923076923 3.0 0.2773500981126146 13 38.0
1020 3.0 3.1538461538461537 4.0 0.3755338080994053 13 41.0
1021 3.0 3.076923076923077 4.0 0.2773500981126146 13 40.0
1022 2.0 3.5384615384615383 10.0 1.9839096340048945 13 46.0
1023 3.0 3.1538461538461537 4.0 0.3755338080994053 13 41.0
1024 2.0 3.0 4.0 0.408248290463863 13 39.0
1025 2.0 2.923076923076923 4.0 0.49354811679282445 13 38.0
1026 2.0 3.0 4.0 0.408248290463863 13 39.0
1027 2.0 3.0 4.0 0.5773502691896257 13 39.0
1028 3.0 3.076923076923077 4.0 0.2773500981126146 13 40.0
1029 3.0 3.1538461538461537 4.0 0.3755338080994053 13 41.0
1030 2.0 4.0 17.0 3.9370039370059056 13 52.0
1031 2.0 2.923076923076923 4.0 0.4935481167928244 13 38.0
1032 3.0 3.0 3.0 0.0 13 39.0
1033 2.0 3.0 4.0 0.408248290463863 13 39.0
1034 3.0 3.076923076923077 4.0 0.2773500981126146 13 40.0
1035 2.0 2.923076923076923 3.0 0.2773500981126146 13 38.0
1036 2.0 2.923076923076923 4.0 0.49354811679282445 13 38.0
1037 3.0 3.0 3.0 0.0 13 39.0
1038 2.0 3.0 4.0 0.408248290463863 13 39.0
1039 3.0 3.076923076923077 4.0 0.2773500981126146 13 40.0
1040 3.0 3.0 3.0 0.0 13 39.0
1041 2.0 3.0 4.0 0.408248290463863 13 39.0
1042 2.0 2.923076923076923 3.0 0.2773500981126146 13 38.0
1043 3.0 3.076923076923077 4.0 0.2773500981126146 13 40.0
1044 2.0 3.0 4.0 0.408248290463863 13 39.0
1045 2.0 2.923076923076923 3.0 0.2773500981126146 13 38.0
1046 2.0 2.923076923076923 4.0 0.49354811679282445 13 38.0
1047 3.0 3.076923076923077 4.0 0.2773500981126146 13 40.0
1048 2.0 2.923076923076923 3.0 0.2773500981126146 13 38.0
1049 3.0 3.0 3.0 0.0 13 39.0
1050 2.0 2.8461538461538463 3.0 0.3755338080994054 13 37.0
1051 3.0 3.076923076923077 4.0 0.2773500981126146 13 40.0
1052 2.0 2.923076923076923 3.0 0.2773500981126146 13 38.0
1053 3.0 3.076923076923077 4.0 0.2773500981126146 13 40.0
1054 2.0 3.0 4.0 0.408248290463863 13 39.0
1055 3.0 3.0 3.0 0.0 13 39.0
1056 2.0 3.0 4.0 0.408248290463863 13 39.0
1057 2.0 2.923076923076923 3.0 0.2773500981126146 13 38.0
1058 2.0 3.0 4.0 0.408248290463863 13 39.0
1059 2.0 3.0 4.0 0.408248290463863 13 39.0
1060 2.0 2.769230769230769 3.0 0.4385290096535146 13 36.0
1061 3.0 3.076923076923077 4.0 0.2773500981126146 13 40.0
1062 2.0 3.0 4.0 0.408248290463863 13 39.0
1063 3.0 3.0 3.0 0.0 13 39.0
1064 3.0 3.076923076923077 4.0 0.2773500981126146 13 40.0
1065 3.0 3.0 3.0 0.0 13 39.0
1066 2.0 3.0 4.0 0.408248290463863 13 39.0
1067 3.0 3.076923076923077 4.0 0.2773500981126146 13 40.0
1068 2.0 2.923076923076923 3.0 0.2773500981126146 13 38.0
1069 3.0 3.076923076923077 4.0 0.2773500981126146 13 40.0
1070 3.0 3.0 3.0 0.0 13 39.0
1071 2.0 3.076923076923077 4.0 0.49354811679282445 13 40.0
1072 2.0 2.8461538461538463 4.0 0.5547001962252291 13 37.0
1073 2.0 3.1538461538461537 6.0 0.9870962335856489 13 41.0
1074 2.0 3.076923076923077 5.0 0.75955452531275 13 40.0
1075 3.0 3.1538461538461537 5.0 0.5547001962252293 13 41.0
1076 2.0 3.076923076923077 5.0 0.75955452531275 13 40.0
1077 3.0 3.076923076923077 4.0 0.2773500981126146 13 40.0
1078 3.0 3.0 3.0 0.0 13 39.0
1079 3.0 3.076923076923077 4.0 0.2773500981126146 13 40.0
1080 2.0 2.923076923076923 3.0 0.2773500981126146 13 38.0
1081 3.0 3.076923076923077 4.0 0.2773500981126146 13 40.0
1082 2.0 3.0 4.0 0.408248290463863 13 39.0
1083 3.0 3.0 3.0 0.0 13 39.0
1084 2.0 3.0 4.0 0.408248290463863 13 39.0
1085 2.0 2.8461538461538463 3.0 0.3755338080994054 13 37.0
1086 2.0 2.923076923076923 4.0 0.4935481167928244 13 38.0
1087 2.0 3.0 4.0 0.408248290463863 13 39.0
1088 3.0 3.076923076923077 4.0 0.2773500981126146 13 40.0
1089 2.0 2.923076923076923 3.0 0.2773500981126146 13 38.0
1090 2.0 2.8461538461538463 4.0 0.5547001962252293 13 37.0
1091 2.0 2.923076923076923 3.0 0.2773500981126146 13 38.0
1092 3.0 3.076923076923077 4.0 0.2773500981126146 13 40.0
1093 2.0 2.923076923076923 3.0 0.2773500981126146 13 38.0
1094 3.0 3.076923076923077 4.0 0.2773500981126146 13 40.0
1095 2.0 2.8461538461538463 3.0 0.37553380809940534 13 37.0
1096 2.0 3.0 4.0 0.408248290463863 13 39.0
1097 2.0 3.0 4.0 0.408248290463863 13 39.0
1098 2.0 2.8461538461538463 3.0 0.3755338080994054 13 37.0
1099 3.0 3.1538461538461537 4.0 0.3755338080994053 13 41.0
1100 2.0 2.923076923076923 3.0 0.2773500981126146 13 38.0
1101 2.0 3.0 4.0 0.408248290463863 13 39.0
1102 2.0 3.692307692307692 12.0 2.5293153020997403 13 48.0
1103 3.0 3.0 3.0 0.0 13 39.0
1104 2.0 3.0 4.0 0.408248290463863 13 39.0
1105 3.0 3.0 3.0 0.0 13 39.0
1106 2.0 2.8461538461538463 4.0 0.5547001962252293 13 37.0
1107 3.0 3.0 3.0 0.0 13 39.0
1108 2.0 3.0 4.0 0.5773502691896257 13 39.0
1109 2.0 2.8461538461538463 3.0 0.3755338080994054 13 37.0
1110 2.0 3.0 4.0 0.408248290463863 13 39.0
1111 2.0 2.923076923076923 3.0 0.2773500981126146 13 38.0
1112 3.0 3.076923076923077 4.0 0.2773500981126146 13 40.0
1113 3.0 3.076923076923077 4.0 0.2773500981126146 13 40.0
1114 2.0 2.923076923076923 3.0 0.2773500981126146 13 38.0
1115 2.0 2.769230769230769 4.0 0.599144689515278 13 36.0
1116 3.0 3.076923076923077 4.0 0.2773500981126146 13 40.0
1117 3.0 3.076923076923077 4.0 0.2773500981126146 13 40.0
1118 2.0 3.0 4.0 0.408248290463863 13 39.0
1119 2.0 2.8461538461538463 3.0 0.3755338080994054 13 37.0
1120 3.0 3.076923076923077 4.0 0.2773500981126146 13 40.0
1121 2.0 3.0 4.0 0.408248290463863 13 39.0
1122 2.0 2.8461538461538463 3.0 0.3755338080994054 13 37.0
1123 2.0 3.0 4.0 0.408248290463863 13 39.0
1124 3.0 3.076923076923077 4.0 0.2773500981126146 13 40.0
1125 3.0 3.0 3.0 0.0 13 39.0
1126 3.0 3.076923076923077 4.0 0.2773500981126146 13 40.0
1127 3.0 3.0 3.0 0.0 13 39.0
1128 3.0 3.076923076923077 4.0 0.2773500981126146 13 40.0
1129 3.0 3.0 3.0 0.0 13 39.0
1130 2.0 3.0 4.0 0.408248290463863 13 39.0
1131 2.0 3.0 4.0 0.408248290463863 13 39.0
1132 2.0 3.0 4.0 0.408248290463863 13 39.0
1133 3.0 3.076923076923077 4.0 0.2773500981126146 13 40.0
1134 3.0 3.230769230769231 4.0 0.4385290096535146 13 42.0
1135 3.0 3.0 3.0 0.0 13 39.0
1136 2.0 3.3846153846153846 8.0 1.445594545418455 13 44.0
1137 3.0 3.076923076923077 4.0 0.2773500981126146 13 40.0
1138 3.0 3.0 3.0 0.0 13 39.0
1139 2.0 2.923076923076923 4.0 0.4935481167928244 13 38.0
1140 3.0 3.076923076923077 4.0 0.2773500981126146 13 40.0
1141 3.0 3.076923076923077 4.0 0.2773500981126146 13 40.0
1142 2.0 3.0 4.0 0.408248290463863 13 39.0
1143 2.0 3.0 4.0 0.408248290463863 13 39.0
1144 3.0 3.076923076923077 4.0 0.2773500981126146 13 40.0
1145 2.0 3.0 4.0 0.408248290463863 13 39.0
1146 2.0 2.923076923076923 3.0 0.2773500981126146 13 38.0
1147 3.0 3.076923076923077 4.0 0.2773500981126146 13 40.0
1148 3.0 3.1538461538461537 4.0 0.3755338080994053 13 41.0
1149 2.0 2.8461538461538463 3.0 0.3755338080994054 13 37.0
1150 3.0 3.076923076923077 4.0 0.2773500981126146 13 40.0
1151 3.0 3.076923076923077 4.0 0.2773500981126146 13 40.0
1152 3.0 3.076923076923077 4.0 0.2773500981126146 13 40.0
1153 2.0 3.0 4.0 0.408248290463863 13 39.0
1154 3.0 3.0 3.0 0.0 13 39.0
1155 3.0 3.076923076923077 4.0 0.2773500981126146 13 40.0
1156 2.0 3.0 4.0 0.408248290463863 13 39.0
1157 3.0 3.0 3.0 0.0 13 39.0
1158 3.0 3.076923076923077 4.0 0.2773500981126146 13 40.0
1159 2.0 3.0 4.0 0.408248290463863 13 39.0
1160 2.0 2.923076923076923 3.0 0.2773500981126146 13 38.0
1161 3.0 3.076923076923077 4.0 0.2773500981126146 13 40.0
1162 2.0 2.923076923076923 3.0 0.2773500981126146 13 38.0
1163 2.0 3.0 4.0 0.408248290463863 13 39.0
1164 3.0 3.0 3.0 0.0 13 39.0
1165 2.0 3.0 4.0 0.408248290463863 13 39.0
1166 3.0 3.076923076923077 4.0 0.2773500981126146 13 40.0
1167 2.0 2.923076923076923 3.0 0.2773500981126146 13 38.0
1168 2.0 3.6153846153846154 11.0 2.2560460078960247 13 47.0
1169 3.0 3.076923076923077 4.0 0.2773500981126146 13 40.0
1170 2.0 2.923076923076923 3.0 0.2773500981126146 13 38.0
1171 2.0 3.0 4.0 0.408248290463863 13 39.0
1172 3.0 3.076923076923077 4.0 0.2773500981126146 13 40.0
1173 3.0 3.0 3.0 0.0 13 39.0
1174 3.0 3.076923076923077 4.0 0.2773500981126146 13 40.0
1175 2.0 2.923076923076923 3.0 0.2773500981126146 13 38.0
1176 3.0 3.076923076923077 4.0 0.2773500981126146 13 40.0
1177 2.0 3.076923076923077 4.0 0.49354811679282445 13 40.0
1178 3.0 3.076923076923077 4.0 0.2773500981126146 13 40.0
1179 3.0 3.076923076923077 4.0 0.2773500981126146 13 40.0
1180 2.0 3.076923076923077 4.0 0.4935481167928245 13 40.0
1181 2.0 2.8461538461538463 3.0 0.3755338080994054 13 37.0
1182 3.0 3.1538461538461537 4.0 0.37553380809940534 13 41.0
1183 3.0 3.0 3.0 0.0 13 39.0
1184 3.0 3.1538461538461537 4.0 0.37553380809940534 13 41.0
1185 2.0 2.923076923076923 4.0 0.4935481167928244 13 38.0
1186 2.0 3.0 4.0 0.408248290463863 13 39.0
1187 3.0 3.076923076923077 4.0 0.2773500981126146 13 40.0
1188 2.0 3.0 4.0 0.408248290463863 13 39.0
1189 2.0 2.8461538461538463 3.0 0.3755338080994054 13 37.0
1190 2.0 3.0 4.0 0.5773502691896257 13 39.0
1191 3.0 3.0 3.0 0.0 13 39.0
1192 3.0 3.076923076923077 4.0 0.2773500981126146 13 40.0
1193 3.0 3.0 3.0 0.0 13 39.0
1194 3.0 3.1538461538461537 4.0 0.37553380809940534 13 41.0
1195 2.0 2.923076923076923 4.0 0.49354811679282434 13 38.0
1196 2.0 2.8461538461538463 3.0 0.3755338080994054 13 37.0
1197 2.0 3.0 4.0 0.408248290463863 13 39.0
1198 3.0 3.076923076923077 4.0 0.2773500981126146 13 40.0
1199 3.0 3.076923076923077 4.0 0.2773500981126146 13 40.0
1200 3.0 3.076923076923077 4.0 0.2773500981126146 13 40.0
1201 2.0 2.923076923076923 3.0 0.2773500981126146 13 38.0
1202 3.0 3.1538461538461537 4.0 0.37553380809940534 13 41.0
1203 2.0 3.0 4.0 0.408248290463863 13 39.0
1204 2.0 2.8461538461538463 3.0 0.3755338080994054 13 37.0
1205 2.0 2.923076923076923 4.0 0.49354811679282434 13 38.0
1206 3.0 3.1538461538461537 4.0 0.37553380809940534 13 41.0
1207 3.0 3.0 3.0 0.0 13 39.0
1208 3.0 3.076923076923077 4.0 0.2773500981126146 13 40.0
1209 2.0 2.923076923076923 3.0 0.2773500981126146 13 38.0
1210 2.0 3.0 4.0 0.5773502691896257 13 39.0
1211 3.0 3.076923076923077 4.0 0.2773500981126146 13 40.0
1212 3.0 3.0 3.0 0.0 13 39.0
1213 3.0 3.076923076923077 4.0 0.2773500981126146 13 40.0
1214 3.0 3.076923076923077 4.0 0.2773500981126146 13 40.0
1215 2.0 3.0 4.0 0.408248290463863 13 39.0
1216 2.0 2.923076923076923 3.0 0.2773500981126146 13 38.0
1217 3.0 3.076923076923077 4.0 0.2773500981126146 13 40.0
1218 2.0 2.923076923076923 4.0 0.49354811679282445 13 38.0
1219 2.0 2.923076923076923 4.0 0.49354811679282445 13 38.0
1220 2.0 3.0 4.0 0.408248290463863 13 39.0
1221 2.0 2.8461538461538463 3.0 0.3755338080994054 13 37.0
1222 2.0 2.923076923076923 4.0 0.4935481167928245 13 38.0
1223 3.0 3.1538461538461537 4.0 0.37553380809940534 13 41.0
1224 3.0 3.0 3.0 0.0 13 39.0
1225 3.0 3.076923076923077 4.0 0.2773500981126146 13 40.0
1226 2.0 3.692307692307692 13.0 2.8102376941169767 13 48.0
1227 3.0 3.076923076923077 4.0 0.2773500981126146 13 40.0
1228 3.0 3.1538461538461537 4.0 0.37553380809940534 13 41.0
1229 2.0 2.8461538461538463 3.0 0.37553380809940534 13 37.0
1230 2.0 3.0 4.0 0.408248290463863 13 39.0
1231 2.0 2.8461538461538463 3.0 0.3755338080994054 13 37.0
1232 3.0 3.1538461538461537 4.0 0.37553380809940534 13 41.0
1233 2.0 2.8461538461538463 3.0 0.3755338080994054 13 37.0
1234 3.0 3.076923076923077 4.0 0.2773500981126146 13 40.0
1235 3.0 3.0 3.0 0.0 13 39.0
1236 2.0 3.0 4.0 0.408248290463863 13 39.0
1237 2.0 2.923076923076923 4.0 0.49354811679282445 13 38.0
1238 2.0 3.0 4.0 0.408248290463863 13 39.0
1239 3.0 3.076923076923077 4.0 0.2773500981126146 13 40.0
1240 2.0 2.923076923076923 3.0 0.2773500981126146 13 38.0
1241 2.0 3.0 4.0 0.5773502691896257 13 39.0
1242 2.0 2.8461538461538463 3.0 0.3755338080994054 13 37.0
1243 3.0 3.076923076923077 4.0 0.2773500981126146 13 40.0
1244 2.0 2.923076923076923 4.0 0.4935481167928245 13 38.0
1245 2.0 2.923076923076923 3.0 0.2773500981126146 13 38.0
1246 3.0 3.1538461538461537 4.0 0.37553380809940534 13 41.0
1247 3.0 3.0 3.0 0.0 13 39.0
1248 2.0 3.0 4.0 0.408248290463863 13 39.0
1249 2.0 2.923076923076923 4.0 0.49354811679282434 13 38.0
1250 2.0 3.0 4.0 0.408248290463863 13 39.0
1251 3.0 3.076923076923077 4.0 0.2773500981126146 13 40.0
1252 2.0 2.923076923076923 3.0 0.2773500981126146 13 38.0
1253 2.0 3.0 4.0 0.408248290463863 13 39.0
1254 2.0 2.8461538461538463 3.0 0.3755338080994054 13 37.0
1255 2.0 3.0 4.0 0.408248290463863 13 39.0
1256 2.0 3.0 4.0 0.408248290463863 13 39.0
1257 2.0 2.769230769230769 4.0 0.599144689515278 13 36.0
1258 3.0 3.076923076923077 4.0 0.2773500981126146 13 40.0
1259 2.0 2.769230769230769 3.0 0.4385290096535146 13 36.0
1260 2.0 3.0 4.0 0.408248290463863 13 39.0
1261 3.0 3.1538461538461537 5.0 0.5547001962252293 13 41.0
1262 2.0 3.0 5.0 0.816496580927726 13 39.0
1263 2.0 3.076923076923077 5.0 0.75955452531275 13 40.0
1264 3.0 3.230769230769231 5.0 0.599144689515278 13 42.0
1265 2.0 2.6923076923076925 3.0 0.48038446141526137 13 35.0
1266 2.0 3.0 4.0 0.408248290463863 13 39.0
1267 3.0 3.0 3.0 0.0 13 39.0
1268 2.0 2.6153846153846154 4.0 0.6504436355879909 13 34.0
1269 3.0 3.0 3.0 0.0 13 39.0
1270 2.0 2.8461538461538463 3.0 0.3755338080994054 13 37.0
1271 2.0 2.8461538461538463 4.0 0.5547001962252291 13 37.0
1272 3.0 3.076923076923077 4.0 0.2773500981126146 13 40.0
1273 2.0 2.6923076923076925 4.0 0.6304251719561152 13 35.0
1274 2.0 2.923076923076923 3.0 0.2773500981126146 13 38.0
1275 2.0 2.923076923076923 4.0 0.49354811679282456 13 38.0
1276 2.0 2.923076923076923 3.0 0.2773500981126146 13 38.0
1277 2.0 2.8461538461538463 3.0 0.37553380809940534 13 37.0
1278 2.0 2.923076923076923 4.0 0.4935481167928245 13 38.0
1279 2.0 2.769230769230769 3.0 0.4385290096535146 13 36.0
1280 2.0 3.0 4.0 0.408248290463863 13 39.0
1281 2.0 2.8461538461538463 3.0 0.3755338080994054 13 37.0
1282 2.0 3.0 4.0 0.5773502691896257 13 39.0
1283 2.0 2.6923076923076925 3.0 0.4803844614152614 13 35.0
1284 2.0 2.8461538461538463 3.0 0.3755338080994054 13 37.0
1285 2.0 2.923076923076923 4.0 0.49354811679282434 13 38.0
1286 2.0 2.923076923076923 4.0 0.49354811679282456 13 38.0
1287 2.0 2.769230769230769 3.0 0.4385290096535146 13 36.0
1288 2.0 2.769230769230769 3.0 0.4385290096535146 13 36.0
1289 2.0 2.8461538461538463 4.0 0.5547001962252293 13 37.0
1290 2.0 2.923076923076923 3.0 0.2773500981126146 13 38.0
1291 2.0 2.6923076923076925 3.0 0.4803844614152614 13 35.0
1292 2.0 2.923076923076923 4.0 0.4935481167928244 13 38.0
1293 2.0 2.6923076923076925 3.0 0.48038446141526137 13 35.0
1294 2.0 2.8461538461538463 4.0 0.5547001962252291 13 37.0
1295 2.0 2.923076923076923 3.0 0.2773500981126146 13 38.0
1296 2.0 2.5384615384615383 3.0 0.5188745216627708 13 33.0
1297 2.0 2.8461538461538463 3.0 0.3755338080994054 13 37.0
1298 2.0 2.8461538461538463 4.0 0.5547001962252291 13 37.0
