##bucket, min, mean, max, stddev, count,total
0 5.0 11.0 36.0 12.296340919151518 6 66.0
1 4.0 7.5 19.0 5.683308895353129 6 45.0
2 5.0 7.0 15.0 3.9496835316262997 6 42.0
3 5.0 8.833333333333334 23.0 6.968978882638881 6 53.0
4 5.0 12.5 27.0 10.483320084782301 6 75.0
5 5.0 7.166666666666667 15.0 3.8686776379877745 6 43.0
6 5.0 6.5 10.0 1.760681686165901 6 39.0
7 3.0 5.833333333333333 9.0 1.9407902170679516 6 35.0
8 3.0 6.833333333333334 15.0 4.167333280008531 6 41.0
tot,3.0,8.129629629629628,36.0,6.477963505685435,54
