##bucket, min, mean, max, stddev, count,total
0 0.0 0.6199999999999999 4.0 0.7253429871306346 50 31.0
1 0.0 0.3400000000000001 1.0 0.4785181206984066 50 17.0
2 0.0 0.23999999999999994 2.0 0.4763809143009451 50 12.0
3 0.0 0.38000000000000006 2.0 0.5674864018868913 50 19.0
4 0.0 0.2799999999999999 1.0 0.45355736761107274 50 14.0
5 0.0 0.34000000000000014 1.0 0.47851812069840666 50 17.0
6 0.0 0.34 1.0 0.4785181206984064 50 17.0
7 0.0 0.33999999999999997 1.0 0.47851812069840666 50 17.0
8 0.0 0.19999999999999996 1.0 0.4040610178208844 50 10.0
tot,0.0,0.3422222222222223,4.0,0.5197604763104564,450
