##ver, min, mean, max, stddev, count,total
0 0.0 0.6599999999999999 6.0 1.0993504575754856 50 33.0
1 0.0 0.47999999999999987 2.0 0.5799366608624124 50 24.0
2 0.0 0.43999999999999995 4.0 0.7329003050503237 50 22.0
3 0.0 0.3000000000000001 3.0 0.6144518047887589 50 15.0
4 0.0 0.35999999999999993 1.0 0.4848732213850612 50 18.0
5 0.0 0.27999999999999997 1.0 0.4535573676110727 50 14.0
6 0.0 0.22000000000000003 1.0 0.41845195759648035 50 11.0
7 0.0 0.2600000000000002 2.0 0.5272183453498841 50 13.0
8 0.0 0.4 2.0 0.5345224838248488 50 20.0
