##ver, min, mean, max, stddev, count,total
0 1.0 2.230769230769231 8.0 2.047512562185564 13 29.0
1 1.0 2.5384615384615383 8.0 2.145358735168574 13 33.0
2 1.0 2.4615384615384617 7.0 1.8980421761815787 13 32.0
3 1.0 2.307692307692308 7.0 1.8432134703923737 13 30.0
4 1.0 2.3076923076923075 5.0 1.3155870289605438 13 30.0
5 1.0 2.3076923076923075 6.0 1.4366984945013912 13 30.0
6 1.0 2.230769230769231 5.0 1.3634420996046583 13 29.0
7 1.0 2.230769230769231 5.0 1.3008872711759818 13 29.0
8 1.0 2.4615384615384617 5.0 1.6641005886756872 13 32.0
