##ver, min, mean, max, stddev, count,total
0 0.0 9.130434782608695 43.0 7.968294661140694 46 420.0
1 0.0 5.173913043478261 14.0 3.8661169024463864 46 238.0
2 0.0 5.41304347826087 14.0 3.913373577058953 46 249.0
3 0.0 5.456521739130435 14.0 3.9367585184832263 46 251.0
4 0.0 5.91304347826087 24.0 4.778777560825092 46 272.0
5 0.0 5.978260869565217 19.0 4.434657097778725 46 275.0
6 0.0 5.891304347826087 15.0 4.0782799253801185 46 271.0
7 0.0 6.108695652173913 16.0 4.295880511836971 46 281.0
8 0.0 6.608695652173913 16.0 4.553280921462945 46 304.0
