##bucket, min, mean, max, stddev, count,total
0 0.0 0.54 4.0 0.7615773105863906 50 27.0
1 0.0 0.30000000000000004 1.0 0.46291004988627565 50 15.0
2 0.0 0.27999999999999997 1.0 0.4535573676110728 50 14.0
3 0.0 0.2799999999999999 1.0 0.45355736761107274 50 14.0
4 0.0 0.23999999999999994 1.0 0.4314191105868999 50 12.0
5 0.0 0.34 2.0 0.5194188275056527 50 17.0
6 0.0 0.30000000000000004 1.0 0.46291004988627565 50 15.0
7 0.0 0.28 1.0 0.4535573676110727 50 14.0
8 0.0 0.44 1.0 0.5014265364224069 50 22.0
tot,0.0,0.33333333333333387,4.0,0.5126463069994552,450
