##bucket, min, mean, max, stddev, count,total
0 0.0 3.1399999999999997 11.0 2.373407092028209 50 157.0
1 0.0 3.0599999999999996 9.0 2.054462539578323 50 153.0
2 0.0 3.06 10.0 2.0445048300260873 50 153.0
3 1.0 3.42 14.0 2.515989682338276 50 171.0
4 0.0 3.0599999999999996 11.0 2.2534327555251052 50 153.0
5 0.0 3.26 9.0 2.136275607075958 50 163.0
6 0.0 3.42 13.0 2.4751004927031945 50 171.0
7 0.0 3.34 11.0 2.326510920074197 50 167.0
8 0.0 3.32 10.0 2.1800580407926042 50 166.0
tot,0.0,3.231111111111112,14.0,2.2524247980616483,450
