##ver, min, mean, max, stddev, count,total
0 0.0 0.5799999999999998 5.0 0.8351951989853413 50 29.0
1 0.0 0.3000000000000001 2.0 0.5439837932759934 50 15.0
2 0.0 0.36 2.0 0.5252793231671495 50 18.0
3 0.0 0.3400000000000001 2.0 0.5194188275056527 50 17.0
4 0.0 0.32 2.0 0.5126959555693245 50 16.0
5 0.0 0.36000000000000004 1.0 0.48487322138506106 50 18.0
6 0.0 0.21999999999999997 1.0 0.41845195759648024 50 11.0
7 0.0 0.2600000000000002 1.0 0.443087497693452 50 13.0
8 0.0 0.27999999999999997 1.0 0.4535573676110727 50 14.0
