##bucket, min, mean, max, stddev, count,total
0 1.0 2.615384615384616 11.0 2.72453242283459 13 34.0
1 1.0 2.153846153846154 8.0 1.9513309067639726 13 28.0
2 1.0 2.153846153846154 7.0 1.6756169931378435 13 28.0
3 1.0 2.1538461538461537 4.0 0.8987170342729172 13 28.0
4 1.0 2.076923076923077 4.0 0.9540735874430285 13 27.0
5 1.0 2.1538461538461537 4.0 1.0681880176381129 13 28.0
6 1.0 1.7692307692307692 4.0 0.9268086959962983 13 23.0
7 1.0 1.7692307692307692 4.0 1.0127393670836669 13 23.0
8 1.0 1.7692307692307692 3.0 0.7250110520819841 13 23.0
tot,1.0,2.0683760683760686,11.0,1.4367497786040906,117
