##bucket, min, mean, max, stddev, count,total
0 0.0 0.6744186046511628 4.0 0.8083177779325507 43 29.0
1 0.0 0.3720930232558141 1.0 0.48908348756353337 43 16.0
2 0.0 0.4651162790697675 3.0 0.6672201467675357 43 20.0
3 0.0 0.3255813953488372 1.0 0.4741373235154427 43 14.0
4 0.0 0.3488372093023256 2.0 0.5293176618571608 43 15.0
5 0.0 0.37209302325581406 2.0 0.5355573782764613 43 16.0
6 0.0 0.3255813953488372 1.0 0.47413732351544274 43 14.0
7 0.0 0.5348837209302325 2.0 0.5498414147691576 43 23.0
8 0.0 0.4418604651162792 2.0 0.5896861789038764 43 19.0
tot,0.0,0.42894056847545164,4.0,0.5821077158325577,387
