##bucket, min, mean, max, stddev, count,total
0 0.0 6.5 49.0 7.4914766383018385 46 299.0
1 0.0 5.673913043478261 21.0 4.2898036620499544 46 261.0
2 1.0 6.326086956521739 32.0 5.461193796337888 46 291.0
3 0.0 5.826086956521739 15.0 4.073242485763164 46 268.0
4 0.0 5.913043478260869 15.0 4.220721828505544 46 272.0
5 0.0 6.1521739130434785 16.0 4.447058410052139 46 283.0
6 0.0 6.3478260869565215 17.0 4.507856801947008 46 292.0
7 0.0 6.739130434782608 17.0 4.814029416928519 46 310.0
8 0.0 6.521739130434783 17.0 4.544785194458382 46 300.0
tot,0.0,6.22222222222222,49.0,4.937271294376573,414
