##bucket, min, mean, max, stddev, count,total
0 0.0 0.7399999999999998 7.0 1.0843976979627628 50 37.0
1 0.0 0.38000000000000006 1.0 0.4903143514780144 50 19.0
2 0.0 0.3 2.0 0.5050762722761053 50 15.0
3 0.0 0.42000000000000004 2.0 0.5746338674605359 50 21.0
4 0.0 0.26 1.0 0.443087497693452 50 13.0
5 0.0 0.47999999999999987 1.0 0.5046720495044483 50 24.0
6 0.0 0.21999999999999995 1.0 0.41845195759648035 50 11.0
7 0.0 0.23999999999999982 1.0 0.43141911058690025 50 12.0
8 0.0 0.3600000000000001 1.0 0.4848732213850611 50 18.0
tot,0.0,0.3777777777777778,7.0,0.5965337473727033,450
