##bucket, min, mean, max, stddev, count,total
0 0.0 0.8799999999999999 4.0 0.895339406628137 50 44.0
1 0.0 0.6199999999999999 3.0 0.6353530273696312 50 31.0
2 0.0 0.5 3.0 0.6776309271789385 50 25.0
3 0.0 0.5200000000000002 4.0 0.8141603913585712 50 26.0
4 0.0 0.6000000000000001 4.0 0.7559289460184543 50 30.0
5 0.0 0.54 3.0 0.6764251772429551 50 27.0
6 0.0 0.64 4.0 0.8750510189207746 50 32.0
7 0.0 0.6999999999999998 4.0 0.7354021529276427 50 35.0
8 0.0 0.6800000000000003 9.0 1.3767752917893448 50 34.0
tot,0.0,0.6311111111111118,9.0,0.8530887734185932,450
