##bucket, min, mean, max, stddev, count,total
0 0.0 1.0 10.0 1.4427864197660112 50 50.0
1 0.0 0.6200000000000003 4.0 0.8053393251117374 50 31.0
2 0.0 0.6599999999999999 3.0 0.6262945776223707 50 33.0
3 0.0 0.6400000000000001 3.0 0.6311634866964152 50 32.0
4 0.0 0.6199999999999999 3.0 0.6667006794044592 50 31.0
5 0.0 0.7200000000000002 3.0 0.6401530429259449 50 36.0
6 0.0 0.7200000000000002 3.0 0.6401530429259451 50 36.0
7 0.0 0.6000000000000002 4.0 0.7284313590846834 50 30.0
8 0.0 0.7200000000000002 3.0 0.6074369035848372 50 36.0
tot,0.0,0.6999999999999982,10.0,0.7960089757862642,450
