##ver, min, mean, max, stddev, count,total
0 0.0 0.6200000000000001 3.0 0.6966391622992345 50 31.0
1 0.0 0.27999999999999986 2.0 0.49651849134236503 50 14.0
2 0.0 0.36 1.0 0.4848732213850611 50 18.0
3 0.0 0.44000000000000006 2.0 0.5405967979549856 50 22.0
4 0.0 0.26000000000000006 1.0 0.44308749769345207 50 13.0
5 0.0 0.2600000000000001 1.0 0.4430874976934521 50 13.0
6 0.0 0.3400000000000001 1.0 0.47851812069840655 50 17.0
7 0.0 0.36 1.0 0.4848732213850611 50 18.0
8 0.0 0.27999999999999997 1.0 0.4535573676110727 50 14.0
