##bucket, min, mean, max, stddev, count,total
0 10.0 19.3 61.0 15.24649322157576 10 193.0
1 10.0 17.1 28.0 6.8386158443552505 10 171.0
2 10.0 15.4 23.0 4.477102237434884 10 154.0
3 10.0 15.6 20.0 3.4383458555273667 10 156.0
4 10.0 14.9 19.0 3.2128215360057304 10 149.0
5 11.0 15.0 20.0 2.70801280154532 10 150.0
6 11.0 15.5 20.0 2.8771127502720115 10 155.0
7 11.0 16.1 22.0 3.4785054261852175 10 161.0
8 11.0 17.2 34.0 6.596295256514153 10 172.0
tot,10.0,16.233333333333334,61.0,6.442572589659643,90
