##ver, min, mean, max, stddev, count,total
0 0.0 0.6046511627906975 4.0 0.7910070399939847 43 26.0
1 0.0 0.5348837209302325 3.0 0.6305265074788243 43 23.0
2 0.0 0.4651162790697675 2.0 0.5498414147691575 43 20.0
3 0.0 0.4418604651162792 3.0 0.6655583256397216 43 19.0
4 0.0 0.4418604651162792 2.0 0.5478236413036653 43 19.0
5 0.0 0.5348837209302325 2.0 0.5915611794348884 43 23.0
6 0.0 0.32558139534883734 3.0 0.606352491878718 43 14.0
7 0.0 0.5348837209302325 2.0 0.5498414147691576 43 23.0
8 0.0 0.4418604651162792 2.0 0.5896861789038764 43 19.0
