##ver, min, mean, max, stddev, count,total
0 0.0 4.220000000000001 12.0 3.1834392901837663 50 211.0
1 0.0 0.5599999999999997 3.0 0.704504457482169 50 28.0
2 0.0 0.6000000000000002 6.0 1.01015254455221 50 30.0
3 0.0 0.5599999999999997 3.0 0.7045044574821689 50 28.0
4 0.0 0.54 4.0 0.7342912729083654 50 27.0
5 0.0 0.6000000000000002 4.0 0.7824607964359513 50 30.0
6 0.0 0.5200000000000004 4.0 0.8388524717658968 50 26.0
7 0.0 0.6 4.0 0.7824607964359513 50 30.0
8 0.0 0.6000000000000002 4.0 0.8806305718527107 50 30.0
