##bucket, min, mean, max, stddev, count,total
0 2.0 3.8600000000000003 28.0 3.5743416690835437 50 193.0
1 2.0 3.7399999999999998 18.0 2.164745354303731 50 187.0
2 2.0 3.5400000000000005 12.0 1.3433129925368734 50 177.0
3 2.0 3.9399999999999995 19.0 2.3422473073908305 50 197.0
4 3.0 3.6399999999999997 7.0 0.7494215456345147 50 182.0
5 2.0 3.7199999999999998 7.0 0.9044109595053951 50 186.0
6 2.0 3.8600000000000003 8.0 1.0303555954432546 50 193.0
7 2.0 3.92 7.0 0.8533248298896042 50 196.0
8 2.0 3.8800000000000003 8.0 1.136410388648648 50 194.0
tot,2.0,3.788888888888887,28.0,1.790188829574496,450
