##ver, min, mean, max, stddev, count, total
0 0.0 2.1020408163265323 49.0 7.272221399382219 49 103.0
1 0.0 1.6122448979591826 35.0 5.302579272276424 49 79.0
2 0.0 1.3469387755102047 26.0 4.0236334140102965 49 66.0
3 0.0 1.2448979591836729 16.0 3.1591837833324496 49 61.0
4 0.0 1.1428571428571432 24.0 3.6571847095819523 49 56.0
5 0.0 1.4693877551020411 23.0 3.835698767371282 49 72.0
6 0.0 1.5306122448979589 21.0 4.010933187428286 49 75.0
7 0.0 1.2040816326530615 24.0 3.719204618355549 49 59.0
8 0.0 1.8367346938775497 33.0 5.467125001526209 49 90.0
9 0.0 1.4897959183673464 32.0 4.861080336799244 49 73.0
10 0.0 1.5714285714285718 39.0 5.866571968932673 49 77.0
11 0.0 1.612244897959184 31.0 4.7688936808001445 49 79.0
12 0.0 1.591836734693877 19.0 3.4212471370523794 49 78.0
13 0.0 0.8163265306122455 17.0 2.5550070889314207 49 40.0
14 0.0 1.367346938775509 35.0 5.085493574665021 49 67.0
15 0.0 1.2448979591836729 30.0 4.45126673096593 49 61.0
16 0.0 1.306122448979591 21.0 3.4168947990869123 49 64.0
17 0.0 1.1428571428571432 21.0 3.29772648956823 49 56.0
18 0.0 1.2653061224489799 24.0 3.8717755950601567 49 62.0
19 0.0 1.4285714285714293 28.0 4.330127018922192 49 70.0
20 0.0 1.1428571428571432 24.0 3.7024766485871807 49 56.0
21 0.0 1.897959183673468 26.0 4.682613666351229 49 93.0
22 0.0 1.5714285714285716 28.0 4.354116825871045 49 77.0
23 0.0 1.510204081632653 22.0 3.7031655882703465 49 74.0
24 0.0 1.591836734693877 33.0 5.016299961736987 49 78.0
25 0.0 2.632653061224491 31.0 6.405381453483147 49 129.0
26 0.0 1.5306122448979589 25.0 4.021308041837502 49 75.0
27 0.0 2.0408163265306127 25.0 4.596009064365291 49 100.0
28 0.0 2.6734693877551 49.0 7.663190575466485 49 131.0
29 0.0 1.8163265306122458 34.0 5.348962007513524 49 89.0
30 0.0 1.3877551020408159 33.0 4.872611921626376 49 68.0
31 0.0 1.306122448979591 21.0 3.6240175774077765 49 64.0
32 0.0 1.7959183673469399 33.0 5.2080850280946756 49 88.0
33 0.0 1.4693877551020411 22.0 3.623430929475577 49 72.0
34 0.0 1.7755102040816317 35.0 5.390057614574765 49 87.0
35 0.0 1.7755102040816317 28.0 4.538103982403011 49 87.0
36 0.0 1.591836734693877 18.0 3.4756196530675068 49 78.0
37 0.0 2.4693877551020407 42.0 6.736412376085676 49 121.0
38 0.0 1.9591836734693868 33.0 5.0081566122737415 49 96.0
39 0.0 1.2653061224489794 26.0 3.8932393870875828 49 62.0
40 0.0 1.6326530612244912 26.0 4.136694924448643 49 80.0
41 0.0 1.4285714285714288 26.0 4.005204946899304 49 70.0
42 0.0 1.591836734693877 26.0 4.157915981128336 49 78.0
43 0.0 2.3265306122448997 32.0 5.269360156848742 49 114.0
44 0.0 1.26530612244898 27.0 4.091533484954441 49 62.0
45 0.0 1.224489795918368 28.0 4.204488207669911 49 60.0
46 0.0 1.8163265306122456 29.0 4.7331872162940885 49 89.0
47 0.0 1.795918367346939 26.0 4.44868703400572 49 88.0
48 0.0 1.9387755102040818 22.0 4.797604277420254 49 95.0
49 0.0 1.591836734693877 30.0 4.61392081706247 49 78.0
50 0.0 1.979591836734695 37.0 5.621720510359676 49 97.0
51 0.0 2.1632653061224505 28.0 4.925896444538081 49 106.0
52 0.0 1.7142857142857135 42.0 6.140711142313515 49 84.0
53 0.0 1.7755102040816317 21.0 4.00138156413116 49 87.0
54 0.0 2.265306122448981 37.0 6.122960579532045 49 111.0
55 0.0 1.7959183673469392 32.0 4.9664692012062845 49 88.0
56 0.0 1.7551020408163271 24.0 4.1659863390163405 49 86.0
57 0.0 1.9183673469387768 42.0 6.294298791677398 49 94.0
58 0.0 1.8775510204081638 23.0 4.507552241614552 49 92.0
59 0.0 10.71428571428571 437.0 62.32141151589338 49 525.0
60 0.0 1.9795918367346952 41.0 6.159307983039328 49 97.0
61 0.0 1.408163265306123 30.0 4.476412101909567 49 69.0
62 0.0 1.8163265306122458 24.0 4.9060908971559485 49 89.0
63 0.0 1.8367346938775497 31.0 4.9174304722059485 49 90.0
64 0.0 1.897959183673468 29.0 4.827201129878401 49 93.0
65 0.0 2.1224489795918364 31.0 5.174587958883077 49 104.0
66 0.0 1.7551020408163274 28.0 4.516315848513857 49 86.0
67 0.0 2.9387755102040822 36.0 6.404452107926261 49 144.0
68 0.0 10.571428571428575 446.0 63.577052988217964 49 518.0
69 0.0 1.4897959183673464 36.0 5.335113435921449 49 73.0
70 0.0 2.081632653061225 22.0 4.476032165386907 49 102.0
71 0.0 2.0612244897959178 33.0 5.308829764589152 49 101.0
72 0.0 1.897959183673468 28.0 4.6334153078443086 49 93.0
73 0.0 2.1020408163265323 44.0 6.871574595023036 49 103.0
74 0.0 1.9591836734693873 32.0 5.061946198817986 49 96.0
75 0.0 1.367346938775509 24.0 3.919469976662561 49 67.0
76 0.0 1.8367346938775497 30.0 5.124885928712263 49 90.0
77 0.0 2.367346938775509 52.0 7.669457492632218 49 116.0
78 0.0 2.591836734693877 42.0 7.044259978127989 49 127.0
79 0.0 2.0816326530612237 37.0 6.264439103296611 49 102.0
80 0.0 2.2857142857142865 34.0 5.982613698599186 49 112.0
81 0.0 2.2244897959183683 38.0 6.322134746673951 49 109.0
82 0.0 2.8775510204081636 43.0 7.221589890337014 49 141.0
83 0.0 1.918367346938776 31.0 4.885508906850089 49 94.0
84 0.0 2.5306122448979593 39.0 6.649254472045237 49 124.0
85 0.0 2.1224489795918364 36.0 5.622249894619684 49 104.0
86 0.0 1.8163265306122458 30.0 4.837671053770584 49 89.0
87 0.0 2.8979591836734677 48.0 7.453312736515168 49 142.0
88 0.0 1.9795918367346939 30.0 4.9644141812771165 49 97.0
89 0.0 2.2857142857142865 41.0 6.383572667401851 49 112.0
90 0.0 2.102040816326532 35.0 5.397703593347146 49 103.0
91 0.0 1.5714285714285707 27.0 4.281744192888378 49 77.0
92 0.0 1.8775510204081638 30.0 4.776821873472401 49 92.0
93 0.0 2.2244897959183683 32.0 5.071428571428575 49 109.0
94 0.0 2.1020408163265323 37.0 6.093866103027919 49 103.0
95 0.0 1.9387755102040818 36.0 5.617710696483735 49 95.0
96 0.0 2.102040816326532 37.0 5.842534046253619 49 103.0
97 0.0 2.510204081632654 39.0 6.258735392032727 49 123.0
98 0.0 1.8367346938775497 36.0 5.421204274173123 49 90.0
99 0.0 2.4489795918367347 22.0 4.800439322299038 49 120.0
100 0.0 2.2857142857142865 48.0 7.205322107072436 49 112.0
101 0.0 2.448979591836736 42.0 6.6051155190812665 49 120.0
102 0.0 2.0 37.0 5.923118547972287 49 98.0
103 0.0 2.142857142857142 40.0 6.535161308899222 49 105.0
104 0.0 1.9795918367346947 40.0 6.193039762232976 49 97.0
105 0.0 2.0 26.0 4.747806511081372 49 98.0
106 0.0 2.2653061224489814 33.0 6.629402657241204 49 111.0
107 0.0 1.897959183673468 27.0 4.606358368056699 49 93.0
108 0.0 3.3061224489795906 67.0 10.093735849593077 49 162.0
109 0.0 2.3265306122448997 50.0 7.484394194761866 49 114.0
110 0.0 2.448979591836736 48.0 7.237233657994473 49 120.0
111 0.0 2.326530612244898 34.0 5.756835629283245 49 114.0
112 0.0 2.448979591836736 58.0 8.631486026195493 49 120.0
113 0.0 1.7959183673469392 33.0 5.139631925199566 49 88.0
114 0.0 2.2040816326530632 38.0 6.278201679345022 49 108.0
115 0.0 3.020408163265305 50.0 7.72843719626411 49 148.0
116 0.0 1.7346938775510197 24.0 4.202060557056515 49 85.0
117 0.0 2.5918367346938775 54.0 8.524275060444864 49 127.0
118 0.0 2.469387755102041 37.0 6.076258582988952 49 121.0
119 0.0 2.551020408163264 40.0 7.032843262418229 49 125.0
120 0.0 2.3469387755102047 36.0 6.233481572685267 49 115.0
121 0.0 2.775510204081632 41.0 6.5391937134304765 49 136.0
122 0.0 2.8775510204081636 57.0 8.952729223215552 49 141.0
123 0.0 2.2040816326530632 33.0 5.412099068432751 49 108.0
124 0.0 1.9387755102040818 21.0 4.120114092601617 49 95.0
125 0.0 1.7551020408163274 40.0 5.9355237491623845 49 86.0
126 0.0 2.448979591836736 44.0 7.056501802385851 49 120.0
127 0.0 2.1428571428571423 23.0 4.708148963941845 49 105.0
128 0.0 2.8367346938775495 41.0 7.148271757260365 49 139.0
129 0.0 2.5306122448979593 36.0 6.055651770647555 49 124.0
130 0.0 2.3061224489795906 34.0 5.6058157361821275 49 113.0
131 0.0 2.142857142857142 33.0 5.416025603090644 49 105.0
132 0.0 2.551020408163264 55.0 8.193140485821546 49 125.0
133 0.0 1.4897959183673473 18.0 3.5888859052380497 49 73.0
134 0.0 2.9795918367346936 49.0 7.899076412041178 49 146.0
135 0.0 2.1020408163265323 40.0 6.225769356604263 49 103.0
136 0.0 1.6938775510204092 24.0 4.263234695395882 49 83.0
137 0.0 1.8775510204081638 26.0 4.3619216572764925 49 92.0
138 0.0 2.265306122448982 40.0 6.463923957254607 49 111.0
139 0.0 2.1632653061224505 37.0 5.8357623708457815 49 106.0
140 0.0 1.9795918367346943 30.0 5.202122146771642 49 97.0
141 0.0 1.8571428571428585 34.0 5.228129047119369 49 91.0
142 0.0 1.775510204081632 24.0 4.159653962583354 49 87.0
143 0.0 1.897959183673468 29.0 4.646884699986216 49 93.0
144 0.0 2.2448979591836724 35.0 5.524681786631459 49 110.0
145 0.0 1.7346938775510188 25.0 4.540445601315289 49 85.0
146 0.0 1.3877551020408159 19.0 3.245614518922751 49 68.0
147 0.0 1.7755102040816317 41.0 6.117819962080889 49 87.0
148 0.0 2.2040816326530632 36.0 5.866499495144498 49 108.0
149 0.0 2.632653061224491 44.0 6.912229131374755 49 129.0
150 0.0 1.9591836734693882 28.0 4.760773675191307 49 96.0
151 0.0 2.142857142857142 41.0 6.228295647018269 49 105.0
152 0.0 2.020408163265305 36.0 5.543351107101071 49 99.0
153 0.0 1.6938775510204094 30.0 4.857142857142858 49 83.0
154 0.0 2.326530612244899 33.0 5.36340903368231 49 114.0
155 0.0 2.0 31.0 4.83045891539648 49 98.0
156 0.0 1.8163265306122456 29.0 4.553723153401306 49 89.0
157 0.0 2.5918367346938775 36.0 6.448250303205446 49 127.0
158 0.0 2.142857142857143 27.0 4.7037219305566955 49 105.0
159 0.0 2.551020408163264 36.0 6.261859496486765 49 125.0
160 0.0 2.6734693877551003 30.0 5.713243952658161 49 131.0
161 0.0 2.6122448979591817 35.0 5.940034815170884 49 128.0
162 0.0 2.3265306122448983 32.0 6.192696488277004 49 114.0
163 0.0 1.7551020408163274 26.0 4.8756649642420475 49 86.0
164 0.0 1.8775510204081638 20.0 4.04985932400345 49 92.0
165 0.0 1.8979591836734682 18.0 3.7762685393960855 49 93.0
166 0.0 1.6326530612244912 21.0 3.806211357499629 49 80.0
167 0.0 1.632653061224491 20.0 3.822596617217042 49 80.0
168 0.0 1.7755102040816317 38.0 5.770850984771258 49 87.0
169 0.0 1.591836734693877 27.0 4.410774532073599 49 78.0
170 0.0 1.4285714285714293 26.0 4.237727378363704 49 70.0
171 0.0 1.4897959183673466 34.0 5.385638498898365 49 73.0
172 0.0 1.6530612244897953 28.0 4.562304883536402 49 81.0
173 0.0 1.5714285714285712 28.0 4.387482193696063 49 77.0
174 0.0 1.510204081632653 27.0 4.340326643715846 49 74.0
175 0.0 1.6326530612244912 20.0 3.6668212707047094 49 80.0
176 0.0 1.8775510204081638 23.0 4.4843833330293075 49 92.0
177 0.0 1.408163265306123 25.0 3.9471422539337366 49 69.0
178 0.0 1.3265306122448977 21.0 3.5082507221194574 49 65.0
179 0.0 2.448979591836735 33.0 6.55445530564833 49 120.0
180 0.0 1.6734693877551015 25.0 4.607004427599169 49 82.0
181 0.0 2.204081632653063 33.0 5.954618627015279 49 108.0
182 0.0 1.6938775510204092 23.0 4.219024776891838 49 83.0
183 0.0 2.020408163265305 43.0 6.41446865790654 49 99.0
184 0.0 2.2244897959183683 24.0 4.831603021265514 49 109.0
185 0.0 2.0408163265306127 34.0 5.469457558697626 49 100.0
186 0.0 2.4693877551020407 36.0 6.403456230870969 49 121.0
187 0.0 3.0 49.0 8.299096336348915 49 147.0
188 0.0 2.0204081632653064 28.0 4.985352695306386 49 99.0
189 0.0 2.0 26.0 5.062114182829147 49 98.0
190 0.0 2.183673469387754 33.0 5.596403120858645 49 107.0
191 0.0 1.9591836734693877 27.0 4.499811031557647 49 96.0
192 0.0 2.2244897959183683 28.0 5.1001033736355526 49 109.0
193 0.0 1.9183673469387759 27.0 4.654015894426899 49 94.0
194 0.0 1.8571428571428574 29.0 4.659220249498119 49 91.0
195 0.0 2.204081632653063 25.0 4.765236929387381 49 108.0
196 0.0 2.591836734693877 32.0 6.248060923688442 49 127.0
197 0.0 2.3469387755102047 40.0 6.697484043803823 49 115.0
198 0.0 2.5306122448979593 32.0 6.062528490710803 49 124.0
199 0.0 3.0408163265306127 31.0 6.357276617105361 49 149.0
200 0.0 2.1224489795918364 26.0 5.019265604735854 49 104.0
201 0.0 2.0816326530612237 40.0 6.2976077954710945 49 102.0
202 0.0 2.3061224489795906 41.0 6.348241494148373 49 113.0
203 0.0 2.1224489795918364 32.0 5.230649469956006 49 104.0
204 0.0 2.2448979591836724 40.0 6.446997402683208 49 110.0
205 0.0 2.6734693877551012 33.0 6.820275394922483 49 131.0
206 0.0 2.183673469387754 34.0 5.472177618750728 49 107.0
207 0.0 2.2244897959183683 25.0 5.128617853616643 49 109.0
208 0.0 2.489795918367346 33.0 6.278675712877909 49 122.0
209 0.0 2.4693877551020407 36.0 6.605244257457875 49 121.0
210 0.0 2.9591836734693864 47.0 8.051809278234385 49 145.0
211 0.0 2.4693877551020407 34.0 6.171513998526907 49 121.0
212 0.0 2.4897959183673475 32.0 5.98652114120961 49 122.0
213 0.0 2.4897959183673457 38.0 6.6805764751865775 49 122.0
214 0.0 1.755102040816327 27.0 5.010533123019021 49 86.0
215 0.0 2.1632653061224505 21.0 4.145011754986899 49 106.0
216 0.0 1.7755102040816317 27.0 4.624505857036915 49 87.0
217 0.0 2.3061224489795906 33.0 5.792250863699463 49 113.0
218 0.0 2.2448979591836724 26.0 5.444915871116596 49 110.0
219 0.0 2.1632653061224505 32.0 5.705797266726146 49 106.0
220 0.0 2.0 29.0 5.103103630798288 49 98.0
221 0.0 2.2448979591836724 27.0 5.301456608977453 49 110.0
222 0.0 1.918367346938775 23.0 4.577284196141298 49 94.0
223 0.0 2.2653061224489814 33.0 5.384296263998053 49 111.0
224 0.0 2.632653061224491 45.0 7.1841662632458005 49 129.0
225 0.0 1.8775510204081638 24.0 4.284821335546097 49 92.0
226 0.0 1.6530612244897953 26.0 4.470043905489829 49 81.0
227 0.0 1.7959183673469399 33.0 5.180008010920182 49 88.0
228 0.0 1.7142857142857135 27.0 4.5597880067681515 49 84.0
229 0.0 2.3061224489795906 27.0 4.933744696951178 49 113.0
230 0.0 2.204081632653063 34.0 5.634638378801604 49 108.0
231 0.0 1.755102040816327 26.0 4.5117005859066905 49 86.0
232 0.0 1.6530612244897953 33.0 5.084908309596818 49 81.0
233 0.0 1.8775510204081638 23.0 4.191423053198563 49 92.0
234 0.0 1.8979591836734682 27.0 4.97596262864108 49 93.0
235 0.0 1.591836734693877 29.0 4.769339434288126 49 78.0
236 0.0 2.0408163265306127 22.0 4.509061172024754 49 100.0
237 0.0 1.9591836734693877 28.0 4.609587760280512 49 96.0
238 0.0 2.1224489795918364 40.0 6.009134203656219 49 104.0
239 0.0 2.816326530612246 30.0 5.886685079439007 49 138.0
240 0.0 2.183673469387754 28.0 4.9777566457682285 49 107.0
241 0.0 1.6734693877551017 37.0 5.6250472409203 49 82.0
242 0.0 1.6530612244897953 32.0 4.964671105287181 49 81.0
243 0.0 1.6938775510204092 33.0 5.216975822705517 49 83.0
244 0.0 2.1224489795918364 32.0 5.222677526347737 49 104.0
245 0.0 2.1428571428571423 25.0 5.37354631505117 49 105.0
246 0.0 1.4897959183673475 22.0 4.067771958638168 49 73.0
247 0.0 2.0204081632653055 29.0 5.182059580572058 49 99.0
248 0.0 2.4693877551020407 23.0 4.869556964859696 49 121.0
249 0.0 2.3469387755102047 39.0 6.32637014279701 49 115.0
250 0.0 2.2244897959183683 39.0 6.420232686990565 49 109.0
251 0.0 1.8163265306122458 27.0 4.693406143142717 49 89.0
252 0.0 2.448979591836736 47.0 7.199714185559133 49 120.0
253 0.0 2.2857142857142865 31.0 5.578978401105347 49 112.0
254 0.0 2.591836734693877 32.0 6.02051481515126 49 127.0
255 0.0 2.1224489795918364 31.0 5.130109863432205 49 104.0
256 0.0 2.551020408163265 27.0 5.806107504493994 49 125.0
257 0.0 2.2857142857142865 27.0 5.163977794943221 49 112.0
258 0.0 1.8571428571428577 30.0 4.94974746830583 49 91.0
259 0.0 2.102040816326532 26.0 4.79689525439452 49 103.0
260 0.0 2.408163265306123 35.0 6.518941527537717 49 118.0
261 0.0 2.3877551020408174 34.0 5.747522388424614 49 117.0
262 0.0 2.142857142857142 34.0 6.204836822995434 49 105.0
263 0.0 2.183673469387754 31.0 5.352855427198621 49 107.0
264 0.0 1.9795918367346939 29.0 4.9518085749820075 49 97.0
265 0.0 2.2244897959183683 27.0 5.050846901438287 49 109.0
266 0.0 1.7142857142857135 34.0 5.228129047119377 49 84.0
267 0.0 1.7142857142857135 28.0 4.708148963941845 49 84.0
268 0.0 1.8367346938775497 27.0 4.647342156076554 49 90.0
269 0.0 1.9795918367346943 28.0 5.064129556327063 49 97.0
270 0.0 2.2653061224489806 25.0 4.885247819558738 49 111.0
271 0.0 2.2448979591836724 28.0 5.360078560699528 49 110.0
272 0.0 1.8775510204081638 23.0 4.548958915057859 49 92.0
273 0.0 2.3469387755102047 35.0 6.001912960354678 49 115.0
274 0.0 1.9795918367346943 31.0 5.406361206634151 49 97.0
275 0.0 1.8775510204081638 26.0 4.530602668985408 49 92.0
276 0.0 2.367346938775509 33.0 5.618770170712858 49 116.0
277 0.0 2.5306122448979593 21.0 5.1198227541599115 49 124.0
278 0.0 2.142857142857142 30.0 5.6457948953181125 49 105.0
279 0.0 1.9591836734693877 20.0 4.75201353670854 49 96.0
280 0.0 2.2653061224489806 23.0 4.658216353051537 49 111.0
281 0.0 1.9387755102040818 29.0 4.9261553774440685 49 95.0
282 0.0 1.7755102040816317 26.0 4.726985059750248 49 87.0
283 0.0 2.0 30.0 5.248015497944596 49 98.0
284 0.0 1.9387755102040818 28.0 5.059677868802958 49 95.0
285 0.0 1.959183673469388 28.0 5.167846036121934 49 96.0
286 0.0 1.8367346938775497 32.0 5.6174836402947905 49 90.0
287 0.0 2.3469387755102047 40.0 6.575050761553617 49 115.0
288 0.0 2.183673469387754 29.0 5.6075598874337835 49 107.0
289 0.0 1.551020408163266 25.0 4.311134926413403 49 76.0
290 0.0 1.9387755102040818 24.0 4.27886357218687 49 95.0
291 0.0 2.0408163265306127 27.0 5.373388067107003 49 100.0
292 0.0 2.448979591836735 26.0 5.404709460622424 49 120.0
293 0.0 2.571428571428572 30.0 6.496794081185995 49 126.0
294 0.0 2.6734693877551012 28.0 6.060073415060116 49 131.0
295 0.0 2.3877551020408183 38.0 6.297540282161139 49 117.0
296 0.0 2.612244897959182 37.0 6.34368559583272 49 128.0
297 0.0 1.8775510204081638 28.0 4.776821873472401 49 92.0
298 0.0 1.9387755102040818 24.0 4.575333153923086 49 95.0
299 0.0 2.1224489795918364 33.0 5.329292687047477 49 104.0
300 0.0 1.9183673469387759 34.0 5.322267431484901 49 94.0
301 0.0 1.6734693877551023 23.0 4.219931649831746 49 82.0
302 0.0 1.6734693877551026 23.0 4.074247144678186 49 82.0
303 0.0 2.26530612244898 26.0 4.940375787849551 49 111.0
304 0.0 2.367346938775509 27.0 5.186898067691892 49 116.0
305 0.0 2.0408163265306127 34.0 5.74804018656747 49 100.0
306 0.0 2.183673469387754 26.0 5.214856459305126 49 107.0
307 0.0 1.306122448979591 21.0 3.5190202331558895 49 64.0
308 0.0 1.5306122448979589 26.0 4.228386418089092 49 75.0
309 0.0 1.7755102040816317 30.0 4.753355420658344 49 87.0
310 0.0 1.918367346938776 35.0 5.567153426923992 49 94.0
311 0.0 2.081632653061224 29.0 5.05732445194541 49 102.0
312 0.0 2.510204081632654 33.0 6.474702209946267 49 123.0
313 0.0 2.489795918367346 34.0 5.838530240921049 49 122.0
314 0.0 2.612244897959182 28.0 5.60437450617303 49 128.0
315 0.0 2.510204081632654 30.0 5.867006792861506 49 123.0
316 0.0 1.8571428571428577 26.0 4.57802723160679 49 91.0
317 0.0 2.183673469387754 35.0 5.775932353986069 49 107.0
318 0.0 2.3265306122448988 28.0 5.343952014123226 49 114.0
319 0.0 2.1020408163265323 26.0 5.013502177284126 49 103.0
320 0.0 2.081632653061224 25.0 4.825439248978091 49 102.0
321 0.0 1.8571428571428574 24.0 4.411160089288682 49 91.0
322 0.0 2.020408163265305 33.0 5.821976310778439 49 99.0
323 0.0 1.8571428571428574 26.0 4.94974746830583 49 91.0
324 0.0 1.7959183673469397 33.0 5.318911197466131 49 88.0
325 0.0 150.0 7257.0 1036.4501314583351 49 7350.0
326 0.0 1.7755102040816317 26.0 4.8830715492507455 49 87.0
327 0.0 2.1224489795918364 31.0 5.45295276685495 49 104.0
328 0.0 1.8163265306122458 26.0 5.0194350171265745 49 89.0
329 0.0 2.0 36.0 5.697221545045737 49 98.0
330 0.0 1.5102040816326523 22.0 3.725600896609342 49 74.0
331 0.0 1.8775510204081638 26.0 4.395227776905808 49 92.0
332 0.0 1.83673469387755 25.0 4.459759610372845 49 90.0
333 0.0 1.6530612244897953 30.0 4.811232605442542 49 81.0
334 0.0 1.9387755102040818 32.0 5.12919813122751 49 95.0
335 0.0 1.734693877551019 29.0 4.512831290720204 49 85.0
336 0.0 1.8571428571428579 30.0 4.945536708319257 49 91.0
337 0.0 1.9387755102040818 38.0 5.91751694570629 49 95.0
338 0.0 1.7142857142857135 30.0 4.8776702088873005 49 84.0
339 0.0 1.6122448979591837 26.0 4.167414898804239 49 79.0
340 0.0 2.2857142857142865 40.0 6.461423991660042 49 112.0
341 0.0 2.1020408163265323 31.0 5.152850739959323 49 103.0
342 0.0 1.8163265306122458 27.0 4.507740885538616 49 89.0
343 0.0 2.551020408163265 32.0 6.048626650219163 49 125.0
344 0.0 1.5510204081632657 26.0 4.223255184539705 49 76.0
345 0.0 1.5306122448979589 27.0 4.425786374647293 49 75.0
346 0.0 2.979591836734695 36.0 7.142857142857144 49 146.0
347 0.0 1.1836734693877544 19.0 3.2829957697946868 49 58.0
348 0.0 1.8775510204081638 31.0 5.11791238796488 49 92.0
349 0.0 1.8367346938775497 26.0 4.370101728294924 49 90.0
350 0.0 1.612244897959183 34.0 5.10643518240552 49 79.0
351 0.0 1.8163265306122458 37.0 5.574022595142259 49 89.0
352 0.0 1.5510204081632657 23.0 3.9426155895642214 49 76.0
353 0.0 2.142857142857142 40.0 6.399869790342097 49 105.0
354 0.0 1.8367346938775497 29.0 4.691956498339786 49 90.0
355 0.0 1.6734693877551021 21.0 3.72708417701895 49 82.0
356 0.0 1.7346938775510192 29.0 4.6268037482878 49 85.0
357 0.0 2.0612244897959178 33.0 5.478777856668496 49 101.0
358 0.0 1.9795918367346947 26.0 5.0887531049624855 49 97.0
359 0.0 1.9795918367346943 22.0 4.327671602212749 49 97.0
360 0.0 2.1224489795918364 35.0 5.532602812198889 49 104.0
361 0.0 2.020408163265306 29.0 4.836880002983877 49 99.0
362 0.0 1.8367346938775497 26.0 4.565937922885755 49 90.0
363 0.0 2.1224489795918364 36.0 5.670216975056397 49 104.0
364 0.0 2.326530612244899 33.0 5.853730132367309 49 114.0
365 0.0 1.8163265306122458 26.0 4.470614561536605 49 89.0
366 0.0 2.4693877551020407 39.0 6.59577529185768 49 121.0
367 0.0 2.7959183673469368 31.0 6.258259848115183 49 137.0
368 0.0 2.591836734693877 30.0 6.075628799237365 49 127.0
369 0.0 1.5510204081632653 26.0 4.32560797504137 49 76.0
370 0.0 2.612244897959182 21.0 5.143022484114653 49 128.0
371 0.0 2.591836734693877 33.0 5.765986354428512 49 127.0
372 0.0 2.326530612244899 30.0 5.285151192657754 49 114.0
373 0.0 2.7142857142857135 32.0 6.133922073192645 49 133.0
374 0.0 1.4693877551020411 32.0 4.8092880658867 49 72.0
375 0.0 2.7142857142857135 33.0 6.284902544988263 49 133.0
376 0.0 2.6530612244897953 34.0 5.918019870165487 49 130.0
377 0.0 2.510204081632654 39.0 6.61476394445156 49 123.0
378 0.0 2.673469387755101 37.0 6.162344504806461 49 131.0
379 0.0 1.897959183673468 28.0 4.695941944732634 49 93.0
380 0.0 2.204081632653063 27.0 4.800085033260412 49 108.0
381 0.0 2.510204081632654 32.0 5.726846314288787 49 123.0
382 0.0 3.0 32.0 6.467869303977419 49 147.0
383 0.0 2.0408163265306127 30.0 5.247853464645768 49 100.0
384 0.0 2.7551020408163276 44.0 7.13130017436307 49 135.0
385 0.0 2.6122448979591817 52.0 7.907845067111649 49 128.0
386 0.0 2.489795918367346 28.0 4.950262825428191 49 122.0
387 0.0 1.8367346938775502 32.0 4.9258964445380835 49 90.0
388 0.0 2.408163265306123 43.0 6.7048439186001225 49 118.0
389 0.0 2.2244897959183683 38.0 5.952119041856894 49 109.0
390 0.0 2.6938775510204094 42.0 6.892641250011534 49 132.0
391 0.0 1.9183673469387756 30.0 4.834066329593704 49 94.0
392 0.0 2.5714285714285716 29.0 5.597618541248891 49 126.0
393 0.0 2.1632653061224505 40.0 6.2694595021404815 49 106.0
394 0.0 2.081632653061224 28.0 4.889771359233298 49 102.0
395 0.0 2.2448979591836724 28.0 5.348405573334051 49 110.0
396 0.0 2.5306122448979593 37.0 6.268645656547103 49 124.0
397 0.0 2.7346938775510186 35.0 5.953904566907058 49 134.0
398 0.0 2.7959183673469363 53.0 8.108584935724842 49 137.0
399 0.0 2.2857142857142865 32.0 5.4237133650909914 49 112.0
400 0.0 1.9591836734693873 28.0 4.782603822158792 49 96.0
401 0.0 1.7346938775510203 32.0 5.003230249066108 49 85.0
402 0.0 1.9591836734693868 32.0 5.251821841329082 49 96.0
403 0.0 1.7755102040816317 35.0 5.3977823614674145 49 87.0
404 0.0 1.4693877551020411 16.0 3.1031035594514536 49 72.0
405 0.0 1.6530612244897953 26.0 4.423191817041185 49 81.0
406 0.0 2.0816326530612237 40.0 6.095889102139105 49 102.0
407 0.0 2.1224489795918364 45.0 6.9240903525939235 49 104.0
408 0.0 1.591836734693877 24.0 3.8617697116895022 49 78.0
409 0.0 1.9795918367346939 30.0 4.832570899283183 49 97.0
410 0.0 3.0 31.0 6.031169040907409 49 147.0
411 0.0 2.0612244897959178 33.0 5.398333706128311 49 101.0
412 0.0 2.2040816326530632 43.0 6.563724780427444 49 108.0
413 0.0 2.142857142857142 33.0 5.522680508593636 49 105.0
414 0.0 1.8163265306122458 33.0 5.250688325463287 49 89.0
415 0.0 2.959183673469387 29.0 6.048275180004724 49 145.0
416 0.0 3.5102040816326547 60.0 9.24914962077504 49 172.0
417 0.0 2.7142857142857135 45.0 7.150174823037541 49 133.0
418 0.0 3.0408163265306136 33.0 6.281451476614402 49 149.0
419 0.0 2.3061224489795906 29.0 5.280483254528937 49 113.0
420 0.0 2.5714285714285725 50.0 7.670288999335894 49 126.0
421 0.0 2.2857142857142865 36.0 5.759050847723664 49 112.0
422 0.0 2.2653061224489814 34.0 6.153506826071082 49 111.0
423 0.0 2.5306122448979598 47.0 7.3004053563721385 49 124.0
424 0.0 2.0612244897959178 28.0 4.602572483882005 49 101.0
425 0.0 2.0612244897959178 37.0 5.966602059468552 49 101.0
426 0.0 2.2040816326530632 37.0 5.852277305448195 49 108.0
427 0.0 2.5510204081632644 32.0 6.0966562710288015 49 125.0
428 0.0 2.2244897959183683 30.0 5.0796378894991525 49 109.0
429 0.0 2.3061224489795906 30.0 5.062954019281681 49 113.0
430 0.0 2.367346938775509 35.0 5.5815689160509265 49 116.0
431 0.0 1.9387755102040818 36.0 5.658357253012672 49 95.0
432 0.0 2.2040816326530615 31.0 5.115253300329381 49 108.0
433 0.0 2.5510204081632644 30.0 5.319230930038178 49 125.0
434 0.0 2.326530612244899 30.0 5.3165925612731515 49 114.0
435 0.0 2.387755102040818 32.0 5.743896494434376 49 117.0
436 0.0 2.4693877551020407 40.0 6.535486595045054 49 121.0
437 0.0 2.6734693877551003 38.0 6.599835083488959 49 131.0
438 0.0 2.1428571428571432 29.0 5.496210815947052 49 105.0
439 0.0 2.367346938775509 28.0 5.833430514253677 49 116.0
440 0.0 2.6734693877551012 37.0 6.446535746371978 49 131.0
441 0.0 2.3469387755102047 39.0 6.253502420004872 49 115.0
442 0.0 1.9387755102040818 24.0 4.557083146347136 49 95.0
443 0.0 2.448979591836736 39.0 6.56080922501751 49 120.0
444 0.0 2.1020408163265323 41.0 6.161861521891416 49 103.0
445 0.0 1.6122448979591837 28.0 4.461951770855689 49 79.0
446 0.0 1.7959183673469394 32.0 5.1920596099425955 49 88.0
447 0.0 2.3265306122448988 32.0 5.546724841073785 49 114.0
448 0.0 1.8367346938775497 32.0 4.9512075074988475 49 90.0
449 0.0 1.9387755102040818 38.0 5.85736062312948 49 95.0
450 0.0 2.7142857142857135 30.0 5.873670062235363 49 133.0
451 0.0 2.0816326530612237 27.0 5.203511373317536 49 102.0
452 0.0 1.9795918367346939 27.0 4.593880875316498 49 97.0
453 0.0 2.367346938775509 32.0 5.747078524313542 49 116.0
454 0.0 2.0816326530612232 37.0 5.762076935640912 49 102.0
455 0.0 2.632653061224491 28.0 5.60020043373085 49 129.0
456 0.0 2.571428571428573 35.0 6.075908711186066 49 126.0
457 0.0 2.4489795918367356 32.0 5.279919603593241 49 120.0
458 0.0 2.2040816326530632 29.0 5.259830446557251 49 108.0
459 0.0 2.551020408163264 30.0 5.67179140017286 49 125.0
460 0.0 2.551020408163264 36.0 6.134130013327738 49 125.0
461 0.0 1.9387755102040818 33.0 5.169655707690256 49 95.0
462 0.0 1.918367346938776 27.0 4.559041998663559 49 94.0
463 0.0 1.9591836734693873 25.0 4.232607468971646 49 96.0
464 0.0 1.7551020408163274 35.0 5.371726182231433 49 86.0
465 0.0 2.5714285714285725 31.0 5.423713365090998 49 126.0
466 0.0 2.591836734693877 32.0 5.380978718856741 49 127.0
467 0.0 2.040816326530613 36.0 5.697072287856392 49 100.0
468 0.0 1.8163265306122456 34.0 5.290216872475372 49 89.0
469 0.0 1.8367346938775497 36.0 5.53529184256015 49 90.0
470 0.0 2.857142857142859 50.0 7.488880646220321 49 140.0
471 0.0 2.5306122448979593 39.0 6.271968194595181 49 124.0
472 0.0 2.408163265306123 34.0 6.09616808381482 49 118.0
473 0.0 2.0612244897959178 40.0 6.142095744617986 49 101.0
474 0.0 2.5306122448979593 34.0 5.668267080923428 49 124.0
475 0.0 3.020408163265306 38.0 6.700403582118418 49 148.0
476 0.0 2.591836734693877 36.0 6.528521933750074 49 127.0
477 0.0 1.9795918367346943 23.0 4.394550583385291 49 97.0
478 0.0 1.8979591836734682 34.0 5.248987592698167 49 93.0
479 0.0 1.5306122448979589 31.0 4.813618012196951 49 75.0
480 0.0 2.4897959183673457 43.0 6.6836942410229225 49 122.0
481 0.0 2.2857142857142865 35.0 6.188026071912323 49 112.0
482 0.0 2.3265306122448997 36.0 6.222900432749854 49 114.0
483 0.0 1.591836734693877 32.0 4.902883366563239 49 78.0
484 0.0 2.591836734693877 36.0 6.457935581344021 49 127.0
485 0.0 2.26530612244898 25.0 5.019858523089744 49 111.0
486 0.0 2.183673469387754 26.0 4.5399773741532155 49 107.0
487 0.0 2.0816326530612237 28.0 4.662960141252715 49 102.0
488 0.0 1.7142857142857135 24.0 4.349329450233297 49 84.0
489 0.0 2.142857142857142 28.0 4.966554808583782 49 105.0
490 0.0 2.0816326530612232 38.0 5.865992153555808 49 102.0
491 0.0 2.0612244897959178 39.0 6.279623672592785 49 101.0
492 0.0 2.1428571428571432 20.0 3.899786318932528 49 105.0
493 0.0 2.408163265306123 24.0 5.094598313193015 49 118.0
494 0.0 2.26530612244898 24.0 5.349359425062352 49 111.0
495 0.0 2.591836734693877 46.0 7.2021940156771445 49 127.0
496 0.0 2.0612244897959178 30.0 4.701099885777201 49 101.0
497 0.0 2.2040816326530632 24.0 4.864752442471314 49 108.0
498 0.0 2.0408163265306127 32.0 5.541356571550081 49 100.0
499 0.0 2.1632653061224505 23.0 4.175059574303051 49 106.0
500 0.0 2.489795918367346 30.0 6.007365094128174 49 122.0
501 0.0 1.9795918367346943 33.0 5.352140521629204 49 97.0
502 0.0 2.857142857142859 49.0 8.11890797254573 49 140.0
503 0.0 1.7142857142857135 27.0 4.237727378363707 49 84.0
504 0.0 2.081632653061224 30.0 5.243395586727327 49 102.0
505 0.0 1.7346938775510206 24.0 4.132067229830218 49 85.0
506 0.0 1.897959183673468 22.0 4.169556820770362 49 93.0
507 0.0 1.5306122448979589 24.0 4.026485444406031 49 75.0
508 0.0 1.83673469387755 34.0 5.425045847638487 49 90.0
509 0.0 2.020408163265305 36.0 5.775269820242052 49 99.0
510 0.0 2.5714285714285725 37.0 6.458198923332524 49 126.0
511 0.0 1.8775510204081638 33.0 5.113840097638731 49 92.0
512 0.0 2.0816326530612237 33.0 5.472799156943817 49 102.0
513 0.0 2.5102040816326543 38.0 6.195167636215858 49 123.0
514 0.0 1.7755102040816322 18.0 3.6415730696731505 49 87.0
515 0.0 1.7551020408163271 21.0 3.6885555678165898 49 86.0
516 0.0 1.551020408163266 27.0 4.411449235086073 49 76.0
517 0.0 2.4081632653061225 50.0 7.590889186350675 49 118.0
518 0.0 1.959183673469387 34.0 5.548870694690454 49 96.0
519 0.0 2.408163265306123 30.0 5.876926518693462 49 118.0
520 0.0 1.6326530612244912 28.0 4.512454420596308 49 80.0
521 0.0 2.6938775510204094 29.0 5.668642112654539 49 132.0
522 0.0 2.2448979591836724 27.0 5.640370157197491 49 110.0
523 0.0 1.9591836734693873 21.0 4.291266245106982 49 96.0
524 0.0 2.326530612244899 27.0 5.745968714027689 49 114.0
525 0.0 3.2040816326530637 32.0 6.695706310255648 49 157.0
526 0.0 2.2244897959183683 30.0 5.413198785231834 49 109.0
527 0.0 2.183673469387754 35.0 5.783141697309204 49 107.0
528 0.0 2.183673469387754 25.0 4.5582958684677095 49 107.0
529 0.0 1.4693877551020411 24.0 3.731074693348675 49 72.0
530 0.0 2.265306122448982 37.0 5.70736187671999 49 111.0
531 0.0 41.489795918367356 1956.0 279.24221284643585 49 2033.0
532 0.0 2.469387755102041 34.0 5.575624183355042 49 121.0
533 0.0 2.1632653061224505 27.0 4.727344827241423 49 106.0
534 0.0 2.2244897959183683 25.0 4.417131922613212 49 109.0
535 0.0 2.3061224489795906 31.0 5.264678217583088 49 113.0
536 0.0 1.5306122448979589 28.0 4.306497227137963 49 75.0
537 0.0 1.8775510204081638 24.0 4.070384160111226 49 92.0
538 0.0 1.9387755102040818 30.0 4.801944759093734 49 95.0
539 0.0 1.918367346938776 28.0 4.618065678641317 49 94.0
540 0.0 1.8367346938775497 26.0 4.346200154423741 49 90.0
541 0.0 1.8775510204081638 24.0 4.2555485988942765 49 92.0
542 0.0 1.8163265306122458 31.0 4.7813590701622815 49 89.0
543 0.0 1.408163265306123 24.0 3.8455513656850857 49 69.0
544 0.0 2.2448979591836724 42.0 6.863340453224704 49 110.0
545 0.0 1.897959183673468 27.0 4.4075923981579 49 93.0
546 0.0 2.4897959183673457 41.0 6.51319957528425 49 122.0
547 0.0 2.632653061224491 37.0 5.861931840098384 49 129.0
548 0.0 1.6326530612244912 20.0 3.7566267978013426 49 80.0
549 0.0 2.3061224489795906 34.0 5.4589532025862955 49 113.0
550 0.0 2.673469387755101 32.0 5.705946295685906 49 131.0
551 0.0 2.0612244897959178 19.0 4.68333999079586 49 101.0
552 0.0 2.5306122448979593 32.0 5.496597587054517 49 124.0
553 0.0 2.5510204081632644 29.0 5.664440338969198 49 125.0
554 0.0 2.8775510204081636 40.0 7.160751395225068 49 141.0
555 0.0 2.6938775510204094 40.0 6.500654074888196 49 132.0
556 0.0 2.1020408163265323 26.0 4.449929297000045 49 103.0
557 0.0 2.6530612244897953 37.0 5.724767172879044 49 130.0
558 0.0 2.9591836734693864 42.0 6.754502151878251 49 145.0
559 0.0 2.6530612244897953 29.0 5.437336282624073 49 130.0
560 0.0 2.857142857142859 42.0 7.150174823037544 49 140.0
561 0.0 2.2857142857142865 29.0 4.953954649233949 49 112.0
562 0.0 2.8367346938775513 47.0 7.500963656911879 49 139.0
563 0.0 3.3265306122449 43.0 7.43412109550181 49 163.0
564 0.0 2.897959183673468 29.0 5.504713502835488 49 142.0
565 0.0 3.2448979591836724 43.0 6.908722181190287 49 159.0
566 0.0 2.979591836734695 38.0 6.118584381205508 49 146.0
567 0.0 2.7551020408163276 44.0 6.768587408773272 49 135.0
568 0.0 3.408163265306121 48.0 7.9133809866235945 49 167.0
569 0.0 2.897959183673468 40.0 6.71517218058971 49 142.0
570 0.0 2.6530612244897953 29.0 5.509654482543061 49 130.0
571 0.0 3.102040816326532 42.0 7.569799914680659 49 152.0
572 0.0 2.795918367346937 33.0 6.258259848115183 49 137.0
573 0.0 2.5306122448979593 23.0 4.878106022561103 49 124.0
574 0.0 2.632653061224491 37.0 6.3268405673468555 49 129.0
575 0.0 2.3469387755102047 26.0 5.027221815642657 49 115.0
576 0.0 2.9387755102040822 40.0 6.650213540635701 49 144.0
577 0.0 3.632653061224491 45.0 7.535178270261813 49 178.0
578 0.0 3.3061224489795906 27.0 5.690650525323142 49 162.0
579 0.0 3.0204081632653055 48.0 7.445607754235512 49 148.0
580 0.0 2.6530612244897953 26.0 5.097184763867879 49 130.0
581 0.0 2.7346938775510186 40.0 6.4186431270040805 49 134.0
582 0.0 2.816326530612246 28.0 5.93602514801135 49 138.0
583 0.0 2.9591836734693864 38.0 6.642537114666947 49 145.0
584 0.0 2.632653061224491 31.0 5.911478514829648 49 129.0
585 0.0 2.183673469387754 18.0 4.029440973363815 49 107.0
586 0.0 2.489795918367346 30.0 5.884734661887166 49 122.0
587 0.0 2.5102040816326543 31.0 5.723207321145757 49 123.0
588 0.0 2.9387755102040822 50.0 7.859198865197455 49 144.0
589 0.0 2.7551020408163276 35.0 6.156062771247334 49 135.0
590 0.0 2.8571428571428585 29.0 5.887840577551896 49 140.0
591 0.0 2.5102040816326543 44.0 6.886346542796327 49 123.0
592 0.0 3.142857142857143 47.0 7.488880646220325 49 154.0
593 0.0 2.897959183673468 38.0 6.8014854319944416 49 142.0
594 0.0 1.7959183673469397 23.0 4.087478806452368 49 88.0
595 0.0 2.6530612244897953 27.0 5.356269770123624 49 130.0
596 0.0 3.0612244897959178 37.0 6.446601699297677 49 150.0
597 0.0 2.6734693877551 36.0 6.352124825278418 49 131.0
598 0.0 3.408163265306122 44.0 7.379358506861496 49 167.0
599 0.0 2.1020408163265323 23.0 4.770765565570443 49 103.0
600 0.0 2.2857142857142865 28.0 5.4772255750516585 49 112.0
601 0.0 2.673469387755101 36.0 5.720532300050267 49 131.0
602 0.0 1.9591836734693873 24.0 4.730042211199375 49 96.0
603 0.0 2.1020408163265323 23.0 4.194465092829597 49 103.0
604 0.0 2.0 23.0 4.128155358833612 49 98.0
605 0.0 2.0 20.0 4.051748593714406 49 98.0
606 0.0 1.8979591836734682 26.0 4.597304001437434 49 93.0
607 0.0 2.510204081632654 37.0 6.367634467169347 49 123.0
608 0.0 0.918367346938775 10.0 1.8352649070124907 49 45.0
609 0.0 2.2857142857142865 30.0 5.442885264269306 49 112.0
610 0.0 2.5510204081632644 39.0 6.304962412291461 49 125.0
611 0.0 1.6122448979591832 25.0 4.207217640211744 49 79.0
612 0.0 1.8163265306122458 22.0 4.136592143035512 49 89.0
613 0.0 1.6938775510204094 23.0 3.8253762431113296 49 83.0
614 0.0 1.6938775510204092 17.0 3.3615725587925693 49 83.0
615 0.0 1.9387755102040818 26.0 4.38467104080277 49 95.0
616 0.0 1.9591836734693873 25.0 4.353921525827174 49 96.0
617 0.0 1.7755102040816317 29.0 4.934003217986594 49 87.0
618 0.0 2.5714285714285725 33.0 5.827377912349033 49 126.0
619 0.0 1.7142857142857135 30.0 4.843380362240133 49 84.0
620 0.0 1.6734693877551012 23.0 4.033132338838512 49 82.0
621 0.0 1.9795918367346947 35.0 5.532064849276323 49 97.0
622 0.0 2.5510204081632644 38.0 6.711498915076634 49 125.0
623 0.0 1.7959183673469397 25.0 4.411063703144319 49 88.0
624 0.0 2.7551020408163276 37.0 6.848146380119033 49 135.0
625 0.0 1.7346938775510192 25.0 4.167210848817632 49 85.0
626 0.0 2.2244897959183683 36.0 5.639390134441439 49 109.0
627 0.0 2.9795918367346945 50.0 7.792864781105769 49 146.0
628 0.0 2.0 26.0 4.600724580614087 49 98.0
629 0.0 1.367346938775509 20.0 3.2767735499968835 49 67.0
630 0.0 1.3061224489795908 26.0 3.9168656773871935 49 64.0
631 0.0 1.448979591836734 25.0 3.9214220660887977 49 71.0
632 0.0 1.6734693877551017 28.0 4.355971739568377 49 82.0
633 0.0 1.7755102040816317 32.0 4.861692547021946 49 87.0
634 0.0 2.2244897959183683 36.0 5.860408497289425 49 109.0
635 0.0 2.408163265306123 24.0 4.499622055179277 49 118.0
636 0.0 1.551020408163266 25.0 3.932033106897944 49 76.0
637 0.0 1.7959183673469394 28.0 4.894638188180742 49 88.0
638 0.0 1.3877551020408159 21.0 3.4989065347298864 49 68.0
639 0.0 1.6938775510204092 24.0 4.04250377052315 49 83.0
640 0.0 2.448979591836736 25.0 4.560067728342948 49 120.0
641 0.0 2.0612244897959178 26.0 4.520362094941928 49 101.0
642 0.0 1.8367346938775497 28.0 4.5886950703854374 49 90.0
643 0.0 2.816326530612246 31.0 5.995392221627914 49 138.0
644 0.0 1.8775510204081638 25.0 4.414147015851539 49 92.0
645 0.0 2.959183673469387 33.0 6.334295487244643 49 145.0
646 0.0 2.448979591836735 22.0 4.663963016620967 49 120.0
647 0.0 2.2448979591836724 25.0 4.819796902035474 49 110.0
648 0.0 1.8571428571428574 16.0 3.708099243547831 49 91.0
649 0.0 1.918367346938776 18.0 3.882850835693393 49 94.0
650 0.0 2.204081632653063 26.0 4.522994914124629 49 108.0
651 0.0 2.4489795918367356 33.0 6.000212581268118 49 120.0
652 0.0 1.7755102040816317 25.0 4.109264462378727 49 87.0
653 0.0 2.0204081632653055 20.0 3.7831302951302086 49 99.0
654 0.0 2.0 22.0 4.036293679437445 49 98.0
655 0.0 1.5102040816326523 22.0 3.725600896609342 49 74.0
656 0.0 2.0 19.0 3.9370039370059056 49 98.0
657 0.0 1.857142857142857 28.0 4.573474244670748 49 91.0
658 0.0 2.1632653061224505 31.0 4.980574509931516 49 106.0
659 0.0 2.5306122448979593 22.0 4.890901590437791 49 124.0
660 0.0 1.9795918367346947 30.0 4.854078164794218 49 97.0
661 0.0 1.6938775510204094 20.0 3.57773253165007 49 83.0
662 0.0 3.3469387755102047 36.0 6.59719328075762 49 164.0
663 0.0 2.0816326530612237 22.0 4.177502915887057 49 102.0
664 0.0 2.8775510204081636 27.0 5.406911676507309 49 141.0
665 0.0 1.9387755102040818 25.0 4.705529386022481 49 95.0
666 0.0 2.2448979591836724 26.0 4.758897860170716 49 110.0
667 0.0 2.3265306122448983 24.0 5.371172106339392 49 114.0
668 0.0 1.979591836734695 27.0 4.745567211963743 49 97.0
669 0.0 1.8571428571428577 28.0 4.48144321991625 49 91.0
670 0.0 1.4693877551020411 23.0 3.9691625943869115 49 72.0
671 0.0 1.7551020408163274 30.0 4.785092354755278 49 86.0
672 0.0 2.3469387755102047 30.0 5.640445536510403 49 115.0
673 0.0 1.2448979591836729 25.0 3.8488667826003162 49 61.0
674 0.0 2.2857142857142865 39.0 6.1508806957486435 49 112.0
675 0.0 2.428571428571427 39.0 6.390096504226939 49 119.0
676 0.0 1.7755102040816317 29.0 4.528913161208628 49 87.0
677 0.0 2.591836734693877 23.0 4.885857001535738 49 127.0
678 0.0 2.591836734693877 34.0 5.93337441704037 49 127.0
679 0.0 2.0 24.0 4.430011286667337 49 98.0
680 0.0 2.795918367346936 41.0 6.99398429555933 49 137.0
681 0.0 2.204081632653063 25.0 4.782692720619207 49 108.0
682 0.0 2.4285714285714275 38.0 6.623820649745883 49 119.0
683 0.0 2.6734693877551 37.0 6.752739428996085 49 131.0
684 0.0 2.551020408163264 25.0 5.131849993300805 49 125.0
685 0.0 1.8775510204081638 25.0 4.404697554227497 49 92.0
686 0.0 2.8367346938775504 43.0 6.902134146936935 49 139.0
687 0.0 2.7755102040816317 34.0 5.824750731871307 49 136.0
688 0.0 2.5306122448979593 31.0 5.660911443164154 49 124.0
689 0.0 2.6734693877551003 34.0 5.973510117950058 49 131.0
690 0.0 2.591836734693877 34.0 5.89462455457986 49 127.0
691 0.0 2.0408163265306123 29.0 4.83459401808755 49 100.0
692 0.0 2.3265306122448997 32.0 5.308749676642483 49 114.0
693 0.0 2.6938775510204094 37.0 6.516658402486188 49 132.0
694 0.0 2.3469387755102047 34.0 5.536059897045322 49 115.0
695 0.0 2.5510204081632635 36.0 5.993264359852219 49 125.0
696 0.0 2.5510204081632635 37.0 6.045181360974609 49 125.0
697 0.0 2.9183673469387754 47.0 7.707779443236441 49 143.0
698 0.0 2.408163265306123 33.0 5.55247079891368 49 118.0
699 0.0 2.5510204081632644 28.0 5.066479812164934 49 125.0
700 0.0 2.9387755102040822 26.0 5.409898964187882 49 144.0
701 0.0 1.9387755102040818 24.0 4.346493621612841 49 95.0
702 0.0 2.2244897959183683 26.0 5.447726231046802 49 109.0
703 0.0 1.632653061224491 26.0 4.366987317509921 49 80.0
704 0.0 2.8775510204081636 24.0 5.670216975056397 49 141.0
705 0.0 3.204081632653063 25.0 5.461912027229776 49 157.0
706 0.0 2.142857142857142 28.0 5.078549661730866 49 105.0
707 0.0 2.142857142857142 30.0 5.381294763654317 49 105.0
708 0.0 2.510204081632654 33.0 6.154681311068543 49 123.0
709 0.0 2.183673469387754 32.0 5.414769421790404 49 107.0
710 0.0 2.734693877551018 29.0 5.66706681260274 49 134.0
711 0.0 2.408163265306123 23.0 5.082315611292663 49 118.0
712 0.0 2.714285714285714 25.0 5.381294763654311 49 133.0
713 0.0 2.1632653061224505 22.0 4.322166406905173 49 106.0
714 0.0 2.7551020408163276 32.0 5.699161532793288 49 135.0
715 0.0 2.6530612244897953 36.0 6.266814117530018 49 130.0
716 0.0 2.6938775510204094 21.0 4.984158578405573 49 132.0
717 0.0 2.8367346938775495 29.0 5.557828333289261 49 139.0
718 0.0 2.7959183673469363 37.0 6.4903119847865565 49 137.0
719 0.0 2.4897959183673457 21.0 4.623862242845945 49 122.0
720 0.0 2.367346938775509 21.0 4.319017430460991 49 116.0
721 0.0 2.7959183673469363 29.0 6.038003228982022 49 137.0
722 0.0 2.6530612244897953 27.0 5.498299056708979 49 130.0
723 0.0 2.7551020408163276 34.0 6.805422507839177 49 135.0
724 0.0 2.2040816326530632 28.0 4.856179876528184 49 108.0
725 0.0 2.632653061224491 29.0 5.6557267347317275 49 129.0
726 0.0 2.6938775510204094 27.0 5.409112995802593 49 132.0
727 0.0 2.4693877551020407 27.0 4.869556964859696 49 121.0
728 0.0 1.8775510204081638 28.0 4.612630544951298 49 92.0
729 0.0 2.0204081632653055 23.0 4.7674669895657 49 99.0
730 0.0 2.632653061224491 28.0 5.434051119066315 49 129.0
731 0.0 2.959183673469387 40.0 6.714285714285715 49 145.0
732 0.0 2.591836734693877 38.0 6.3275797352639085 49 127.0
733 0.0 2.612244897959182 33.0 5.936526504512174 49 128.0
734 0.0 2.8979591836734677 33.0 5.824677737720717 49 142.0
735 0.0 2.4489795918367356 26.0 4.869382338011825 49 120.0
736 0.0 3.0 35.0 6.281586848347584 49 147.0
737 0.0 2.7755102040816317 29.0 5.990497009578477 49 136.0
738 0.0 2.7551020408163276 24.0 5.242179143912458 49 135.0
739 0.0 2.7142857142857135 31.0 5.8807595881257795 49 133.0
740 0.0 2.734693877551018 33.0 5.901184592252365 49 134.0
741 0.0 2.4897959183673457 29.0 5.784758886431621 49 122.0
742 0.0 2.9591836734693873 40.0 6.894923203806885 49 145.0
743 0.0 2.816326530612246 40.0 6.654176224333843 49 138.0
744 0.0 2.816326530612246 34.0 6.625938516503893 49 138.0
745 0.0 2.734693877551018 26.0 5.600504107533838 49 134.0
746 0.0 3.163265306122448 48.0 7.966981179571481 49 155.0
747 0.0 2.2857142857142865 27.0 5.0083264004389045 49 112.0
748 0.0 1.9387755102040818 21.0 4.195275930860143 49 95.0
749 0.0 3.3061224489795906 47.0 8.031718583302107 49 162.0
750 0.0 2.8367346938775504 59.0 8.93109488149761 49 139.0
751 0.0 3.2857142857142847 40.0 7.297259759663214 49 161.0
752 0.0 2.3265306122449 41.0 6.51724556817666 49 114.0
753 0.0 3.5102040816326547 46.0 8.867361616671351 49 172.0
754 0.0 2.8367346938775495 45.0 7.1628292209838085 49 139.0
755 0.0 2.5714285714285725 35.0 6.003471218109295 49 126.0
756 0.0 2.2244897959183683 33.0 5.420890556151152 49 109.0
757 0.0 2.7755102040816317 32.0 5.973083047173825 49 136.0
758 0.0 3.163265306122448 64.0 9.507336944818622 49 155.0
759 0.0 3.571428571428573 44.0 7.678432999859631 49 175.0
760 0.0 3.0 49.0 8.049327094028834 49 147.0
761 0.0 2.5102040816326543 38.0 6.141126555783534 49 123.0
762 0.0 2.0408163265306123 28.0 4.618618045807777 49 100.0
763 0.0 3.2653061224489823 52.0 8.800510189292247 49 160.0
764 0.0 3.0612244897959178 31.0 5.945615202487827 49 150.0
765 0.0 3.6122448979591817 52.0 8.630894909496664 49 177.0
766 0.0 2.367346938775509 26.0 5.0854935746650245 49 116.0
767 0.0 2.448979591836736 42.0 6.988267621788782 49 120.0
768 0.0 3.5102040816326547 51.0 8.376859119472108 49 172.0
769 0.0 2.9183673469387768 40.0 6.732498095970387 49 143.0
770 0.0 2.3061224489795906 30.0 5.152685714074475 49 113.0
771 0.0 2.8979591836734695 55.0 8.292177282332583 49 142.0
772 0.0 2.265306122448982 37.0 5.981831903787507 49 111.0
773 0.0 2.6122448979591817 43.0 6.6796217661463055 49 128.0
774 0.0 2.5918367346938775 38.0 6.244725665668253 49 127.0
775 0.0 2.7142857142857135 42.0 7.0208024232751765 49 133.0
776 0.0 2.326530612244899 40.0 6.266271336495492 49 114.0
777 0.0 2.734693877551018 28.0 5.5519347611293774 49 134.0
778 0.0 3.020408163265305 35.0 6.98358132789082 49 148.0
779 0.0 2.5306122448979593 24.0 4.826584544721755 49 124.0
780 0.0 3.183673469387754 43.0 7.341870417304413 49 156.0
781 0.0 3.4489795918367365 42.0 8.124195407571646 49 169.0
782 0.0 2.6530612244897953 27.0 5.186324245906104 49 130.0
783 0.0 2.857142857142858 36.0 6.409628174343134 49 140.0
784 0.0 2.4693877551020407 34.0 6.442379350882735 49 121.0
785 0.0 3.020408163265305 30.0 5.987799386803022 49 148.0
786 0.0 2.7346938775510177 41.0 6.691958825722862 49 134.0
787 0.0 2.9387755102040822 30.0 6.731171775358858 49 144.0
788 0.0 3.3877551020408183 35.0 7.552086705371052 49 166.0
789 0.0 2.795918367346938 22.0 5.484750039263167 49 137.0
790 0.0 2.7755102040816317 22.0 5.628296464156392 49 136.0
791 0.0 2.448979591836735 25.0 4.9373627596529905 49 120.0
792 0.0 2.7959183673469363 35.0 6.244929916329246 49 137.0
793 0.0 2.2653061224489814 25.0 5.306346476170782 49 111.0
794 0.0 3.5510204081632635 77.0 11.26399356446941 49 174.0
795 0.0 2.1632653061224505 38.0 5.8996713848298 49 106.0
796 0.0 2.897959183673468 41.0 6.949954729946036 49 142.0
797 0.0 2.367346938775509 32.0 5.422537373280698 49 116.0
798 0.0 3.0 33.0 6.636389580688182 49 147.0
799 0.0 3.2857142857142847 46.0 7.51110289282917 49 161.0
800 0.0 2.6734693877551003 32.0 6.417384446116011 49 131.0
801 0.0 3.183673469387754 39.0 7.137557557817405 49 156.0
802 0.0 2.632653061224491 26.0 5.502627696348888 49 129.0
803 0.0 2.632653061224491 17.0 4.998724327061775 49 129.0
804 0.0 3.7959183673469363 42.0 8.263825768161535 49 186.0
805 0.0 3.1632653061224496 31.0 6.574404088253641 49 155.0
806 0.0 3.4081632653061202 41.0 7.328364890805392 49 167.0
807 0.0 3.183673469387754 25.0 6.600736920310977 49 156.0
808 0.0 2.8775510204081636 38.0 6.881837972340753 49 141.0
809 0.0 2.591836734693877 30.0 5.905217916339397 49 127.0
810 0.0 3.3061224489795906 35.0 6.433001119334626 49 162.0
811 0.0 2.5714285714285725 38.0 6.2383224240709705 49 126.0
812 0.0 2.2244897959183683 32.0 5.534984590924237 49 109.0
813 0.0 2.3061224489795906 32.0 5.719863349302485 49 113.0
814 0.0 2.6734693877551003 36.0 6.199421193083408 49 131.0
815 0.0 2.448979591836736 33.0 5.553006784953674 49 120.0
816 0.0 1.795918367346939 30.0 4.873309928566409 49 88.0
817 0.0 2.6734693877551003 38.0 6.276237444726343 49 131.0
818 0.0 2.4897959183673457 44.0 6.95558064009155 49 122.0
819 0.0 2.632653061224491 29.0 6.05424739869671 49 129.0
820 0.0 3.1632653061224483 45.0 7.690218188212402 49 155.0
821 0.0 2.3265306122448997 38.0 5.9700214792398345 49 114.0
822 0.0 3.3265306122449 49.0 8.352613750352942 49 163.0
823 0.0 2.8775510204081636 38.0 6.457013799805945 49 141.0
824 0.0 3.4081632653061225 40.0 7.435607931172976 49 167.0
825 0.0 2.897959183673469 39.0 6.564566810914943 49 142.0
826 0.0 2.6734693877551003 32.0 5.800099694193631 49 131.0
827 0.0 3.2448979591836724 34.0 6.656859282740177 49 159.0
828 0.0 3.4897959183673453 42.0 7.607897346890026 49 171.0
829 0.0 2.326530612244899 29.0 5.347849081258589 49 114.0
830 0.0 2.4285714285714275 33.0 5.515130702591434 49 119.0
831 0.0 2.6734693877551003 24.0 5.5052541384800495 49 131.0
832 0.0 3.2448979591836724 50.0 8.327991485158387 49 159.0
833 0.0 3.3061224489795906 37.0 7.15659393389717 49 162.0
834 0.0 3.265306122448982 33.0 6.294096143093411 49 160.0
835 0.0 3.7346938775510177 43.0 8.489639544282 49 183.0
836 0.0 3.734693877551018 39.0 7.669679236567635 49 183.0
837 0.0 2.5510204081632644 28.0 5.377659127080743 49 125.0
838 0.0 2.7755102040816335 38.0 6.497644785235801 49 136.0
839 0.0 2.9387755102040822 31.0 5.695056932936473 49 144.0
840 0.0 0.8571428571428568 10.0 2.0207259421636907 49 42.0
841 0.0 2.0408163265306127 25.0 4.107712175862363 49 100.0
842 0.0 1.5306122448979589 20.0 3.824820479536299 49 75.0
843 0.0 1.367346938775509 25.0 3.9034913728557425 49 67.0
844 0.0 2.4489795918367356 32.0 5.354364358826814 49 120.0
845 0.0 2.4285714285714275 36.0 5.813060008865096 49 119.0
846 0.0 2.102040816326532 31.0 4.904270664257769 49 103.0
847 0.0 1.6122448979591837 31.0 4.74700048508974 49 79.0
848 0.0 2.7142857142857135 38.0 6.367233831631019 49 133.0
849 0.0 2.2448979591836724 38.0 5.956546161734223 49 110.0
850 0.0 2.632653061224491 34.0 5.876130662657688 49 129.0
851 0.0 2.6122448979591826 31.0 5.46891338434265 49 128.0
852 0.0 2.448979591836735 36.0 5.975858461655661 49 120.0
853 0.0 2.6938775510204094 37.0 6.083461465429079 49 132.0
854 0.0 2.6938775510204094 38.0 6.2490135275919485 49 132.0
855 0.0 3.6122448979591812 40.0 8.47746111396422 49 177.0
856 0.0 2.9795918367346936 39.0 6.793041157189123 49 146.0
857 0.0 3.4081632653061216 34.0 6.984859719859982 49 167.0
858 0.0 3.2653061224489814 34.0 6.2742048307736455 49 160.0
859 0.0 3.7755102040816344 46.0 7.635621853420673 49 185.0
860 0.0 3.428571428571427 46.0 7.268654162452176 49 168.0
861 0.0 2.9387755102040822 36.0 6.279623672592792 49 144.0
862 0.0 3.4897959183673453 52.0 8.036693062084035 49 171.0
863 0.0 2.7551020408163276 45.0 7.131300174363069 49 135.0
864 0.0 3.6938775510204094 75.0 11.074001237193388 49 181.0
865 0.0 2.8367346938775495 29.0 5.587735598222792 49 139.0
866 0.0 3.2448979591836724 37.0 6.6693659501387925 49 159.0
867 0.0 2.0204081632653055 20.0 4.361239292135357 49 99.0
868 0.0 2.7755102040816317 45.0 7.012682873796255 49 136.0
869 0.0 2.6122448979591826 32.0 5.506875726953429 49 128.0
870 0.0 3.1224489795918364 51.0 7.9729559895238635 49 153.0
871 0.0 3.0612244897959178 48.0 7.490016030427071 49 150.0
872 0.0 3.7551020408163276 38.0 7.358471909543273 49 184.0
873 0.0 2.387755102040818 30.0 5.718450862961827 49 117.0
874 0.0 2.2448979591836724 33.0 5.746486652167338 49 110.0
875 0.0 2.6530612244897953 39.0 6.359215820393282 49 130.0
876 0.0 3.367346938775509 50.0 8.34339528597077 49 165.0
877 0.0 2.591836734693877 30.0 5.511043334928133 49 127.0
878 0.0 3.183673469387754 38.0 6.921203741004143 49 156.0
879 0.0 2.040816326530613 40.0 6.157512970866939 49 100.0
880 0.0 2.7959183673469368 40.0 6.8949848677521075 49 137.0
881 0.0 1.9387755102040818 38.0 5.702368525684841 49 95.0
882 0.0 2.6734693877551003 42.0 6.606145355847466 49 131.0
883 0.0 3.428571428571427 41.0 8.5 49 168.0
884 0.0 3.16326530612245 30.0 5.938388315217604 49 155.0
885 0.0 3.346938775510204 30.0 6.2900418003650955 49 164.0
886 0.0 3.2040816326530637 51.0 8.243632875935061 49 157.0
887 0.0 3.2653061224489823 49.0 7.634285357855704 49 160.0
888 0.0 2.489795918367346 37.0 5.930579120750599 49 122.0
889 0.0 3.734693877551019 42.0 7.806982745711478 49 183.0
890 0.0 3.591836734693877 34.0 6.651811680997573 49 176.0
891 0.0 2.734693877551018 36.0 6.317223513947409 49 134.0
892 0.0 3.408163265306123 31.0 6.775932799705326 49 167.0
893 0.0 3.7959183673469363 45.0 8.433513482521027 49 186.0
894 0.0 2.673469387755101 29.0 5.639842473797626 49 131.0
895 0.0 3.0204081632653055 34.0 6.568516435487188 49 148.0
896 0.0 3.0204081632653046 44.0 7.484678227102708 49 148.0
897 0.0 2.632653061224491 29.0 5.341246255755848 49 129.0
898 0.0 2.8367346938775495 33.0 5.913779596471803 49 139.0
899 0.0 3.979591836734694 42.0 9.03809022028061 49 195.0
900 0.0 3.5306122448979593 33.0 7.550116005776349 49 173.0
901 0.0 2.632653061224491 42.0 6.610263098492563 49 129.0
902 0.0 3.2448979591836724 34.0 7.081462337931152 49 159.0
903 0.0 9.530612244897965 300.0 42.84570283821565 49 467.0
904 0.0 3.1224489795918364 37.0 6.857576871185458 49 153.0
905 0.0 3.2244897959183683 30.0 7.039369367239894 49 158.0
906 0.0 2.3877551020408174 30.0 5.48412985551116 49 117.0
907 0.0 2.9387755102040822 36.0 6.786654070260817 49 144.0
908 0.0 3.816326530612246 41.0 7.889004662048507 49 187.0
909 0.0 3.040816326530613 35.0 7.1529690329537 49 149.0
910 0.0 3.2040816326530637 37.0 6.970113556693127 49 157.0
911 0.0 3.142857142857141 37.0 6.739188873051913 49 154.0
912 0.0 3.367346938775509 39.0 6.993133172235884 49 165.0
913 0.0 2.5306122448979593 32.0 5.515516146957316 49 124.0
914 0.0 2.7755102040816317 25.0 5.059089617223836 49 136.0
915 0.0 2.2040816326530632 39.0 6.531907556489961 49 108.0
916 0.0 3.1632653061224505 38.0 6.404252944904112 49 155.0
917 0.0 1.9591836734693868 37.0 5.937027818675591 49 96.0
918 0.0 2.9795918367346954 40.0 6.908599097979175 49 146.0
919 0.0 2.7346938775510177 36.0 6.009629460998688 49 134.0
920 0.0 2.408163265306123 31.0 5.929862165862074 49 118.0
921 0.0 3.2857142857142856 39.0 7.1121960977839604 49 161.0
922 0.0 2.26530612244898 20.0 4.554189967327167 49 111.0
923 0.0 2.7551020408163276 34.0 6.2634209643668965 49 135.0
924 0.0 3.2244897959183683 34.0 6.709027829854988 49 158.0
925 0.0 3.2448979591836724 45.0 7.766194403322902 49 159.0
926 0.0 3.7551020408163276 39.0 7.652697270257339 49 184.0
927 0.0 2.7142857142857135 34.0 5.787918451395109 49 133.0
928 0.0 3.959183673469388 47.0 8.036269822066785 49 194.0
929 0.0 2.5714285714285725 32.0 5.834523688071434 49 126.0
930 0.0 2.632653061224491 24.0 5.097768619500027 49 129.0
931 0.0 2.367346938775509 37.0 5.872584175468178 49 116.0
932 0.0 2.897959183673468 30.0 5.7309281460306245 49 142.0
933 0.0 3.4081632653061207 40.0 7.1732093216906145 49 167.0
934 0.0 2.7142857142857135 26.0 5.813060008865093 49 133.0
935 0.0 2.306122448979591 37.0 6.178605835301939 49 113.0
936 0.0 2.612244897959182 30.0 5.929503655909335 49 128.0
937 0.0 2.551020408163264 38.0 6.4745052078961844 49 125.0
938 0.0 2.816326530612246 45.0 7.192801579205635 49 138.0
939 0.0 2.9387755102040822 40.0 7.069323881111569 49 144.0
940 0.0 3.3877551020408188 44.0 8.46516471224525 49 166.0
941 0.0 2.9183673469387763 34.0 6.460897559852778 49 143.0
942 0.0 3.2857142857142847 34.0 7.552593373581469 49 161.0
943 0.0 2.4693877551020407 32.0 5.404866791514254 49 121.0
944 0.0 2.714285714285714 32.0 6.435578192102604 49 133.0
945 0.0 2.7551020408163276 40.0 6.540038902295414 49 135.0
946 0.0 2.2857142857142865 32.0 5.3307285305731575 49 112.0
947 0.0 3.183673469387754 43.0 7.471260127391921 49 156.0
948 0.0 2.3469387755102047 38.0 6.280097598790972 49 115.0
949 0.0 2.775510204081632 37.0 6.608912246991581 49 136.0
950 0.0 2.571428571428572 25.0 5.326818938165632 49 126.0
951 0.0 2.7551020408163276 38.0 6.485659219401223 49 135.0
952 0.0 3.1632653061224496 35.0 6.850629346927151 49 155.0
953 0.0 2.7551020408163276 41.0 6.612899679933965 49 135.0
954 0.0 2.9387755102040822 40.0 6.841686449216137 49 144.0
955 0.0 2.3877551020408174 28.0 5.396049197216008 49 117.0
956 0.0 2.5510204081632644 34.0 5.902193181669123 49 125.0
957 0.0 2.8979591836734677 35.0 6.68407590832864 49 142.0
958 0.0 3.2857142857142847 44.0 7.960841664045333 49 161.0
959 0.0 2.265306122448981 27.0 4.7512082244242615 49 111.0
960 0.0 2.4693877551020407 30.0 5.404866791514253 49 121.0
961 0.0 2.551020408163264 36.0 5.89512943203185 49 125.0
962 0.0 2.632653061224491 41.0 6.663626007259549 49 129.0
963 0.0 2.8775510204081636 39.0 6.7658229761218065 49 141.0
964 0.0 2.8979591836734686 43.0 7.0688427210517215 49 142.0
965 0.0 2.8367346938775495 39.0 6.587067312720651 49 139.0
966 0.0 2.8775510204081636 40.0 6.984007484547661 49 141.0
967 0.0 3.2448979591836724 36.0 6.543223632904815 49 159.0
968 0.0 2.510204081632654 36.0 5.888273830884826 49 123.0
969 0.0 2.0612244897959178 27.0 4.570777483396134 49 101.0
970 0.0 2.7551020408163276 37.0 6.355871997101374 49 135.0
971 0.0 2.3265306122448997 38.0 5.935022307954565 49 114.0
972 0.0 3.0 49.0 7.762087348130012 49 147.0
973 0.0 2.265306122448981 34.0 5.8905839771483395 49 111.0
974 0.0 2.9591836734693877 35.0 6.386702277889153 49 145.0
975 0.0 2.4693877551020407 37.0 6.261995291759135 49 121.0
976 0.0 2.081632653061224 24.0 4.1824869729518035 49 102.0
977 0.0 2.5306122448979593 38.0 6.154612229919948 49 124.0
978 0.0 2.6530612244897953 39.0 6.4341245856506015 49 130.0
979 0.0 2.0612244897959178 26.0 4.5662172677233 49 101.0
980 0.0 2.9387755102040822 38.0 6.394685825177116 49 144.0
981 0.0 2.7142857142857135 39.0 6.367233831631019 49 133.0
982 0.0 2.571428571428573 44.0 6.882949948968098 49 126.0
983 0.0 2.5102040816326543 45.0 7.202784325579678 49 123.0
984 0.0 2.9387755102040822 37.0 6.299497874385529 49 144.0
985 0.0 2.83673469387755 48.0 7.512065125448493 49 139.0
986 0.0 2.2653061224489806 34.0 5.540665988113408 49 111.0
987 0.0 2.2857142857142865 39.0 6.07590871118606 49 112.0
988 0.0 2.2448979591836724 39.0 6.19990125003649 49 110.0
989 0.0 1.857142857142858 38.0 5.656854249492375 49 91.0
990 0.0 2.816326530612246 28.0 6.267221172456725 49 138.0
991 0.0 3.0816326530612237 32.0 6.425329870565266 49 151.0
992 0.0 2.2653061224489814 28.0 4.729233157553495 49 111.0
993 0.0 2.4489795918367356 25.0 5.074697135830689 49 120.0
994 0.0 3.5510204081632635 41.0 7.508498586295948 49 174.0
995 0.0 3.0 35.0 6.601767440112787 49 147.0
996 0.0 2.897959183673468 29.0 6.252482500172712 49 142.0
997 0.0 3.0408163265306136 45.0 7.393575994496477 49 149.0
998 0.0 2.6734693877551003 37.0 6.8263818964308145 49 131.0
999 0.0 2.959183673469387 38.0 7.079781022018122 49 145.0
1000 0.0 2.2857142857142865 30.0 5.3346352577597385 49 112.0
1001 0.0 2.448979591836735 32.0 5.820442510703822 49 120.0
1002 0.0 2.5306122448979593 38.0 6.1478385118142835 49 124.0
1003 0.0 2.387755102040817 28.0 5.247286308697306 49 117.0
1004 0.0 2.2448979591836724 26.0 4.9435589922852206 49 110.0
1005 0.0 2.3265306122448997 31.0 5.269360156848742 49 114.0
1006 0.0 3.0612244897959178 42.0 7.057526016203398 49 150.0
1007 0.0 2.4693877551020407 34.0 6.03842570824661 49 121.0
1008 0.0 2.1224489795918364 27.0 4.530602668985408 49 104.0
1009 0.0 2.5510204081632644 29.0 5.690127504758408 49 125.0
1010 0.0 2.857142857142859 47.0 7.599342076785328 49 140.0
1011 0.0 2.1224489795918364 39.0 6.166551754766817 49 104.0
1012 0.0 1.6734693877551021 30.0 4.736330133051507 49 82.0
1013 0.0 2.591836734693878 49.0 7.579903163813439 49 127.0
1014 0.0 3.4285714285714275 32.0 7.55535130442876 49 168.0
1015 0.0 3.2244897959183683 38.0 6.976942101553903 49 158.0
1016 0.0 2.816326530612246 31.0 6.476474958737701 49 138.0
1017 0.0 2.4897959183673457 36.0 6.3348324398374 49 122.0
1018 0.0 1.7346938775510192 20.0 4.197099743692468 49 85.0
1019 0.0 1.9387755102040818 19.0 3.8859156110310016 49 95.0
1020 0.0 2.3877551020408174 27.0 5.175327391135964 49 117.0
1021 0.0 3.1224489795918364 38.0 6.8149121205547765 49 153.0
1022 0.0 2.591836734693877 38.0 6.386569134216154 49 127.0
1023 0.0 2.551020408163265 22.0 4.765593809142937 49 125.0
1024 0.0 2.2040816326530632 24.0 4.826055980459678 49 108.0
1025 0.0 2.489795918367347 28.0 5.511814768369516 49 122.0
1026 0.0 2.4693877551020407 40.0 6.406708856140328 49 121.0
1027 0.0 3.020408163265305 26.0 6.2532984493464445 49 148.0
1028 0.0 2.510204081632654 37.0 5.8918108739291455 49 123.0
1029 0.0 2.6530612244897953 30.0 5.779096744619657 49 130.0
1030 0.0 2.2244897959183683 29.0 5.005269332257296 49 109.0
1031 0.0 2.3061224489795906 35.0 5.546034926085528 49 113.0
1032 0.0 2.571428571428572 25.0 4.886205071423016 49 126.0
1033 0.0 2.489795918367346 24.0 5.311632081964036 49 122.0
1034 0.0 3.5510204081632635 39.0 7.54172069360887 49 174.0
1035 0.0 1.7755102040816324 28.0 4.606450667824641 49 87.0
1036 0.0 2.5714285714285725 43.0 6.885976086704532 49 126.0
1037 0.0 2.142857142857142 26.0 4.401704215414752 49 105.0
1038 0.0 2.2040816326530632 35.0 5.627238783500363 49 108.0
1039 0.0 2.591836734693877 24.0 5.411863385759332 49 127.0
1040 0.0 2.6734693877551 39.0 6.488411962562056 49 131.0
1041 0.0 1.5714285714285714 22.0 3.7137133258595334 49 77.0
1042 0.0 2.5510204081632644 20.0 4.628090069032237 49 125.0
1043 0.0 2.6122448979591817 42.0 6.716944762224523 49 128.0
1044 0.0 2.6734693877551012 31.0 5.386664688152126 49 131.0
1045 0.0 2.673469387755101 33.0 5.452017039217539 49 131.0
1046 0.0 3.4081632653061207 58.0 8.923093557699357 49 167.0
1047 0.0 2.6530612244897953 47.0 7.625480914911099 49 130.0
1048 0.0 2.4897959183673457 48.0 7.033024624878667 49 122.0
1049 0.0 2.6530612244897953 35.0 5.9426110297023635 49 130.0
1050 0.0 2.8367346938775495 36.0 6.40750516573959 49 139.0
1051 0.0 2.2857142857142865 32.0 5.564021327541197 49 112.0
1052 0.0 2.959183673469387 33.0 6.03793281289724 49 145.0
1053 0.0 3.102040816326532 35.0 6.259142972348475 49 152.0
1054 0.0 2.7755102040816317 39.0 6.215790731819135 49 136.0
1055 0.0 2.5306122448979593 31.0 5.164389447683712 49 124.0
1056 0.0 3.1632653061224505 42.0 7.611249729773656 49 155.0
1057 0.0 3.2244897959183683 44.0 7.703530862864258 49 158.0
1058 0.0 2.1020408163265323 33.0 5.248987592698171 49 103.0
1059 0.0 2.9183673469387768 32.0 5.908456985167806 49 143.0
1060 0.0 3.0612244897959178 34.0 6.381640865487055 49 150.0
1061 0.0 3.6122448979591812 48.0 8.351188354885517 49 177.0
1062 0.0 3.0204081632653046 36.0 7.096037027566771 49 148.0
1063 0.0 2.3265306122448988 28.0 5.026545181591927 49 114.0
1064 0.0 3.102040816326531 42.0 7.109983878202491 49 152.0
1065 0.0 2.897959183673468 42.0 6.708964456727478 49 142.0
1066 0.0 2.7959183673469363 40.0 6.367167056590448 49 137.0
1067 0.0 3.6326530612244916 49.0 8.330901005571114 49 178.0
1068 0.0 3.918367346938775 70.0 10.62394452540634 49 192.0
1069 0.0 3.3061224489795906 40.0 7.015471241099476 49 162.0
1070 0.0 3.4897959183673453 53.0 8.409128098331575 49 171.0
1071 0.0 2.5510204081632644 44.0 6.880107873699474 49 125.0
1072 0.0 3.102040816326532 50.0 7.805566651326432 49 152.0
1073 0.0 3.795918367346936 46.0 8.182755220168648 49 186.0
1074 0.0 3.0 37.0 6.639528095680697 49 147.0
1075 0.0 2.8775510204081636 51.0 7.946783031152779 49 141.0
1076 0.0 3.448979591836736 39.0 7.0061319109578255 49 169.0
1077 0.0 2.4489795918367356 31.0 5.473653656721581 49 120.0
1078 0.0 2.510204081632654 37.0 5.969095579802387 49 123.0
1079 0.0 3.0 30.0 5.916079783099616 49 147.0
1080 0.0 2.551020408163264 28.0 5.350472037157857 49 125.0
1081 0.0 2.448979591836736 38.0 6.248537243793533 49 120.0
1082 0.0 2.7755102040816317 29.0 6.302331929936889 49 136.0
1083 0.0 2.183673469387754 35.0 5.736119003689665 49 107.0
1084 0.0 3.1224489795918364 33.0 7.3133230393269955 49 153.0
1085 0.0 3.2040816326530637 37.0 7.208153924077739 49 157.0
1086 0.0 2.5306122448979593 31.0 5.675613185728352 49 124.0
1087 0.0 2.510204081632654 28.0 5.212654669885878 49 123.0
1088 0.0 3.1428571428571415 44.0 7.36545993132812 49 154.0
1089 0.0 3.0612244897959178 44.0 7.835305150581 49 150.0
1090 0.0 3.4693877551020393 45.0 7.599621813003616 49 170.0
1091 0.0 3.1632653061224505 45.0 7.263914632091492 49 155.0
1092 0.0 2.8571428571428577 64.0 9.38305209762083 49 140.0
1093 0.0 2.2653061224489806 26.0 4.807873361321344 49 111.0
1094 0.0 3.428571428571427 51.0 8.551315688243534 49 168.0
1095 0.0 2.367346938775509 30.0 5.4760610750757035 49 116.0
1096 0.0 2.673469387755101 34.0 5.687661188565858 49 131.0
1097 0.0 2.7551020408163276 37.0 5.903849775940334 49 135.0
1098 0.0 2.9387755102040822 33.0 6.192765144590457 49 144.0
1099 0.0 2.979591836734695 42.0 6.619069030455265 49 146.0
1100 0.0 3.367346938775509 51.0 7.849346781609237 49 165.0
1101 0.0 2.6938775510204094 23.0 5.432172990743254 49 132.0
1102 0.0 3.632653061224491 46.0 8.929571372577698 49 178.0
1103 0.0 2.551020408163264 36.0 5.733894925825564 49 125.0
1104 0.0 3.0204081632653046 43.0 7.057766986089296 49 148.0
1105 0.0 1.9387755102040818 30.0 4.771478471367247 49 95.0
1106 0.0 3.0 47.0 7.574628703771558 49 147.0
1107 0.0 3.7755102040816317 34.0 6.916963767080326 49 185.0
1108 0.0 3.0816326530612232 37.0 6.689035601558087 49 151.0
1109 0.0 2.5510204081632657 26.0 5.196397888961944 49 125.0
1110 0.0 1.9387755102040818 28.0 4.976646139994395 49 95.0
1111 0.0 2.5510204081632653 28.0 5.176313136497329 49 125.0
1112 0.0 2.551020408163265 20.0 4.903490357599861 49 125.0
1113 0.0 2.183673469387754 29.0 5.226827708195134 49 107.0
1114 0.0 2.591836734693877 33.0 5.729741003988672 49 127.0
1115 0.0 2.8367346938775495 30.0 4.925896444538082 49 139.0
1116 0.0 2.571428571428573 54.0 8.103497187428808 49 126.0
1117 0.0 2.7959183673469363 35.0 5.870049658495007 49 137.0
1118 0.0 2.816326530612246 55.0 8.040712731125877 49 138.0
1119 0.0 2.2857142857142865 27.0 4.937104414532872 49 112.0
1120 0.0 2.3469387755102047 35.0 5.875624152689946 49 115.0
1121 0.0 2.673469387755101 33.0 5.917445095865701 49 131.0
1122 0.0 3.204081632653064 43.0 6.99696241187541 49 157.0
1123 0.0 2.795918367346937 26.0 5.93358938528757 49 137.0
1124 0.0 2.7142857142857135 32.0 5.346338310781809 49 133.0
1125 0.0 3.3469387755102047 47.0 7.641855742139693 49 164.0
1126 0.0 2.8775510204081636 46.0 7.341754595750101 49 141.0
1127 0.0 2.9387755102040822 42.0 7.2468618589511555 49 144.0
1128 0.0 2.8571428571428577 38.0 6.570134448142338 49 140.0
1129 0.0 2.8979591836734686 45.0 7.509008195602972 49 142.0
1130 0.0 3.7346938775510177 44.0 7.571260105942517 49 183.0
1131 0.0 2.591836734693877 36.0 5.933374417040368 49 127.0
1132 0.0 2.8775510204081636 38.0 6.610070136608568 49 141.0
1133 0.0 3.1224489795918364 37.0 6.313453403451317 49 153.0
1134 0.0 2.8979591836734677 28.0 5.401561880447112 49 142.0
1135 0.0 2.510204081632654 34.0 5.646246721567912 49 123.0
1136 0.0 4.408163265306123 39.0 8.815040100464039 49 216.0
1137 0.0 7.857142857142854 243.0 34.91060010942235 49 385.0
1138 0.0 3.3061224489795906 35.0 6.558086870525621 49 162.0
1139 0.0 3.142857142857142 40.0 7.708220719898121 49 154.0
1140 0.0 2.6938775510204094 27.0 5.8743938752317675 49 132.0
1141 0.0 3.6530612244897953 42.0 8.11518900069535 49 179.0
1142 0.0 3.7755102040816326 34.0 7.223414780312382 49 185.0
1143 0.0 2.612244897959182 34.0 6.037439877308001 49 128.0
1144 0.0 4.510204081632655 46.0 9.011849719904877 49 221.0
1145 0.0 3.0 48.0 7.662136342648396 49 147.0
1146 0.0 3.428571428571427 41.0 7.500000000000001 49 168.0
1147 0.0 2.4693877551020407 27.0 5.458563764155084 49 121.0
1148 0.0 3.183673469387754 44.0 7.140475793518456 49 156.0
1149 0.0 3.0612244897959178 35.0 7.122172430940891 49 150.0
1150 0.0 2.2857142857142865 23.0 4.743416490252566 49 112.0
1151 0.0 2.408163265306123 27.0 5.098685971841743 49 118.0
1152 0.0 2.5510204081632644 38.0 6.034833691749493 49 125.0
1153 0.0 2.9387755102040822 39.0 7.048664658599366 49 144.0
1154 0.0 2.857142857142858 37.0 6.4999999999999964 49 140.0
1155 0.0 2.408163265306123 19.0 4.5134907377168485 49 118.0
1156 0.0 2.6938775510204094 25.0 5.196970598469895 49 132.0
1157 0.0 2.4285714285714284 22.0 4.668154524720307 49 119.0
1158 0.0 2.591836734693877 32.0 5.737008393415725 49 127.0
1159 0.0 2.6530612244897953 36.0 6.590874437458216 49 130.0
1160 0.0 2.367346938775509 31.0 5.286357747191593 49 116.0
1161 0.0 3.6326530612244916 44.0 8.378280147577573 49 178.0
1162 0.0 2.2448979591836724 31.0 5.250121475756924 49 110.0
1163 0.0 2.959183673469387 51.0 7.732397169467866 49 145.0
1164 0.0 3.0408163265306127 35.0 6.595324049637585 49 149.0
1165 0.0 2.2448979591836724 30.0 5.1822236710577 49 110.0
1166 0.0 2.7755102040816317 30.0 5.65414783633237 49 136.0
1167 0.0 3.0 34.0 5.855908696920288 49 147.0
1168 0.0 2.1428571428571423 24.0 4.232808366400097 49 105.0
1169 0.0 2.367346938775509 22.0 4.386028374048576 49 116.0
1170 0.0 2.5510204081632644 38.0 5.859682956759818 49 125.0
1171 0.0 2.3469387755102047 39.0 6.105158407746146 49 115.0
1172 0.0 3.183673469387754 34.0 6.710295166718805 49 156.0
1173 0.0 2.2448979591836724 39.0 6.2066181486810805 49 110.0
1174 0.0 2.734693877551018 45.0 6.812291312412449 49 134.0
1175 0.0 2.816326530612246 49.0 7.387132589249798 49 138.0
1176 0.0 2.9591836734693864 41.0 6.782204606153365 49 145.0
1177 0.0 3.3877551020408188 46.0 7.715828769836858 49 166.0
1178 0.0 3.2653061224489823 47.0 7.677823883877297 49 160.0
1179 0.0 2.8367346938775495 51.0 7.80583899712129 49 139.0
1180 0.0 3.0816326530612232 34.0 5.830368537143394 49 151.0
1181 0.0 3.1632653061224487 36.0 6.423741571881053 49 155.0
1182 0.0 2.5714285714285725 21.0 4.618802153517004 49 126.0
1183 0.0 3.7142857142857135 40.0 6.773108592072035 49 182.0
1184 0.0 2.8979591836734677 50.0 8.068056607074961 49 142.0
1185 0.0 3.571428571428573 53.0 8.650626181573987 49 175.0
1186 0.0 3.918367346938775 39.0 7.482860233821797 49 192.0
1187 0.0 2.2448979591836724 35.0 5.383348602577275 49 110.0
1188 0.0 2.1632653061224505 15.0 4.001806564829554 49 106.0
1189 0.0 2.183673469387754 24.0 4.684520027831715 49 107.0
1190 0.0 1.9591836734693873 30.0 4.699109772399579 49 96.0
1191 0.0 1.9795918367346934 25.0 4.249949979697644 49 97.0
1192 0.0 2.020408163265306 21.0 3.7164599863219268 49 99.0
1193 0.0 1.83673469387755 22.0 3.7547022672438715 49 90.0
1194 0.0 2.673469387755101 34.0 5.83233713553881 49 131.0
1195 0.0 2.8979591836734677 32.0 6.832047332117898 49 142.0
1196 0.0 3.4489795918367365 43.0 8.746573673182441 49 169.0
1197 0.0 2.2653061224489814 42.0 6.470366779287199 49 111.0
1198 0.0 2.6122448979591826 34.0 6.180669888621205 49 128.0
1199 0.0 2.306122448979591 31.0 5.184930414321925 49 113.0
1200 0.0 3.2857142857142847 35.0 7.242812529213591 49 161.0
1201 0.0 1.9183673469387748 22.0 3.9361398957495846 49 94.0
1202 0.0 2.7959183673469368 39.0 6.53509624972711 49 137.0
1203 0.0 2.6938775510204094 23.0 5.228942219483198 49 132.0
1204 0.0 3.0816326530612237 37.0 7.516195665289153 49 151.0
1205 0.0 3.3673469387755084 44.0 7.239054604340676 49 165.0
1206 0.0 2.367346938775509 34.0 5.765175183631392 49 116.0
1207 0.0 2.8775510204081636 45.0 7.0108031311838825 49 141.0
1208 0.0 2.7142857142857135 39.0 6.354132513569414 49 133.0
1209 0.0 3.653061224489799 77.0 11.268597628676199 49 179.0
1210 0.0 2.3877551020408165 26.0 5.036600732515485 49 117.0
1211 0.0 2.5306122448979593 34.0 5.447101831923732 49 124.0
1212 0.0 1.83673469387755 24.0 4.11980449968761 49 90.0
1213 0.0 3.1224489795918364 36.0 7.510083923913086 49 153.0
1214 0.0 3.204081632653063 33.0 6.557373686153927 49 157.0
1215 0.0 3.795918367346936 52.0 8.765414022919696 49 186.0
1216 0.0 3.3469387755102025 54.0 8.464511751050582 49 164.0
1217 0.0 3.4285714285714275 51.0 8.443439267660228 49 168.0
1218 0.0 2.897959183673468 28.0 5.424653974983044 49 142.0
1219 0.0 3.2244897959183674 39.0 6.361555450917805 49 158.0
1220 0.0 3.775510204081633 33.0 7.343549624564089 49 185.0
1221 0.0 3.4693877551020407 29.0 6.117263960901713 49 170.0
1222 0.0 2.6938775510204094 28.0 5.727143272874111 49 132.0
1223 0.0 3.7959183673469363 55.0 8.751141810826587 49 186.0
1224 0.0 2.1224489795918364 32.0 5.158458478804599 49 104.0
1225 0.0 2.6938775510204094 35.0 6.387501081645872 49 132.0
1226 0.0 2.9387755102040822 35.0 6.345628952493293 49 144.0
1227 0.0 2.1428571428571423 27.0 4.8776702088873005 49 105.0
1228 0.0 2.6530612244897953 30.0 6.250170065713426 49 130.0
1229 0.0 2.510204081632654 36.0 6.103695769025222 49 123.0
1230 0.0 3.040816326530613 38.0 7.251319373263135 49 149.0
1231 0.0 2.7346938775510177 53.0 7.978553310291923 49 134.0
1232 0.0 2.020408163265307 26.0 4.943386979585148 49 99.0
1233 0.0 2.4897959183673457 43.0 6.627350051678496 49 122.0
1234 0.0 2.0612244897959178 31.0 5.059677868802953 49 101.0
1235 0.0 3.1020408163265305 40.0 7.018561396869921 49 152.0
1236 0.0 3.0612244897959178 43.0 7.163007292289167 49 150.0
1237 0.0 3.0816326530612237 47.0 7.359338553537139 49 151.0
1238 0.0 2.020408163265306 30.0 4.841185271184319 49 99.0
1239 0.0 2.387755102040816 26.0 4.932107082384653 49 117.0
1240 0.0 2.0612244897959178 32.0 5.051436112901067 49 101.0
1241 0.0 2.2653061224489814 36.0 5.536904633924091 49 111.0
1242 0.0 3.4897959183673453 46.0 7.866390661594192 49 171.0
1243 0.0 2.0 22.0 4.291464396527911 49 98.0
1244 0.0 2.1020408163265323 25.0 4.53801029251433 49 103.0
1245 0.0 3.5306122448979593 38.0 6.724030415904849 49 173.0
1246 0.0 2.6734693877551 40.0 6.558670327328934 49 131.0
1247 0.0 3.9591836734693877 46.0 8.241053693939548 49 194.0
1248 0.0 3.5510204081632635 39.0 7.797064684038149 49 174.0
1249 0.0 2.3265306122448988 34.0 5.7241729937681844 49 114.0
1250 0.0 2.4285714285714293 30.0 5.188127472091128 49 119.0
1251 0.0 2.0408163265306127 34.0 5.143601136661091 49 100.0
1252 0.0 1.8571428571428572 23.0 4.148292821551214 49 91.0
1253 0.0 3.1224489795918364 43.0 7.007830896757648 49 153.0
1254 0.0 2.2448979591836724 33.0 5.414219750823203 49 110.0
1255 0.0 2.0612244897959178 24.0 4.229894419807793 49 101.0
1256 0.0 2.1428571428571415 38.0 5.787918451395115 49 105.0
1257 0.0 1.7959183673469385 20.0 3.9368959422194467 49 88.0
1258 0.0 2.551020408163264 36.0 5.873887215499474 49 125.0
1259 0.0 2.0816326530612237 27.0 4.680797362157245 49 102.0
1260 0.0 2.571428571428573 35.0 6.027713773341712 49 126.0
1261 0.0 1.8775510204081638 22.0 3.8385796692984018 49 92.0
1262 0.0 1.6938775510204094 29.0 4.421557425616817 49 83.0
1263 0.0 2.5306122448979593 24.0 4.774507133448114 49 124.0
1264 0.0 2.6530612244897953 37.0 6.029617941213758 49 130.0
1265 0.0 2.3877551020408174 30.0 5.20342966437607 49 117.0
1266 0.0 2.2448979591836724 32.0 5.433425148425016 49 110.0
1267 0.0 2.6734693877551003 36.0 5.871498087874881 49 131.0
1268 0.0 2.7142857142857135 36.0 5.8807595881257795 49 133.0
1269 0.0 2.1224489795918364 22.0 3.908498502522125 49 104.0
1270 0.0 2.551020408163264 33.0 5.530450646533381 49 125.0
1271 0.0 2.489795918367346 36.0 5.777551561069469 49 122.0
1272 0.0 2.6734693877551003 35.0 6.046306569241401 49 131.0
1273 0.0 3.3061224489795906 39.0 6.567610174284138 49 162.0
1274 0.0 2.9183673469387763 40.0 6.54419824059792 49 143.0
1275 0.0 2.6530612244897953 34.0 5.562339961773299 49 130.0
1276 0.0 2.734693877551018 35.0 5.879964250897851 49 134.0
1277 0.0 3.1632653061224505 40.0 6.820150715513033 49 155.0
1278 0.0 1.8367346938775497 18.0 3.77131132573887 49 90.0
1279 0.0 1.5510204081632648 21.0 3.5943313268360266 49 76.0
1280 0.0 2.102040816326532 20.0 4.253649893322909 49 103.0
1281 0.0 1.6938775510204092 27.0 4.272997004604678 49 83.0
1282 0.0 3.1632653061224505 24.0 5.237472906753754 49 155.0
1283 0.0 2.4897959183673457 37.0 5.631468314227614 49 122.0
1284 0.0 2.2653061224489806 29.0 5.453498533831599 49 111.0
1285 0.0 2.591836734693877 28.0 4.911374414505149 49 127.0
1286 0.0 2.2857142857142865 34.0 5.251983752196242 49 112.0
1287 0.0 2.6938775510204094 36.0 5.856634705018504 49 132.0
1288 0.0 2.632653061224491 30.0 5.592755274873546 49 129.0
1289 0.0 2.1224489795918364 40.0 6.286999327518473 49 104.0
1290 0.0 3.3061224489795906 35.0 6.3515223950399395 49 162.0
1291 0.0 2.2857142857142865 30.0 4.847679857416326 49 112.0
1292 0.0 2.7959183673469363 40.0 6.231571470600119 49 137.0
1293 0.0 2.8571428571428585 38.0 6.377042156569662 49 140.0
1294 0.0 2.510204081632654 21.0 4.903750473615376 49 123.0
1295 0.0 3.2653061224489823 43.0 7.020136246909315 49 160.0
1296 0.0 2.6734693877551003 18.0 4.398805496486332 49 131.0
1297 0.0 2.306122448979591 36.0 5.770629954175468 49 113.0
1298 0.0 2.5714285714285725 37.0 6.231639698613308 49 126.0
