##bucket, min, mean, max, stddev, count, total
0 0.0 1.673469387755102 34.0 5.067822326132962 49 82.0
1 0.0 0.8163265306122454 13.0 2.1858776782999065 49 40.0
2 0.0 0.6734693877551022 10.0 1.8527879342363234 49 33.0
3 0.0 0.6326530612244898 9.0 1.5638344641593354 49 31.0
4 0.0 0.6326530612244898 9.0 1.536959627953572 49 31.0
5 0.0 0.5714285714285716 9.0 1.4999999999999998 49 28.0
6 0.0 0.6326530612244898 9.0 1.4817483697620577 49 31.0
7 0.0 0.5918367346938774 9.0 1.4708043058552862 49 29.0
8 0.0 0.4897959183673469 9.0 1.4451419909993821 49 24.0
9 0.0 0.5306122448979591 9.0 1.444847754614169 49 26.0
10 0.0 0.4897959183673469 9.0 1.4012263821915638 49 24.0
11 0.0 0.6122448979591836 9.0 1.3966675596249971 49 30.0
12 0.0 0.4285714285714286 9.0 1.3994046353122223 49 21.0
13 0.0 0.6122448979591836 9.0 1.4407221356350588 49 30.0
14 0.0 0.4897959183673469 9.0 1.4012263821915636 49 24.0
15 0.0 0.5306122448979591 9.0 1.4303560281786278 49 26.0
16 0.0 0.5510204081632654 9.0 1.4003158050031062 49 27.0
17 0.0 0.5714285714285716 9.0 1.3994046353122218 49 28.0
18 0.0 0.5102040816326531 9.0 1.4012263821915645 49 25.0
19 0.0 0.673469387755102 9.0 1.4199142447996758 49 33.0
20 0.0 0.44897959183673464 9.0 1.400315805003106 49 22.0
21 0.0 0.5510204081632654 9.0 1.4297614091430888 49 27.0
22 0.0 0.6938775510204082 9.0 1.5969251917441873 49 34.0
23 0.0 0.4693877551020409 9.0 1.4009229222243478 49 23.0
24 0.0 0.5102040816326531 9.0 1.4012263821915647 49 25.0
25 0.0 0.6938775510204082 9.0 1.4172167799460118 49 34.0
26 0.0 0.5918367346938774 9.0 1.4276782922361924 49 29.0
27 0.0 0.5510204081632654 9.0 1.4003158050031062 49 27.0
28 0.0 0.5714285714285715 9.0 1.4288690166235205 49 28.0
29 0.0 0.6326530612244898 9.0 1.66700676802041 49 31.0
30 0.0 0.5102040816326532 9.0 1.4306532450188598 49 25.0
31 0.0 0.6326530612244898 9.0 1.4676210562082599 49 31.0
32 0.0 0.5102040816326531 9.0 1.371168130032319 49 25.0
33 0.0 0.5306122448979591 8.0 1.308657722253457 49 26.0
34 0.0 0.46938775510204084 8.0 1.2433496561092297 49 23.0
35 0.0 0.5510204081632653 8.0 1.3394841122890675 49 27.0
36 0.0 0.44897959183673464 8.0 1.2757550785351253 49 22.0
37 0.0 0.5918367346938775 8.0 1.4708043058552862 49 29.0
38 0.0 0.5510204081632654 9.0 1.3702375780893488 49 27.0
39 0.0 0.48979591836734687 8.0 1.3089825721336623 49 24.0
40 0.0 0.46938775510204084 8.0 1.2764214432076393 49 23.0
41 0.0 0.6122448979591836 9.0 1.3665090335506427 49 30.0
42 0.0 0.44897959183673464 9.0 1.400315805003106 49 22.0
43 0.0 0.5102040816326531 9.0 1.3711681300323193 49 25.0
44 0.0 0.5306122448979591 9.0 1.4009229222243478 49 26.0
45 0.0 0.5510204081632654 10.0 1.5008500992464784 49 27.0
46 0.0 0.5306122448979591 9.0 1.385971993709447 49 26.0
47 0.0 0.4285714285714286 9.0 1.3844373104863459 49 21.0
48 0.0 0.6326530612244898 9.0 1.3798230193129293 49 31.0
49 0.0 0.4489795918367347 9.0 1.3549481000176713 49 22.0
50 0.0 0.5102040816326531 9.0 1.3862787264771084 49 25.0
51 0.0 0.4489795918367347 9.0 1.354948100017671 49 22.0
52 0.0 0.5306122448979591 9.0 1.385971993709447 49 26.0
53 0.0 0.48979591836734687 9.0 1.3558891452289374 49 24.0
54 0.0 0.5102040816326531 9.0 1.3862787264771084 49 25.0
55 0.0 0.4897959183673469 9.0 1.3558891452289372 49 24.0
56 0.0 0.5510204081632654 9.0 1.3549481000176713 49 27.0
57 0.0 0.4693877551020409 9.0 1.3859719937094472 49 23.0
58 0.0 0.4693877551020409 9.0 1.4009229222243478 49 23.0
59 0.0 0.48979591836734687 9.0 1.3558891452289372 49 24.0
60 0.0 0.5510204081632654 9.0 1.4151151968684967 49 27.0
61 0.0 0.5306122448979591 9.0 1.385971993709447 49 26.0
62 0.0 0.4285714285714286 9.0 1.35400640077266 49 21.0
63 0.0 0.5306122448979591 9.0 1.3555755360781656 49 26.0
64 0.0 0.5306122448979591 9.0 1.385971993709447 49 26.0
65 0.0 0.48979591836734687 9.0 1.3558891452289372 49 24.0
66 0.0 0.44897959183673464 9.0 1.3853583244326466 49 22.0
67 0.0 0.5510204081632654 10.0 1.5008500992464784 49 27.0
68 0.0 0.5510204081632654 9.0 1.595060402328022 49 27.0
69 0.0 0.5102040816326531 9.0 1.355889145228938 49 25.0
70 0.0 0.4489795918367347 9.0 1.3549481000176713 49 22.0
71 0.0 0.5918367346938774 9.0 1.383208337931221 49 29.0
72 0.0 0.48979591836734687 11.0 1.6345545899366565 49 24.0
73 0.0 0.4897959183673469 10.0 1.5155093887808784 49 24.0
74 0.0 0.46938775510204084 9.0 1.3555755360781656 49 23.0
75 0.0 0.5714285714285715 9.0 1.3844373104863457 49 28.0
76 0.0 0.5102040816326531 9.0 1.3862787264771086 49 25.0
77 0.0 0.5102040816326531 10.0 1.5016997172591886 49 25.0
78 0.0 0.5510204081632654 9.0 1.4003158050031062 49 27.0
79 0.0 0.5510204081632654 9.0 1.3853583244326468 49 27.0
80 0.0 0.5918367346938774 9.0 1.813357467826587 49 29.0
81 0.0 0.6734693877551021 9.0 1.7246709239499487 49 33.0
82 0.0 0.5510204081632654 10.0 1.826440350447146 49 27.0
83 0.0 0.7346938775510206 9.0 1.8117154647377902 49 36.0
84 0.0 0.6122448979591836 9.0 1.6306482163367357 49 30.0
85 0.0 0.6122448979591836 9.0 1.643374659689276 49 30.0
86 0.0 0.6122448979591836 9.0 1.6560033027670897 49 30.0
87 0.0 0.5918367346938773 10.0 1.6191351516954304 49 29.0
88 0.0 0.5306122448979591 9.0 1.4303560281786278 49 26.0
89 0.0 0.6122448979591836 9.0 1.4693582291062237 49 30.0
90 0.0 0.4693877551020409 9.0 1.4303560281786278 49 23.0
91 0.0 0.5714285714285715 9.0 1.4288690166235203 49 28.0
92 0.0 0.5918367346938774 10.0 1.5534687979236823 49 29.0
93 0.0 0.5510204081632654 11.0 1.6464763447257587 49 27.0
94 0.0 0.5510204081632654 9.0 1.4297614091430888 49 27.0
95 0.0 0.5102040816326531 9.0 1.3862787264771086 49 25.0
96 0.0 0.6326530612244898 10.0 1.5504552765642254 49 31.0
97 0.0 0.44897959183673464 9.0 1.4297614091430886 49 22.0
98 0.0 0.4693877551020409 9.0 1.3859719937094472 49 23.0
99 0.0 0.5510204081632654 9.0 1.3853583244326468 49 27.0
100 0.0 0.48979591836734687 9.0 1.4012263821915638 49 24.0
101 0.0 0.5510204081632654 9.0 1.4151151968684967 49 27.0
102 0.0 0.5510204081632654 9.0 1.4003158050031062 49 27.0
103 0.0 0.42857142857142855 9.0 1.384437310486346 49 21.0
104 0.0 0.653061224489796 10.0 1.6900569567345354 49 32.0
105 0.0 0.5714285714285715 9.0 1.4288690166235203 49 28.0
106 0.0 0.6122448979591836 9.0 1.4115052032406792 49 30.0
107 0.0 0.5510204081632654 9.0 1.4003158050031062 49 27.0
108 0.0 0.5102040816326531 10.0 1.4877618674202064 49 25.0
109 0.0 0.42857142857142855 9.0 1.384437310486346 49 21.0
110 0.0 0.5102040816326531 9.0 1.3862787264771084 49 25.0
111 0.0 0.6326530612244898 9.0 1.3948398586549335 49 31.0
112 0.0 0.4489795918367347 10.0 1.514667517006564 49 22.0
113 0.0 0.5102040816326531 9.0 1.355889145228938 49 25.0
114 0.0 0.5510204081632654 9.0 1.3549481000176713 49 27.0
115 0.0 0.6326530612244898 13.0 1.9115207465852557 49 31.0
116 0.0 0.4897959183673469 10.0 1.5291943546029911 49 24.0
117 0.0 0.5306122448979591 9.0 1.3859719937094472 49 26.0
118 0.0 0.5918367346938775 9.0 1.3680638287213738 49 29.0
119 0.0 0.40816326530612246 10.0 1.4849013343616868 49 20.0
120 0.0 0.5918367346938775 9.0 1.3981888187183866 49 29.0
121 0.0 0.48979591836734687 9.0 1.3558891452289372 49 24.0
122 0.0 0.5714285714285715 9.0 1.3994046353122218 49 28.0
123 0.0 0.48979591836734687 10.0 1.5155093887808782 49 24.0
124 0.0 0.5510204081632654 9.0 1.3702375780893488 49 27.0
125 0.0 0.5306122448979591 9.0 1.3859719937094472 49 26.0
126 0.0 0.5510204081632654 10.0 1.5146675170065642 49 27.0
127 0.0 0.44897959183673464 9.0 1.3853583244326466 49 22.0
128 0.0 0.5918367346938775 10.0 1.4988657843368713 49 29.0
129 0.0 0.5102040816326531 9.0 1.355889145228938 49 25.0
130 0.0 0.46938775510204084 9.0 1.3708580162366464 49 23.0
131 0.0 0.46938775510204084 9.0 1.3859719937094472 49 23.0
132 0.0 0.5306122448979591 10.0 1.4874760616606932 49 26.0
133 0.0 0.5102040816326532 9.0 1.4012263821915645 49 25.0
134 0.0 0.5306122448979591 9.0 1.3555755360781656 49 26.0
135 0.0 0.5306122448979591 10.0 1.5152288168283166 49 26.0
136 0.0 0.6122448979591836 13.0 1.9237152263546813 49 30.0
137 0.0 0.5102040816326531 9.0 1.3862787264771086 49 25.0
138 0.0 0.5510204081632654 9.0 1.3549481000176713 49 27.0
139 0.0 0.4693877551020409 10.0 1.528916293985255 49 23.0
140 0.0 0.5102040816326531 9.0 1.3862787264771086 49 25.0
141 0.0 0.4285714285714286 9.0 1.35400640077266 49 21.0
142 0.0 0.7346938775510206 10.0 1.5107325789728865 49 36.0
143 0.0 0.42857142857142855 9.0 1.3540064007726602 49 21.0
144 0.0 0.6122448979591836 9.0 1.565464874121692 49 30.0
145 0.0 0.5102040816326531 9.0 1.3862787264771084 49 25.0
146 0.0 0.5102040816326531 9.0 1.355889145228938 49 25.0
147 0.0 0.46938775510204084 9.0 1.3859719937094472 49 23.0
148 0.0 0.5102040816326531 9.0 1.3862787264771084 49 25.0
149 0.0 0.46938775510204084 9.0 1.3555755360781658 49 23.0
150 0.0 0.6326530612244898 10.0 1.523344423068045 49 31.0
151 0.0 0.42857142857142855 9.0 1.3540064007726602 49 21.0
152 0.0 0.5714285714285715 9.0 1.35400640077266 49 28.0
153 0.0 0.5510204081632654 9.0 1.4003158050031062 49 27.0
154 0.0 0.5102040816326531 10.0 1.542757933318227 49 25.0
155 0.0 0.5918367346938775 9.0 1.368063828721374 49 29.0
156 0.0 0.5510204081632654 9.0 1.354948100017671 49 27.0
157 0.0 0.5918367346938774 11.0 1.6446677393288638 49 29.0
158 0.0 0.48979591836734687 9.0 1.3558891452289374 49 24.0
159 0.0 0.5510204081632654 9.0 1.6209722454157456 49 27.0
160 0.0 0.6326530612244898 9.0 1.3492880460793075 49 31.0
161 0.0 0.4897959183673469 10.0 1.5155093887808782 49 24.0
162 0.0 0.5510204081632654 9.0 1.3549481000176713 49 27.0
163 0.0 0.48979591836734687 9.0 1.3862787264771077 49 24.0
164 0.0 0.5714285714285715 9.0 1.369306393762915 49 28.0
165 0.0 0.3877551020408164 9.0 1.3511773651556052 49 19.0
166 0.0 0.5510204081632654 9.0 1.3549481000176713 49 27.0
167 0.0 0.5102040816326531 9.0 1.3862787264771086 49 25.0
168 0.0 0.4897959183673469 9.0 1.3862787264771075 49 24.0
169 0.0 4.673469387755104 201.0 28.66282999163291 49 229.0
170 0.0 0.6122448979591836 10.0 1.6685363662330452 49 30.0
171 0.0 0.5102040816326531 9.0 1.3862787264771086 49 25.0
172 0.0 0.46938775510204084 9.0 1.3555755360781656 49 23.0
173 0.0 0.5102040816326531 9.0 1.3862787264771084 49 25.0
174 0.0 0.693877551020408 10.0 1.6857748173151348 49 34.0
175 0.0 0.40816326530612246 9.0 1.383208337931221 49 20.0
176 0.0 0.5510204081632654 9.0 1.3549481000176713 49 27.0
177 0.0 0.5714285714285715 9.0 1.3994046353122218 49 28.0
178 0.0 0.4897959183673469 10.0 1.4736922024232169 49 24.0
179 0.0 0.4489795918367347 9.0 1.3394841122890673 49 22.0
180 0.0 0.5306122448979591 9.0 1.3555755360781656 49 26.0
181 0.0 0.5102040816326531 9.0 1.3862787264771086 49 25.0
182 0.0 0.5102040816326531 10.0 1.4877618674202067 49 25.0
183 0.0 0.48979591836734687 9.0 1.3558891452289372 49 24.0
184 0.0 0.48979591836734687 9.0 1.3711681300323184 49 24.0
185 0.0 0.5510204081632654 10.0 1.5146675170065642 49 27.0
186 0.0 0.5306122448979591 9.0 1.3555755360781656 49 26.0
187 0.0 0.46938775510204084 9.0 1.3555755360781656 49 23.0
188 0.0 0.4489795918367347 9.0 1.3549481000176713 49 22.0
189 0.0 0.5102040816326531 10.0 1.4877618674202067 49 25.0
190 0.0 0.6122448979591836 9.0 1.455110627675955 49 30.0
191 0.0 0.48979591836734687 9.0 1.3711681300323184 49 24.0
192 0.0 0.5510204081632654 10.0 1.5008500992464784 49 27.0
193 0.0 0.5714285714285715 9.0 1.3540064007726598 49 28.0
194 0.0 0.3673469387755103 9.0 1.3798230193129295 49 18.0
195 0.0 0.5714285714285715 10.0 1.5138251770487456 49 28.0
196 0.0 0.4489795918367347 9.0 1.354948100017671 49 22.0
197 0.0 0.5102040816326531 9.0 1.3558891452289379 49 25.0
198 0.0 0.4897959183673469 9.0 1.3862787264771077 49 24.0
199 0.0 0.4897959183673469 9.0 1.3558891452289372 49 24.0
200 0.0 0.5510204081632654 9.0 1.3549481000176713 49 27.0
201 0.0 0.48979591836734687 9.0 1.3558891452289374 49 24.0
202 0.0 0.5918367346938774 10.0 1.51270132746767 49 29.0
203 0.0 0.46938775510204084 9.0 1.3708580162366464 49 23.0
204 0.0 0.5102040816326531 9.0 1.3862787264771086 49 25.0
205 0.0 0.5306122448979591 10.0 1.4874760616606932 49 26.0
206 0.0 0.5102040816326531 9.0 1.4012263821915645 49 25.0
207 0.0 0.5102040816326531 9.0 1.355889145228938 49 25.0
208 0.0 0.4897959183673469 10.0 1.487761867420206 49 24.0
209 0.0 0.5918367346938775 9.0 1.3981888187183866 49 29.0
210 0.0 0.42857142857142855 9.0 1.35400640077266 49 21.0
211 0.0 0.5306122448979591 9.0 1.5559300650565695 49 26.0
212 0.0 0.5510204081632654 9.0 1.4297614091430888 49 27.0
213 0.0 0.5918367346938774 9.0 1.51270132746767 49 29.0
214 0.0 0.5714285714285715 9.0 1.4288690166235203 49 28.0
215 0.0 0.5306122448979591 10.0 1.5152288168283163 49 26.0
216 0.0 0.5102040816326532 9.0 1.4306532450188598 49 25.0
217 0.0 0.5102040816326531 9.0 1.3862787264771086 49 25.0
218 0.0 0.6122448979591836 10.0 1.5654648741216919 49 30.0
219 0.0 0.46938775510204084 9.0 1.3555755360781656 49 23.0
220 0.0 0.5510204081632654 9.0 1.4151151968684967 49 27.0
221 0.0 0.5306122448979591 9.0 1.4157159675161797 49 26.0
222 0.0 0.5306122448979591 12.0 1.7807072660454146 49 26.0
223 0.0 0.5510204081632654 9.0 1.3549481000176713 49 27.0
224 0.0 0.5918367346938775 10.0 1.4849013343616866 49 29.0
225 0.0 0.5714285714285715 9.0 1.457737973711325 49 28.0
226 0.0 0.5510204081632654 10.0 1.4869042853329522 49 27.0
227 0.0 0.46938775510204084 9.0 1.3859719937094472 49 23.0
228 0.0 0.5102040816326531 9.0 1.3862787264771086 49 25.0
229 0.0 0.4489795918367347 9.0 1.3853583244326468 49 22.0
230 0.0 0.5714285714285715 9.0 1.457737973711325 49 28.0
231 0.0 0.4693877551020409 10.0 1.5152288168283166 49 23.0
232 0.0 0.6122448979591837 9.0 1.381670584995634 49 30.0
233 0.0 0.5102040816326531 10.0 1.515509388780879 49 25.0
234 0.0 0.48979591836734687 9.0 1.3558891452289374 49 24.0
235 0.0 0.5918367346938775 10.0 1.5399995582648016 49 29.0
236 0.0 0.46938775510204084 9.0 1.3555755360781656 49 23.0
237 0.0 0.4897959183673469 10.0 1.4877618674202058 49 24.0
238 0.0 0.48979591836734687 9.0 1.3558891452289374 49 24.0
239 0.0 0.5102040816326531 9.0 1.355889145228938 49 25.0
240 0.0 0.5102040816326531 9.0 1.3862787264771086 49 25.0
241 0.0 0.5102040816326531 9.0 1.3862787264771084 49 25.0
242 0.0 0.6326530612244898 12.0 1.7523065460393967 49 31.0
243 0.0 0.48979591836734687 9.0 1.386278726477108 49 24.0
244 0.0 0.4897959183673469 10.0 1.5016997172591877 49 24.0
245 0.0 0.5714285714285715 9.0 1.399404635312222 49 28.0
246 0.0 0.6122448979591836 10.0 1.5386185163241444 49 30.0
247 0.0 0.48979591836734687 9.0 1.3558891452289374 49 24.0
248 0.0 0.5918367346938775 10.0 1.51270132746767 49 29.0
249 0.0 0.4693877551020409 9.0 1.3859719937094472 49 23.0
250 0.0 0.5918367346938775 10.0 1.4849013343616866 49 29.0
251 0.0 0.5306122448979591 9.0 1.4009229222243478 49 26.0
252 0.0 0.4693877551020409 10.0 1.5152288168283163 49 23.0
253 0.0 0.42857142857142855 9.0 1.35400640077266 49 21.0
254 0.0 0.5714285714285715 10.0 1.5138251770487459 49 28.0
255 0.0 0.5102040816326532 9.0 1.355889145228938 49 25.0
256 0.0 0.653061224489796 10.0 1.5213894472948521 49 32.0
257 0.0 0.5102040816326531 9.0 1.3862787264771086 49 25.0
258 0.0 0.5510204081632654 10.0 1.4869042853329522 49 27.0
259 0.0 0.5102040816326531 9.0 1.3862787264771086 49 25.0
260 0.0 0.6122448979591836 10.0 1.5386185163241444 49 30.0
261 0.0 0.40816326530612246 9.0 1.3527497820325523 49 20.0
262 0.0 0.5714285714285715 10.0 1.5138251770487456 49 28.0
263 0.0 0.653061224489796 10.0 1.5076336370861023 49 32.0
264 0.0 0.7142857142857142 9.0 1.4999999999999998 49 35.0
265 0.0 0.46938775510204084 10.0 1.5152288168283166 49 23.0
266 0.0 0.5714285714285715 9.0 1.414213562373095 49 28.0
267 0.0 0.48979591836734687 10.0 1.4877618674202058 49 24.0
268 0.0 0.5102040816326531 9.0 1.3862787264771084 49 25.0
269 0.0 0.6326530612244898 10.0 1.5096064270616525 49 31.0
270 0.0 0.5102040816326531 9.0 1.355889145228938 49 25.0
271 0.0 0.5714285714285715 10.0 1.486046208343917 49 28.0
272 0.0 0.4489795918367347 9.0 1.3549481000176713 49 22.0
273 0.0 0.5714285714285715 10.0 1.5138251770487456 49 28.0
274 0.0 0.4897959183673469 9.0 1.4160162572570716 49 24.0
275 0.0 0.6122448979591836 10.0 1.4834689993757353 49 30.0
276 0.0 0.4693877551020409 9.0 1.3859719937094472 49 23.0
277 0.0 0.6122448979591836 10.0 1.5112953402436529 49 30.0
278 0.0 0.5102040816326531 9.0 1.3558891452289379 49 25.0
279 0.0 0.4897959183673469 10.0 1.5155093887808784 49 24.0
280 0.0 0.6122448979591836 9.0 1.4115052032406792 49 30.0
281 0.0 0.5510204081632654 10.0 1.5146675170065644 49 27.0
282 0.0 0.4897959183673469 10.0 1.487761867420206 49 24.0
283 0.0 0.5510204081632654 9.0 1.4003158050031064 49 27.0
284 0.0 0.4897959183673469 10.0 1.5155093887808782 49 24.0
285 0.0 0.5714285714285715 9.0 1.3540064007726598 49 28.0
286 0.0 0.5510204081632654 10.0 1.5419309389230647 49 27.0
287 0.0 0.5306122448979591 10.0 1.5152288168283163 49 26.0
288 0.0 0.653061224489796 9.0 1.3470804914110128 49 32.0
289 0.0 0.46938775510204084 10.0 1.5152288168283163 49 23.0
290 0.0 0.5510204081632654 9.0 1.3549481000176713 49 27.0
291 0.0 0.5714285714285715 10.0 1.541103500742244 49 28.0
292 0.0 0.44897959183673464 9.0 1.354948100017671 49 22.0
293 0.0 0.6326530612244898 9.0 1.5233444230680453 49 31.0
294 0.0 0.5714285714285715 9.0 1.3844373104863457 49 28.0
295 0.0 0.4897959183673469 9.0 1.3558891452289374 49 24.0
296 0.0 0.5714285714285715 10.0 1.5138251770487456 49 28.0
297 0.0 0.5102040816326531 9.0 1.4306532450188598 49 25.0
298 0.0 0.5306122448979591 9.0 1.3555755360781656 49 26.0
299 0.0 0.5510204081632654 10.0 1.5146675170065644 49 27.0
300 0.0 0.5510204081632654 9.0 1.3853583244326468 49 27.0
301 0.0 0.5306122448979591 10.0 1.4874760616606932 49 26.0
302 0.0 0.5510204081632654 10.0 1.4869042853329522 49 27.0
303 0.0 0.5306122448979591 9.0 1.3555755360781656 49 26.0
304 0.0 0.5714285714285715 10.0 1.5138251770487459 49 28.0
305 0.0 0.38775510204081637 9.0 1.3511773651556052 49 19.0
306 0.0 0.5918367346938775 10.0 1.51270132746767 49 29.0
307 0.0 0.5918367346938775 10.0 1.51270132746767 49 29.0
308 0.0 0.5714285714285715 9.0 1.3844373104863457 49 28.0
309 0.0 0.46938775510204084 10.0 1.4874760616606932 49 23.0
310 0.0 0.5510204081632654 9.0 1.3853583244326468 49 27.0
311 0.0 0.4489795918367347 10.0 1.4869042853329522 49 22.0
312 0.0 0.6326530612244898 9.0 1.3798230193129293 49 31.0
313 0.0 0.5306122448979591 9.0 1.385971993709447 49 26.0
314 0.0 0.5510204081632654 10.0 1.4869042853329522 49 27.0
315 0.0 0.46938775510204084 9.0 1.3708580162366464 49 23.0
316 0.0 0.6122448979591837 10.0 1.5112953402436529 49 30.0
317 0.0 0.5918367346938774 10.0 1.51270132746767 49 29.0
318 0.0 0.4489795918367347 9.0 1.3853583244326468 49 22.0
319 0.0 0.5918367346938775 10.0 1.5264114690309154 49 29.0
320 0.0 0.5102040816326531 9.0 1.3862787264771086 49 25.0
321 0.0 0.6938775510204082 10.0 1.474845777709388 49 34.0
322 0.0 0.6326530612244898 9.0 1.523344423068045 49 31.0
323 0.0 0.46938775510204084 10.0 1.4874760616606932 49 23.0
324 0.0 0.5102040816326531 9.0 1.355889145228938 49 25.0
325 0.0 0.5102040816326531 9.0 1.3862787264771084 49 25.0
326 0.0 0.5306122448979591 10.0 1.4874760616606932 49 26.0
327 0.0 0.4489795918367347 9.0 1.3853583244326468 49 22.0
328 0.0 0.5306122448979591 10.0 1.5289162939852547 49 26.0
329 0.0 0.5918367346938775 10.0 1.51270132746767 49 29.0
330 0.0 0.4897959183673469 9.0 1.3862787264771075 49 24.0
331 0.0 0.5510204081632654 10.0 1.4869042853329522 49 27.0
332 0.0 0.5510204081632654 9.0 1.4003158050031064 49 27.0
333 0.0 0.46938775510204084 10.0 1.4874760616606932 49 23.0
334 0.0 0.46938775510204084 9.0 1.3859719937094472 49 23.0
335 0.0 0.6326530612244898 10.0 1.5096064270616525 49 31.0
336 0.0 0.5714285714285715 10.0 1.486046208343917 49 28.0
337 0.0 0.5714285714285715 9.0 1.3844373104863457 49 28.0
338 0.0 0.5510204081632654 10.0 1.528360020983766 49 27.0
339 0.0 0.4897959183673469 9.0 1.3558891452289372 49 24.0
340 0.0 0.5510204081632654 10.0 1.5146675170065644 49 27.0
341 0.0 0.5714285714285715 9.0 1.3994046353122218 49 28.0
342 0.0 0.5306122448979591 10.0 1.4874760616606932 49 26.0
343 0.0 0.4489795918367347 9.0 1.3853583244326466 49 22.0
344 0.0 0.4897959183673469 10.0 1.4877618674202058 49 24.0
345 0.0 0.4489795918367347 9.0 1.3549481000176713 49 22.0
346 0.0 0.5306122448979591 10.0 1.5152288168283163 49 26.0
347 0.0 0.6122448979591836 10.0 1.4974468066597597 49 30.0
348 0.0 0.4081632653061225 9.0 1.383208337931221 49 20.0
349 0.0 0.5510204081632654 9.0 1.3853583244326468 49 27.0
350 0.0 0.42857142857142855 9.0 1.3540064007726602 49 21.0
351 0.0 0.6938775510204082 10.0 1.6355947138662468 49 34.0
352 0.0 0.5714285714285715 9.0 1.3844373104863457 49 28.0
353 0.0 0.5918367346938775 9.0 1.3527497820325523 49 29.0
354 0.0 0.5306122448979591 9.0 1.385971993709447 49 26.0
355 0.0 0.5102040816326531 10.0 1.515509388780879 49 25.0
356 0.0 0.44897959183673464 9.0 1.3853583244326466 49 22.0
357 0.0 0.673469387755102 10.0 1.5053758542586744 49 33.0
358 0.0 0.46938775510204084 9.0 1.3859719937094472 49 23.0
359 0.0 0.5102040816326531 10.0 1.4877618674202064 49 25.0
360 0.0 0.5714285714285715 9.0 1.3844373104863457 49 28.0
361 0.0 0.6122448979591836 10.0 1.5386185163241444 49 30.0
362 0.0 0.5714285714285715 10.0 1.486046208343917 49 28.0
363 0.0 0.48979591836734687 9.0 1.3558891452289374 49 24.0
364 0.0 0.3469387755102041 10.0 1.4797384398400064 49 17.0
365 0.0 0.6326530612244898 9.0 1.3798230193129293 49 31.0
366 0.0 0.5714285714285715 10.0 1.486046208343917 49 28.0
367 0.0 0.5306122448979591 10.0 1.5289162939852547 49 26.0
368 0.0 0.4897959183673469 9.0 1.3862787264771077 49 24.0
369 0.0 0.5918367346938774 10.0 1.4849013343616866 49 29.0
370 0.0 0.5510204081632654 10.0 1.5146675170065644 49 27.0
371 0.0 0.4897959183673469 9.0 1.4160162572570716 49 24.0
372 0.0 0.6326530612244898 10.0 1.4817483697620575 49 31.0
373 0.0 0.5306122448979591 10.0 1.5152288168283163 49 26.0
374 0.0 0.5306122448979591 9.0 1.385971993709447 49 26.0
375 0.0 0.4897959183673469 10.0 1.487761867420206 49 24.0
376 0.0 0.5918367346938774 10.0 1.51270132746767 49 29.0
377 0.0 0.5510204081632654 9.0 1.3853583244326468 49 27.0
378 0.0 0.653061224489796 10.0 1.5213894472948521 49 32.0
379 0.0 0.44897959183673464 9.0 1.354948100017671 49 22.0
380 0.0 0.693877551020408 10.0 1.635594713866247 49 34.0
381 0.0 0.48979591836734687 9.0 1.3558891452289374 49 24.0
382 0.0 0.5306122448979591 10.0 1.5014165646749316 49 26.0
383 0.0 0.46938775510204084 9.0 1.3859719937094472 49 23.0
384 0.0 0.5714285714285715 10.0 1.4999999999999998 49 28.0
385 0.0 0.5102040816326531 9.0 1.3404360139458331 49 25.0
386 0.0 0.5510204081632654 10.0 1.5146675170065644 49 27.0
387 0.0 0.5306122448979591 9.0 1.3555755360781656 49 26.0
388 0.0 0.5510204081632654 10.0 1.5146675170065642 49 27.0
389 0.0 0.4897959183673469 10.0 1.5155093887808784 49 24.0
390 0.0 0.6122448979591836 10.0 1.4974468066597597 49 30.0
391 0.0 0.48979591836734687 9.0 1.3558891452289374 49 24.0
392 0.0 0.5918367346938775 10.0 1.51270132746767 49 29.0
393 0.0 0.5102040816326531 9.0 1.3862787264771081 49 25.0
394 0.0 0.6326530612244898 9.0 1.3798230193129293 49 31.0
395 0.0 0.5306122448979591 10.0 1.4874760616606932 49 26.0
396 0.0 0.5510204081632654 9.0 1.3853583244326468 49 27.0
397 0.0 0.5306122448979591 10.0 1.5152288168283163 49 26.0
398 0.0 0.40816326530612246 9.0 1.337260373346362 49 20.0
399 0.0 0.5918367346938774 10.0 1.4988657843368713 49 29.0
400 0.0 0.5102040816326531 10.0 1.515509388780879 49 25.0
401 0.0 0.5102040816326531 9.0 1.4012263821915645 49 25.0
402 0.0 0.6122448979591836 9.0 1.3511773651556056 49 30.0
403 0.0 0.46938775510204084 9.0 1.3859719937094472 49 23.0
404 0.0 0.4897959183673469 10.0 1.4877618674202058 49 24.0
405 0.0 0.46938775510204084 9.0 1.3859719937094472 49 23.0
406 0.0 0.6326530612244898 10.0 1.5096064270616527 49 31.0
407 0.0 0.5102040816326531 9.0 1.3711681300323193 49 25.0
408 0.0 0.5306122448979591 10.0 1.5152288168283163 49 26.0
409 0.0 0.653061224489796 9.0 1.5213894472948521 49 32.0
410 0.0 0.4897959183673469 10.0 1.487761867420206 49 24.0
411 0.0 0.5714285714285715 9.0 1.3844373104863454 49 28.0
412 0.0 0.5102040816326531 9.0 1.3862787264771084 49 25.0
413 0.0 0.5102040816326532 9.0 1.3862787264771086 49 25.0
414 0.0 0.5102040816326531 10.0 1.5291943546029918 49 25.0
415 0.0 0.46938775510204084 10.0 1.5152288168283163 49 23.0
416 0.0 0.48979591836734687 9.0 1.3862787264771077 49 24.0
417 0.0 0.5510204081632654 10.0 1.4869042853329524 49 27.0
418 0.0 0.5918367346938775 9.0 1.383208337931221 49 29.0
419 0.0 0.46938775510204084 10.0 1.5152288168283163 49 23.0
420 0.0 0.5102040816326531 9.0 1.4012263821915645 49 25.0
421 0.0 0.5714285714285715 10.0 1.5138251770487456 49 28.0
422 0.0 0.6122448979591836 9.0 1.3816705849956343 49 30.0
423 0.0 0.5306122448979591 10.0 1.5014165646749316 49 26.0
424 0.0 0.48979591836734687 9.0 1.3862787264771077 49 24.0
425 0.0 0.5306122448979591 10.0 1.5152288168283163 49 26.0
426 0.0 0.6122448979591837 10.0 1.4974468066597597 49 30.0
427 0.0 0.5510204081632654 9.0 1.3853583244326468 49 27.0
428 0.0 0.4897959183673469 10.0 1.5016997172591877 49 24.0
429 0.0 0.46938775510204084 9.0 1.3555755360781658 49 23.0
430 0.0 0.5714285714285715 10.0 1.5138251770487459 49 28.0
431 0.0 0.5306122448979591 10.0 1.5014165646749316 49 26.0
432 0.0 0.48979591836734687 9.0 1.3558891452289372 49 24.0
433 0.0 0.5510204081632654 9.0 1.3853583244326468 49 27.0
434 0.0 0.5510204081632654 10.0 1.5008500992464784 49 27.0
435 0.0 0.5306122448979591 9.0 1.3555755360781656 49 26.0
436 0.0 0.5102040816326531 10.0 1.515509388780879 49 25.0
437 0.0 0.6326530612244898 10.0 1.5096064270616525 49 31.0
438 0.0 0.5306122448979591 9.0 1.5014165646749313 49 26.0
439 0.0 0.6326530612244898 10.0 1.5096064270616525 49 31.0
440 0.0 0.5510204081632654 9.0 1.4003158050031064 49 27.0
441 0.0 0.5714285714285715 10.0 1.4860462083439172 49 28.0
442 0.0 0.5306122448979591 9.0 1.385971993709447 49 26.0
443 0.0 0.5510204081632654 10.0 1.528360020983766 49 27.0
444 0.0 0.5306122448979591 10.0 1.4874760616606932 49 26.0
445 0.0 0.5918367346938775 9.0 1.383208337931221 49 29.0
446 0.0 0.5510204081632654 10.0 1.528360020983766 49 27.0
447 0.0 0.5510204081632654 9.0 1.3549481000176713 49 27.0
448 0.0 0.5306122448979591 10.0 1.5152288168283163 49 26.0
449 0.0 0.5714285714285715 10.0 1.5275252316519465 49 28.0
450 0.0 0.5510204081632654 9.0 1.3853583244326468 49 27.0
451 0.0 0.5714285714285715 10.0 1.486046208343917 49 28.0
452 0.0 0.5102040816326531 10.0 1.4877618674202064 49 25.0
453 0.0 0.46938775510204084 9.0 1.3708580162366464 49 23.0
454 0.0 0.5918367346938775 9.0 1.383208337931221 49 29.0
455 0.0 0.5102040816326531 10.0 1.515509388780879 49 25.0
456 0.0 0.4897959183673469 9.0 1.3558891452289374 49 24.0
457 0.0 0.5918367346938775 10.0 1.5264114690309154 49 29.0
458 0.0 0.5306122448979591 10.0 1.5152288168283163 49 26.0
459 0.0 0.48979591836734687 9.0 1.3558891452289374 49 24.0
460 0.0 0.673469387755102 10.0 1.5053758542586744 49 33.0
461 0.0 0.40816326530612246 9.0 1.368063828721374 49 20.0
462 0.0 0.489795918367347 10.0 1.4736922024232169 49 24.0
463 0.0 0.5102040816326532 9.0 1.3862787264771084 49 25.0
464 0.0 0.5306122448979591 10.0 1.5152288168283163 49 26.0
465 0.0 0.46938775510204084 9.0 1.3555755360781656 49 23.0
466 0.0 0.5102040816326532 9.0 1.3862787264771084 49 25.0
467 0.0 0.673469387755102 10.0 1.6379325777490663 49 33.0
468 0.0 0.5306122448979591 9.0 1.3555755360781656 49 26.0
469 0.0 0.5306122448979591 9.0 1.4009229222243478 49 26.0
470 0.0 0.5102040816326531 10.0 1.515509388780879 49 25.0
471 0.0 0.5306122448979591 9.0 1.3555755360781656 49 26.0
472 0.0 0.5918367346938775 10.0 1.51270132746767 49 29.0
473 0.0 0.5510204081632654 10.0 1.5419309389230649 49 27.0
474 0.0 0.5714285714285715 10.0 1.4860462083439174 49 28.0
475 0.0 0.5714285714285715 9.0 1.399404635312222 49 28.0
476 0.0 0.5714285714285715 10.0 1.5138251770487456 49 28.0
477 0.0 0.5510204081632654 10.0 1.4869042853329522 49 27.0
478 0.0 0.5306122448979591 9.0 1.3555755360781656 49 26.0
479 0.0 0.5510204081632654 10.0 1.4869042853329522 49 27.0
480 0.0 0.4897959183673469 9.0 1.3558891452289372 49 24.0
481 0.0 0.5510204081632654 9.0 1.3853583244326468 49 27.0
482 0.0 0.46938775510204084 10.0 1.5152288168283166 49 23.0
483 0.0 0.5918367346938774 9.0 1.3527497820325523 49 29.0
484 0.0 0.48979591836734687 10.0 1.5155093887808782 49 24.0
485 0.0 0.673469387755102 10.0 1.5053758542586744 49 33.0
486 0.0 0.5102040816326531 9.0 1.3711681300323193 49 25.0
487 0.0 0.5714285714285715 10.0 1.5138251770487459 49 28.0
488 0.0 0.4693877551020409 9.0 1.3708580162366462 49 23.0
489 0.0 0.5102040816326531 10.0 1.5016997172591886 49 25.0
490 0.0 0.5102040816326531 9.0 1.355889145228938 49 25.0
491 0.0 0.6326530612244898 9.0 1.3798230193129293 49 31.0
492 0.0 0.5510204081632654 10.0 1.5146675170065644 49 27.0
493 0.0 0.5714285714285715 10.0 1.486046208343917 49 28.0
494 0.0 0.5102040816326531 9.0 1.3862787264771084 49 25.0
495 0.0 0.5714285714285715 10.0 1.5138251770487459 49 28.0
496 0.0 0.5714285714285715 9.0 1.5138251770487454 49 28.0
497 0.0 0.5510204081632654 10.0 1.5146675170065644 49 27.0
498 0.0 0.5102040816326531 9.0 1.3862787264771086 49 25.0
499 0.0 0.5714285714285715 9.0 1.369306393762915 49 28.0
500 0.0 0.5306122448979591 10.0 1.5152288168283163 49 26.0
501 0.0 0.5714285714285715 9.0 1.3844373104863457 49 28.0
502 0.0 0.5102040816326531 9.0 1.3862787264771084 49 25.0
503 0.0 0.5918367346938774 10.0 1.51270132746767 49 29.0
504 0.0 0.5306122448979591 9.0 1.3555755360781656 49 26.0
505 0.0 0.5306122448979591 9.0 1.385971993709447 49 26.0
506 0.0 0.5510204081632654 10.0 1.5146675170065644 49 27.0
507 0.0 0.4693877551020409 9.0 1.3708580162366462 49 23.0
508 0.0 0.4897959183673469 9.0 1.3862787264771075 49 24.0
509 0.0 0.5918367346938774 10.0 1.4988657843368713 49 29.0
510 0.0 0.5102040816326531 9.0 1.3862787264771086 49 25.0
511 0.0 0.5714285714285715 10.0 1.5275252316519465 49 28.0
512 0.0 0.5102040816326531 10.0 1.515509388780879 49 25.0
513 0.0 0.46938775510204084 9.0 1.3555755360781656 49 23.0
514 0.0 0.5306122448979591 10.0 1.4874760616606932 49 26.0
515 0.0 0.5510204081632654 10.0 1.5146675170065644 49 27.0
516 0.0 0.5102040816326531 10.0 1.5155093887808788 49 25.0
517 0.0 0.5510204081632654 9.0 1.385358324432647 49 27.0
518 0.0 0.46938775510204084 10.0 1.4874760616606932 49 23.0
519 0.0 0.5510204081632654 9.0 1.3702375780893485 49 27.0
520 0.0 0.4489795918367347 9.0 1.3853583244326466 49 22.0
521 0.0 0.6122448979591836 10.0 1.5112953402436529 49 30.0
522 0.0 0.5714285714285715 10.0 1.5275252316519465 49 28.0
523 0.0 0.5306122448979591 9.0 1.385971993709447 49 26.0
524 0.0 0.5918367346938775 10.0 1.4849013343616866 49 29.0
525 0.0 0.6122448979591836 10.0 1.7177544271835954 49 30.0
526 0.0 0.5102040816326531 9.0 1.3862787264771084 49 25.0
527 0.0 0.5918367346938775 10.0 1.51270132746767 49 29.0
528 0.0 0.5510204081632654 10.0 1.4869042853329522 49 27.0
529 0.0 0.5306122448979591 9.0 1.3708580162366462 49 26.0
530 0.0 0.5306122448979591 9.0 1.385971993709447 49 26.0
531 0.0 0.5102040816326531 10.0 1.5016997172591886 49 25.0
532 0.0 0.6122448979591836 9.0 1.4115052032406792 49 30.0
533 0.0 0.44897959183673464 9.0 1.354948100017671 49 22.0
534 0.0 0.4897959183673469 10.0 1.501699717259188 49 24.0
535 0.0 0.6734693877551021 10.0 1.532804552419638 49 33.0
536 0.0 0.5510204081632654 9.0 1.3853583244326468 49 27.0
537 0.0 0.48979591836734687 10.0 1.5155093887808782 49 24.0
538 0.0 0.46938775510204084 10.0 1.4874760616606932 49 23.0
539 0.0 0.5306122448979591 9.0 1.3555755360781656 49 26.0
540 0.0 0.6326530612244898 10.0 1.523344423068045 49 31.0
541 0.0 0.5102040816326531 10.0 1.515509388780879 49 25.0
542 0.0 0.5918367346938775 9.0 1.383208337931221 49 29.0
543 0.0 0.5714285714285715 10.0 1.4999999999999998 49 28.0
544 0.0 0.5102040816326531 10.0 1.5155093887808793 49 25.0
545 0.0 0.5918367346938775 9.0 1.383208337931221 49 29.0
546 0.0 0.5102040816326531 9.0 1.3862787264771086 49 25.0
547 0.0 0.6122448979591836 10.0 1.5250181218952268 49 30.0
548 0.0 0.5102040816326531 10.0 1.4877618674202064 49 25.0
549 0.0 0.5306122448979591 9.0 1.385971993709447 49 26.0
550 0.0 0.6122448979591836 10.0 1.525018121895227 49 30.0
551 0.0 0.6326530612244898 10.0 1.5096064270616525 49 31.0
552 0.0 0.5918367346938775 10.0 1.4988657843368713 49 29.0
553 0.0 0.5306122448979591 9.0 1.3555755360781656 49 26.0
554 0.0 0.6326530612244898 10.0 1.7040867245025568 49 31.0
555 0.0 0.6734693877551021 10.0 1.5053758542586744 49 33.0
556 0.0 0.46938775510204084 9.0 1.385971993709447 49 23.0
557 0.0 0.5714285714285715 10.0 1.486046208343917 49 28.0
558 0.0 0.5714285714285715 10.0 1.486046208343917 49 28.0
559 0.0 0.5306122448979591 9.0 1.4009229222243478 49 26.0
560 0.0 0.6122448979591837 10.0 1.5112953402436529 49 30.0
561 0.0 0.5510204081632654 10.0 1.5146675170065642 49 27.0
562 0.0 0.5306122448979591 9.0 1.385971993709447 49 26.0
563 0.0 0.48979591836734687 9.0 1.3862787264771077 49 24.0
564 0.0 0.5918367346938774 10.0 1.4849013343616866 49 29.0
565 0.0 0.4897959183673469 9.0 1.3711681300323184 49 24.0
566 0.0 0.489795918367347 10.0 1.501699717259188 49 24.0
567 0.0 0.5510204081632654 10.0 1.5008500992464784 49 27.0
568 0.0 0.5510204081632654 9.0 1.4003158050031064 49 27.0
569 0.0 0.673469387755102 10.0 1.5053758542586744 49 33.0
570 0.0 0.6938775510204082 10.0 1.5028317941009042 49 34.0
571 0.0 0.5306122448979591 9.0 1.385971993709447 49 26.0
572 0.0 0.5510204081632654 10.0 1.4869042853329522 49 27.0
573 0.0 0.5510204081632654 10.0 1.4869042853329522 49 27.0
574 0.0 0.5918367346938775 9.0 1.383208337931221 49 29.0
575 0.0 0.5306122448979591 10.0 1.5014165646749316 49 26.0
576 0.0 0.7346938775510204 10.0 1.5107325789728867 49 36.0
577 0.0 0.5102040816326531 9.0 1.3862787264771086 49 25.0
578 0.0 0.5510204081632654 9.0 1.3853583244326468 49 27.0
579 0.0 0.5714285714285715 10.0 1.486046208343917 49 28.0
580 0.0 0.5714285714285715 10.0 1.5138251770487456 49 28.0
581 0.0 0.46938775510204084 9.0 1.385971993709447 49 23.0
582 0.0 0.6326530612244898 10.0 1.523344423068045 49 31.0
583 0.0 0.6938775510204082 10.0 1.698088160656137 49 34.0
584 0.0 0.5714285714285715 9.0 1.3844373104863457 49 28.0
585 0.0 0.5918367346938775 10.0 1.51270132746767 49 29.0
586 0.0 0.5510204081632654 10.0 1.5146675170065644 49 27.0
587 0.0 0.5306122448979591 10.0 1.4874760616606932 49 26.0
588 0.0 0.6326530612244898 9.0 1.3948398586549338 49 31.0
589 0.0 0.5918367346938774 10.0 1.5399995582648016 49 29.0
590 0.0 0.5102040816326531 10.0 1.5155093887808793 49 25.0
591 0.0 0.653061224489796 9.0 1.3927045093414954 49 32.0
592 0.0 0.5714285714285715 10.0 1.5138251770487456 49 28.0
593 0.0 0.4897959183673469 10.0 1.5155093887808782 49 24.0
594 0.0 0.6122448979591837 10.0 1.4974468066597597 49 30.0
595 0.0 0.7142857142857142 9.0 1.3385315336840837 49 35.0
596 0.0 0.5306122448979591 10.0 1.5014165646749316 49 26.0
597 0.0 0.5510204081632654 10.0 1.5008500992464784 49 27.0
598 0.0 0.5918367346938774 9.0 1.3981888187183866 49 29.0
599 0.0 0.6326530612244898 10.0 1.5096064270616525 49 31.0
600 0.0 0.5918367346938774 10.0 1.51270132746767 49 29.0
601 0.0 0.5510204081632654 9.0 1.3549481000176713 49 27.0
602 0.0 0.5510204081632654 10.0 1.5146675170065644 49 27.0
603 0.0 0.6122448979591837 10.0 1.4834689993757353 49 30.0
604 0.0 0.5306122448979591 9.0 1.4009229222243478 49 26.0
605 0.0 0.5306122448979591 9.0 1.385971993709447 49 26.0
606 0.0 0.5918367346938774 10.0 1.5264114690309154 49 29.0
607 0.0 0.6122448979591836 10.0 1.5112953402436529 49 30.0
608 0.0 0.5714285714285715 9.0 1.3844373104863457 49 28.0
609 0.0 0.6122448979591836 9.0 1.3816705849956343 49 30.0
610 0.0 0.5102040816326531 10.0 1.4877618674202064 49 25.0
611 0.0 0.5102040816326531 10.0 1.4736922024232175 49 25.0
612 0.0 0.7755102040816327 10.0 1.6865312790167997 49 38.0
613 0.0 0.46938775510204084 9.0 1.385971993709447 49 23.0
614 0.0 0.6938775510204082 10.0 1.5028317941009042 49 34.0
615 0.0 0.5918367346938774 10.0 1.51270132746767 49 29.0
616 0.0 0.6122448979591836 10.0 1.525018121895227 49 30.0
617 0.0 0.4897959183673469 10.0 1.501699717259188 49 24.0
618 0.0 0.5306122448979591 9.0 1.3555755360781656 49 26.0
619 0.0 0.6938775510204082 10.0 1.5028317941009042 49 34.0
620 0.0 0.5102040816326531 10.0 1.5155093887808793 49 25.0
621 0.0 0.6326530612244898 9.0 1.4096967397136102 49 31.0
622 0.0 0.5510204081632654 10.0 1.528360020983766 49 27.0
623 0.0 0.5306122448979591 10.0 1.5014165646749316 49 26.0
624 0.0 0.6122448979591836 10.0 1.511295340243653 49 30.0
625 0.0 0.5510204081632654 9.0 1.3853583244326468 49 27.0
626 0.0 0.5510204081632654 10.0 1.5146675170065644 49 27.0
627 0.0 0.6122448979591836 10.0 1.5112953402436529 49 30.0
628 0.0 0.6326530612244898 10.0 1.5096064270616525 49 31.0
629 0.0 0.5510204081632654 10.0 1.4728264280202303 49 27.0
630 0.0 0.44897959183673464 9.0 1.354948100017671 49 22.0
631 0.0 0.7551020408163266 10.0 1.5211099599319182 49 37.0
632 0.0 0.42857142857142855 10.0 1.5138251770487459 49 21.0
633 0.0 0.653061224489796 10.0 1.5076336370861023 49 32.0
634 0.0 0.5306122448979591 9.0 1.385971993709447 49 26.0
635 0.0 0.5510204081632654 10.0 1.5146675170065644 49 27.0
636 0.0 0.5714285714285715 10.0 1.5275252316519465 49 28.0
637 0.0 0.5510204081632654 10.0 1.4869042853329522 49 27.0
638 0.0 0.5306122448979591 9.0 1.3708580162366462 49 26.0
639 0.0 0.5510204081632654 9.0 1.3853583244326468 49 27.0
640 0.0 0.673469387755102 10.0 1.5328045524196379 49 33.0
641 0.0 0.653061224489796 10.0 1.7023393268304252 49 32.0
642 0.0 0.6326530612244898 9.0 1.3798230193129293 49 31.0
643 0.0 0.5714285714285715 10.0 1.5138251770487456 49 28.0
644 0.0 0.5714285714285715 10.0 1.4999999999999998 49 28.0
645 0.0 0.5102040816326531 10.0 1.5016997172591888 49 25.0
646 0.0 0.6122448979591837 9.0 1.3511773651556056 49 30.0
647 0.0 0.5102040816326531 10.0 1.515509388780879 49 25.0
648 0.0 0.6122448979591836 10.0 1.5112953402436529 49 30.0
649 0.0 0.5306122448979591 10.0 1.5152288168283163 49 26.0
650 0.0 0.5714285714285715 9.0 1.3844373104863457 49 28.0
651 0.0 0.5510204081632654 10.0 1.5146675170065644 49 27.0
652 0.0 0.5510204081632654 10.0 1.528360020983766 49 27.0
653 0.0 0.5918367346938774 10.0 1.51270132746767 49 29.0
654 0.0 0.5714285714285715 10.0 1.5275252316519465 49 28.0
655 0.0 0.653061224489796 9.0 1.377664394427565 49 32.0
656 0.0 0.5306122448979591 10.0 1.5152288168283163 49 26.0
657 0.0 0.5102040816326531 10.0 1.4736922024232175 49 25.0
658 0.0 0.5306122448979591 10.0 1.4874760616606932 49 26.0
659 0.0 0.5918367346938775 10.0 1.51270132746767 49 29.0
660 0.0 0.5918367346938774 10.0 1.51270132746767 49 29.0
661 0.0 0.44897959183673464 9.0 1.3853583244326466 49 22.0
662 0.0 0.5918367346938775 10.0 1.51270132746767 49 29.0
663 0.0 0.5714285714285715 10.0 1.5138251770487456 49 28.0
664 0.0 0.653061224489796 9.0 1.3776643944275648 49 32.0
665 0.0 0.4897959183673469 10.0 1.5291943546029911 49 24.0
666 0.0 0.5714285714285715 10.0 1.5138251770487459 49 28.0
667 0.0 0.5918367346938774 10.0 1.4849013343616866 49 29.0
668 0.0 0.5714285714285715 9.0 1.3994046353122218 49 28.0
669 0.0 0.6122448979591836 10.0 1.5112953402436529 49 30.0
670 0.0 0.6326530612244898 10.0 1.6418216198151725 49 31.0
671 0.0 0.5714285714285715 9.0 1.3844373104863457 49 28.0
672 0.0 0.673469387755102 10.0 1.5191521086618351 49 33.0
673 0.0 0.5918367346938774 10.0 1.51270132746767 49 29.0
674 0.0 0.4897959183673469 10.0 1.501699717259188 49 24.0
675 0.0 0.5714285714285715 9.0 1.3994046353122218 49 28.0
676 0.0 0.5918367346938775 10.0 1.51270132746767 49 29.0
677 0.0 0.6122448979591836 10.0 1.5112953402436529 49 30.0
678 0.0 0.5510204081632654 10.0 1.5146675170065644 49 27.0
679 0.0 0.5510204081632654 10.0 1.4728264280202301 49 27.0
680 0.0 0.6326530612244898 9.0 1.3337584356343726 49 31.0
681 0.0 0.6326530612244898 10.0 1.5233444230680453 49 31.0
682 0.0 0.5306122448979591 10.0 1.5289162939852547 49 26.0
683 0.0 0.5510204081632654 9.0 1.3853583244326468 49 27.0
684 0.0 0.4897959183673469 10.0 1.5155093887808782 49 24.0
685 0.0 0.6938775510204082 10.0 1.5166311575420075 49 34.0
686 0.0 0.5918367346938774 9.0 1.3680638287213738 49 29.0
687 0.0 0.5102040816326531 9.0 1.3862787264771086 49 25.0
688 0.0 0.5714285714285715 10.0 1.5138251770487459 49 28.0
689 0.0 0.6326530612244898 10.0 1.523344423068045 49 31.0
690 0.0 0.5306122448979591 9.0 1.3708580162366462 49 26.0
691 0.0 0.5306122448979591 9.0 1.3555755360781656 49 26.0
692 0.0 0.6326530612244898 10.0 1.5233444230680453 49 31.0
693 0.0 0.5306122448979591 10.0 1.5014165646749316 49 26.0
694 0.0 0.6122448979591836 9.0 1.3816705849956343 49 30.0
695 0.0 0.5714285714285715 10.0 1.5138251770487456 49 28.0
696 0.0 0.5714285714285715 10.0 1.5275252316519465 49 28.0
697 0.0 0.5102040816326532 9.0 1.3862787264771084 49 25.0
698 0.0 0.5510204081632654 10.0 1.5146675170065644 49 27.0
699 0.0 0.6326530612244898 10.0 1.6418216198151725 49 31.0
700 0.0 0.5918367346938774 10.0 1.51270132746767 49 29.0
701 0.0 0.5918367346938775 9.0 1.383208337931221 49 29.0
702 0.0 0.5918367346938774 10.0 1.5264114690309154 49 29.0
703 0.0 0.6122448979591837 10.0 1.525018121895227 49 30.0
704 0.0 0.6122448979591836 10.0 1.4974468066597597 49 30.0
705 0.0 0.46938775510204084 10.0 1.4734036674811624 49 23.0
706 0.0 0.5306122448979591 9.0 1.385971993709447 49 26.0
707 0.0 0.6938775510204082 10.0 1.5028317941009042 49 34.0
708 0.0 0.6326530612244898 10.0 1.5233444230680453 49 31.0
709 0.0 0.5918367346938774 10.0 1.51270132746767 49 29.0
710 0.0 0.5102040816326532 9.0 1.3862787264771084 49 25.0
711 0.0 0.5510204081632654 9.0 1.3853583244326468 49 27.0
712 0.0 0.5918367346938775 10.0 1.5264114690309154 49 29.0
713 0.0 0.7346938775510204 10.0 1.6172959712134949 49 36.0
714 0.0 0.5102040816326531 9.0 1.3862787264771084 49 25.0
715 0.0 0.6122448979591836 10.0 1.5112953402436529 49 30.0
716 0.0 0.5918367346938774 10.0 1.51270132746767 49 29.0
717 0.0 0.5510204081632654 10.0 1.5146675170065642 49 27.0
718 0.0 0.5306122448979591 9.0 1.385971993709447 49 26.0
719 0.0 0.5918367346938775 10.0 1.4988657843368713 49 29.0
720 0.0 0.5306122448979591 10.0 1.5152288168283163 49 26.0
721 0.0 0.653061224489796 10.0 1.4937511563198211 49 32.0
722 0.0 0.6122448979591837 9.0 1.3816705849956343 49 30.0
723 0.0 0.5714285714285715 10.0 1.5138251770487459 49 28.0
724 0.0 0.5102040816326531 10.0 1.5155093887808793 49 25.0
725 0.0 0.48979591836734687 9.0 1.4012263821915638 49 24.0
726 0.0 0.6122448979591836 10.0 1.5112953402436529 49 30.0
727 0.0 0.5306122448979591 10.0 1.5152288168283163 49 26.0
728 0.0 0.5918367346938775 10.0 1.51270132746767 49 29.0
729 0.0 0.4897959183673469 9.0 1.3862787264771077 49 24.0
730 0.0 0.653061224489796 10.0 1.5213894472948521 49 32.0
731 0.0 0.5510204081632654 10.0 1.5146675170065642 49 27.0
732 0.0 0.6122448979591836 9.0 1.3966675596249971 49 30.0
733 0.0 0.5102040816326531 10.0 1.5155093887808793 49 25.0
734 0.0 0.6326530612244898 10.0 1.5096064270616525 49 31.0
735 0.0 0.48979591836734687 9.0 1.3862787264771077 49 24.0
736 0.0 0.6122448979591836 10.0 1.5112953402436529 49 30.0
737 0.0 0.5918367346938775 10.0 1.4849013343616866 49 29.0
738 0.0 0.5102040816326531 9.0 1.3558891452289379 49 25.0
739 0.0 0.5510204081632654 10.0 1.528360020983766 49 27.0
740 0.0 0.5714285714285715 10.0 1.5138251770487459 49 28.0
741 0.0 0.5510204081632654 10.0 1.5146675170065644 49 27.0
742 0.0 0.5102040816326531 9.0 1.3862787264771086 49 25.0
743 0.0 0.7346938775510204 9.0 1.3960585918351474 49 36.0
744 0.0 0.4897959183673469 10.0 1.5155093887808782 49 24.0
745 0.0 0.5918367346938774 10.0 1.51270132746767 49 29.0
746 0.0 0.6734693877551021 12.0 1.79568644142522 49 33.0
747 0.0 0.5510204081632654 12.0 1.780229672563298 49 27.0
748 0.0 0.653061224489796 12.0 1.774248906910602 49 32.0
749 0.0 0.5714285714285715 11.0 1.6457014715109584 49 28.0
750 0.0 0.653061224489796 12.0 1.774248906910602 49 32.0
751 0.0 0.4897959183673469 11.0 1.6472508534372234 49 24.0
752 0.0 0.673469387755102 11.0 1.6506028583273349 49 33.0
753 0.0 0.510204081632653 12.0 1.7809460147581662 49 25.0
754 0.0 0.6122448979591836 12.0 1.7773614166629634 49 30.0
755 0.0 0.653061224489796 11.0 1.6400078811823238 49 32.0
756 0.0 0.6938775510204082 12.0 1.895214165917371 49 34.0
757 0.0 0.6938775510204082 12.0 1.7464736093131235 49 34.0
758 0.0 0.5102040816326531 11.0 1.6472508534372234 49 25.0
759 0.0 0.693877551020408 12.0 1.7701704441551787 49 34.0
760 0.0 0.5714285714285715 11.0 1.6457014715109584 49 28.0
761 0.0 0.673469387755102 12.0 1.7723307994234703 49 33.0
762 0.0 0.6734693877551021 12.0 1.7723307994234703 49 33.0
763 0.0 0.5510204081632654 11.0 1.6209722454157456 49 27.0
764 0.0 0.653061224489796 12.0 1.774248906910602 49 32.0
765 0.0 0.5918367346938774 12.0 1.7668046409990494 49 29.0
766 0.0 0.6326530612244898 11.0 1.6162440712835366 49 31.0
767 0.0 0.5714285714285715 11.0 1.6457014715109584 49 28.0
768 0.0 0.7346938775510204 12.0 1.8001795073001474 49 36.0
769 0.0 0.6122448979591836 12.0 1.777361416662963 49 30.0
770 0.0 0.7551020408163266 12.0 1.9635279923827793 49 37.0
771 0.0 0.5510204081632654 11.0 1.6464763447257587 49 27.0
772 0.0 0.5918367346938774 12.0 1.7785570854269612 49 29.0
773 0.0 0.6938775510204082 12.0 1.793554218498531 49 34.0
774 0.0 0.5714285714285715 12.0 1.779513042005219 49 28.0
775 0.0 0.7142857142857143 12.0 1.7677669529663689 49 35.0
776 0.0 0.5714285714285716 11.0 1.6201851746019649 49 28.0
777 0.0 0.6326530612244898 12.0 1.7641555764612107 49 31.0
778 0.0 0.653061224489796 12.0 1.7975796274454154 49 32.0
779 0.0 0.5918367346938774 12.0 1.7785570854269612 49 29.0
780 0.0 0.5918367346938774 11.0 1.6446677393288638 49 29.0
781 0.0 0.6326530612244898 12.0 1.7876180328281879 49 31.0
782 0.0 0.6122448979591836 11.0 1.6809759879631958 49 30.0
783 0.0 0.5918367346938774 12.0 1.7785570854269612 49 29.0
784 0.0 0.6938775510204082 12.0 1.7819006897207288 49 34.0
785 0.0 0.6326530612244898 11.0 1.6544621174143532 49 31.0
786 0.0 0.5714285714285715 12.0 1.7559422921421237 49 28.0
787 0.0 0.6326530612244898 12.0 1.7523065460393967 49 31.0
788 0.0 0.6122448979591836 11.0 1.6433746596892762 49 30.0
789 0.0 0.6326530612244898 12.0 1.7759255515437165 49 31.0
790 0.0 0.5918367346938774 12.0 1.7785570854269612 49 29.0
791 0.0 0.6122448979591836 11.0 1.6433746596892762 49 30.0
792 0.0 0.5510204081632654 12.0 1.7802296725632982 49 27.0
793 0.0 0.653061224489796 12.0 1.774248906910602 49 32.0
794 0.0 0.6326530612244898 11.0 1.691817040332431 49 31.0
795 0.0 0.6326530612244898 12.0 1.7523065460393967 49 31.0
796 0.0 0.5102040816326531 11.0 1.608861514907253 49 25.0
797 0.0 0.6326530612244898 12.0 1.7876180328281879 49 31.0
798 0.0 0.5306122448979591 12.0 1.7571525357844155 49 26.0
799 0.0 0.7346938775510204 11.0 1.8117154647377895 49 36.0
800 0.0 0.5918367346938774 12.0 1.7902323795499604 49 29.0
801 0.0 0.6326530612244898 11.0 1.6418216198151725 49 31.0
802 0.0 0.5510204081632654 12.0 1.7802296725632982 49 27.0
803 0.0 0.6326530612244898 11.0 1.6670067680204104 49 31.0
804 0.0 0.653061224489796 11.0 1.6400078811823238 49 32.0
805 0.0 0.5510204081632654 11.0 1.6464763447257589 49 27.0
806 0.0 0.5714285714285715 11.0 1.6457014715109586 49 28.0
807 0.0 0.653061224489796 12.0 1.7859523650814801 49 32.0
808 0.0 0.6326530612244898 11.0 1.6544621174143532 49 31.0
809 0.0 0.5306122448979591 12.0 1.7807072660454146 49 26.0
810 0.0 0.7959183673469387 14.0 2.0512150041371275 49 39.0
811 0.0 0.653061224489796 16.0 2.33230054888733 49 32.0
812 0.0 0.6938775510204082 15.0 2.181399413532639 49 34.0
813 0.0 0.7551020408163266 16.0 2.314182831340417 49 37.0
814 0.0 0.8775510204081632 16.0 2.429271607749467 49 43.0
815 0.0 0.5918367346938774 16.0 2.326642496414618 49 29.0
816 0.0 0.7346938775510204 16.0 2.3343049483383127 49 36.0
817 0.0 0.7346938775510204 17.0 2.456076734381494 49 36.0
818 0.0 0.7142857142857143 16.0 2.318404623873926 49 35.0
819 0.0 0.6734693877551021 16.0 2.3308417211925176 49 33.0
820 0.0 0.5918367346938774 14.0 2.0404081224408137 49 29.0
821 0.0 0.7142857142857142 14.0 2.051422270848529 49 35.0
822 0.0 0.653061224489796 16.0 2.33230054888733 49 32.0
823 0.0 0.693877551020408 14.0 2.073685141970017 49 34.0
824 0.0 0.6122448979591836 13.0 1.9128548312514928 49 30.0
825 0.0 0.653061224489796 15.0 2.203699733858222 49 32.0
826 0.0 0.693877551020408 14.0 2.043323290139671 49 34.0
827 0.0 0.5714285714285715 14.0 2.051422270848529 49 28.0
828 0.0 0.7142857142857143 16.0 2.318404623873926 49 35.0
829 0.0 0.7346938775510204 16.0 2.4560767343814938 49 36.0
830 0.0 0.9183673469387755 15.0 2.1489991342277377 49 45.0
831 0.0 0.6326530612244898 16.0 2.3246314900701677 49 31.0
832 0.0 0.8163265306122449 16.0 2.306453531107111 49 40.0
833 0.0 0.5918367346938774 16.0 2.3266424964146184 49 29.0
834 0.0 0.653061224489796 15.0 2.175153446772618 49 32.0
835 0.0 0.653061224489796 16.0 2.3053472298853666 49 32.0
836 0.0 0.693877551020408 16.0 2.329199447884876 49 34.0
837 0.0 0.7142857142857143 15.0 2.179449471770337 49 35.0
838 0.0 0.653061224489796 15.0 2.1942255696122337 49 32.0
839 0.0 0.7346938775510204 16.0 2.3163864657054534 49 36.0
840 0.0 0.7142857142857142 16.0 2.327373340628157 49 35.0
841 0.0 0.6734693877551021 16.0 2.3218864017399805 49 33.0
842 0.0 0.5306122448979591 14.0 2.0524582904443154 49 26.0
843 0.0 0.7551020408163266 14.0 2.0466498259849146 49 37.0
844 0.0 0.653061224489796 13.0 1.920839881494585 49 32.0
845 0.0 0.6734693877551021 14.0 2.045195132316646 49 33.0
846 0.0 0.6326530612244898 14.0 2.0483110680002974 49 31.0
847 0.0 0.6326530612244898 15.0 2.195581524629072 49 31.0
848 0.0 0.6938775510204082 15.0 2.181399413532639 49 34.0
849 0.0 0.6734693877551021 15.0 2.183152872014472 49 33.0
850 0.0 0.7142857142857143 16.0 2.3452078799117144 49 35.0
851 0.0 0.653061224489796 15.0 2.1942255696122337 49 32.0
852 0.0 0.7142857142857142 15.0 2.188987589427283 49 35.0
853 0.0 0.6734693877551021 15.0 2.183152872014472 49 33.0
854 0.0 0.6734693877551021 16.0 2.3308417211925176 49 33.0
855 0.0 0.7142857142857143 15.0 2.179449471770337 49 35.0
856 0.0 0.6122448979591836 14.0 2.0596958364708873 49 30.0
857 0.0 0.6734693877551021 15.0 2.192674879970057 49 33.0
858 0.0 0.7142857142857143 16.0 2.3184046238739255 49 35.0
859 0.0 0.7959183673469387 16.0 2.3092169653796666 49 39.0
860 0.0 0.653061224489796 16.0 2.3233508524700848 49 32.0
861 0.0 0.7142857142857142 16.0 2.3273733406281565 49 35.0
862 0.0 0.7142857142857143 16.0 2.318404623873926 49 35.0
863 0.0 0.6734693877551021 16.0 2.3218864017399805 49 33.0
864 0.0 0.5918367346938774 14.0 2.0505930783042046 49 29.0
865 0.0 0.6938775510204082 16.0 2.338126757618987 49 34.0
866 0.0 0.7551020408163266 16.0 2.314182831340417 49 37.0
867 0.0 0.6122448979591836 14.0 2.049556115872128 49 30.0
868 0.0 0.6938775510204082 14.0 2.073685141970017 49 34.0
869 0.0 0.6122448979591836 15.0 2.1872388085076984 49 30.0
870 0.0 0.5918367346938774 16.0 2.3176709515062273 49 29.0
871 0.0 0.8367346938775511 17.0 2.452438741806394 49 41.0
872 0.0 0.4897959183673469 11.0 1.6345545899366565 49 24.0
873 0.0 0.5102040816326531 10.0 1.5291943546029918 49 25.0
874 0.0 0.6326530612244898 10.0 1.5233444230680453 49 31.0
875 0.0 0.653061224489796 10.0 1.6400078811823238 49 32.0
876 0.0 0.5714285714285715 9.0 1.3844373104863457 49 28.0
877 0.0 0.6122448979591837 10.0 1.5386185163241446 49 30.0
878 0.0 0.5918367346938774 10.0 1.51270132746767 49 29.0
879 0.0 0.5510204081632654 10.0 1.6080685164947102 49 27.0
880 0.0 0.9591836734693876 16.0 2.715381984128179 49 47.0
881 0.0 1.4489795918367343 47.0 6.803985426724167 49 71.0
882 0.0 1.142857142857143 35.0 5.115336417740932 49 56.0
883 0.0 0.693877551020408 12.0 2.209865018810095 49 34.0
884 0.0 1.408163265306123 42.0 6.099584573787717 49 69.0
885 0.0 0.653061224489796 10.0 1.6014449257904986 49 32.0
886 0.0 0.5714285714285715 10.0 1.5679073101855647 49 28.0
887 0.0 0.6326530612244898 9.0 1.6418216198151725 49 31.0
888 0.0 0.6326530612244898 10.0 1.66700676802041 49 31.0
889 0.0 0.673469387755102 10.0 1.5463364648694777 49 33.0
890 0.0 0.7142857142857143 10.0 1.7911821050170564 49 35.0
891 0.0 0.6122448979591836 10.0 1.5520997408163493 49 30.0
892 0.0 0.5102040816326531 9.0 1.4306532450188598 49 25.0
893 0.0 0.6326530612244898 10.0 1.603302289430323 49 31.0
894 0.0 0.5714285714285715 10.0 1.5275252316519465 49 28.0
895 0.0 0.653061224489796 10.0 1.6014449257904986 49 32.0
896 0.0 0.5918367346938774 10.0 1.56682225309354 49 29.0
897 0.0 0.5714285714285715 9.0 1.3844373104863457 49 28.0
898 0.0 0.5918367346938775 10.0 1.56682225309354 49 29.0
899 0.0 0.5918367346938774 10.0 1.5534687979236823 49 29.0
900 0.0 0.5510204081632654 10.0 1.5146675170065644 49 27.0
901 0.0 0.5306122448979591 10.0 1.5289162939852547 49 26.0
902 0.0 0.6938775510204082 10.0 1.5838255590059602 49 34.0
903 0.0 0.6326530612244898 10.0 1.59025518852348 49 31.0
904 0.0 0.5714285714285715 9.0 1.4288690166235203 49 28.0
905 0.0 0.5510204081632654 10.0 1.5008500992464782 49 27.0
906 0.0 0.6734693877551021 10.0 1.586239724185797 49 33.0
907 0.0 0.4693877551020409 10.0 1.5424823177852875 49 23.0
908 0.0 29.93877551020407 1449.0 206.94769952849452 49 1467.0
909 0.0 0.5510204081632654 10.0 1.5553834533885305 49 27.0
910 0.0 0.6938775510204082 10.0 1.5969251917441871 49 34.0
911 0.0 0.5918367346938775 10.0 1.5534687979236825 49 29.0
912 0.0 0.653061224489796 10.0 1.6144015971891263 49 32.0
913 0.0 0.653061224489796 9.0 1.4513071752757243 49 32.0
914 0.0 0.5102040816326531 10.0 1.6217589342489616 49 25.0
915 0.0 0.6734693877551021 10.0 1.5463364648694777 49 33.0
916 0.0 0.6122448979591837 10.0 1.5654648741216919 49 30.0
917 0.0 0.5918367346938775 9.0 1.383208337931221 49 29.0
918 0.0 0.7142857142857143 10.0 1.8142950880897701 49 35.0
919 0.0 0.653061224489796 10.0 1.5485345277627713 49 32.0
920 0.0 0.5306122448979591 10.0 1.5152288168283163 49 26.0
921 0.0 0.5102040816326531 10.0 1.5695334893367712 49 25.0
922 0.0 0.6122448979591836 9.0 1.4261884887497087 49 30.0
923 0.0 0.6326530612244898 10.0 1.5638344641593354 49 31.0
924 0.0 0.5918367346938774 10.0 1.51270132746767 49 29.0
925 0.0 0.5714285714285715 10.0 1.5545631755148024 49 28.0
926 0.0 0.6326530612244898 9.0 1.4957422565265657 49 31.0
927 0.0 0.6326530612244898 10.0 1.603302289430323 49 31.0
928 0.0 0.653061224489796 10.0 1.6014449257904986 49 32.0
929 0.0 0.5510204081632654 10.0 1.5687206104789655 49 27.0
930 0.0 0.5510204081632654 9.0 1.429761409143089 49 27.0
931 0.0 0.6122448979591837 10.0 1.5520997408163493 49 30.0
932 0.0 0.7551020408163266 10.0 1.677431223688197 49 37.0
933 0.0 0.6326530612244898 10.0 1.66700676802041 49 31.0
934 0.0 0.5918367346938775 9.0 1.5534687979236823 49 29.0
935 0.0 0.5102040816326531 9.0 1.445141990999383 49 25.0
936 0.0 0.9183673469387755 10.0 1.8690097054086061 49 45.0
937 0.0 0.5306122448979591 10.0 1.569262576503246 49 26.0
938 0.0 0.6326530612244898 10.0 1.5638344641593354 49 31.0
939 0.0 0.5918367346938775 9.0 1.4276782922361924 49 29.0
940 0.0 0.6122448979591836 9.0 1.4261884887497087 49 30.0
941 0.0 0.5714285714285715 10.0 1.5138251770487456 49 28.0
942 0.0 0.6938775510204082 10.0 1.6228072594613763 49 34.0
943 0.0 0.48979591836734687 9.0 1.5562032988922085 49 24.0
944 0.0 0.6326530612244898 10.0 1.5504552765642254 49 31.0
945 0.0 19.265306122448976 912.0 130.19981046936476 49 944.0
946 0.0 0.5918367346938774 10.0 1.5534687979236823 49 29.0
947 0.0 0.46938775510204084 9.0 1.487476061660693 49 23.0
948 0.0 0.673469387755102 10.0 1.5597509830904739 49 33.0
949 0.0 0.6326530612244898 10.0 1.5504552765642254 49 31.0
950 0.0 0.5510204081632654 9.0 1.4586127040472958 49 27.0
951 0.0 0.7755102040816328 9.0 1.6235930591649825 49 38.0
952 0.0 0.5714285714285715 10.0 1.6708281379802854 49 28.0
953 0.0 0.6122448979591837 10.0 1.552099740816349 49 30.0
954 0.0 0.5918367346938774 9.0 1.4988657843368713 49 29.0
955 0.0 0.5714285714285715 9.0 1.4288690166235203 49 28.0
956 0.0 0.6122448979591836 10.0 1.552099740816349 49 30.0
957 0.0 0.5918367346938775 10.0 1.56682225309354 49 29.0
958 0.0 0.5918367346938774 10.0 1.51270132746767 49 29.0
959 0.0 0.5714285714285715 10.0 1.5545631755148024 49 28.0
960 0.0 0.653061224489796 9.0 1.4513071752757243 49 32.0
961 0.0 0.6326530612244898 9.0 1.4389503922277918 49 31.0
962 0.0 0.5510204081632654 10.0 1.5146675170065644 49 27.0
963 0.0 0.6122448979591836 10.0 1.5654648741216919 49 30.0
964 0.0 0.6122448979591836 10.0 1.5520997408163493 49 30.0
965 0.0 0.6122448979591837 10.0 1.6048926045405172 49 30.0
966 0.0 0.6122448979591836 10.0 1.565464874121692 49 30.0
967 0.0 0.5918367346938774 10.0 1.56682225309354 49 29.0
968 0.0 0.5714285714285715 9.0 1.4860462083439172 49 28.0
969 0.0 0.5918367346938775 9.0 1.4276782922361924 49 29.0
970 0.0 0.6326530612244898 10.0 1.5638344641593354 49 31.0
971 0.0 0.4897959183673469 10.0 1.5562032988922083 49 24.0
972 0.0 0.7142857142857143 10.0 1.6832508230603465 49 35.0
973 0.0 0.5306122448979591 9.0 1.444847754614169 49 26.0
974 0.0 0.7551020408163266 10.0 1.6649651178140086 49 37.0
975 0.0 0.6122448979591837 10.0 1.5520997408163493 49 30.0
976 0.0 0.5306122448979591 10.0 1.5289162939852547 49 26.0
977 0.0 0.6326530612244898 10.0 1.5096064270616527 49 31.0
978 0.0 0.5918367346938774 9.0 1.4276782922361924 49 29.0
979 0.0 0.653061224489796 9.0 1.4655917520487993 49 32.0
980 0.0 0.5102040816326531 10.0 1.515509388780879 49 25.0
981 0.0 0.6122448979591836 10.0 1.6048926045405172 49 30.0
982 0.0 0.693877551020408 10.0 1.7464736093131237 49 34.0
983 0.0 0.5918367346938774 9.0 1.4276782922361924 49 29.0
984 0.0 0.5714285714285715 10.0 1.5679073101855647 49 28.0
985 0.0 0.653061224489796 10.0 1.5076336370861023 49 32.0
986 0.0 0.5306122448979591 10.0 1.555930065056569 49 26.0
987 0.0 0.5306122448979591 9.0 1.4303560281786276 49 26.0
988 0.0 0.7346938775510204 10.0 1.5913242677625667 49 36.0
989 0.0 0.6122448979591836 10.0 1.5520997408163493 49 30.0
990 0.0 0.5714285714285715 10.0 1.5545631755148024 49 28.0
991 0.0 0.6326530612244898 10.0 1.5504552765642254 49 31.0
992 0.0 0.5510204081632654 9.0 1.4003158050031064 49 27.0
993 0.0 0.6122448979591836 10.0 1.552099740816349 49 30.0
994 0.0 0.6326530612244898 10.0 1.5638344641593354 49 31.0
995 0.0 0.6122448979591836 10.0 1.552099740816349 49 30.0
996 0.0 0.653061224489796 10.0 1.6144015971891263 49 32.0
997 0.0 0.7551020408163266 9.0 1.6141382149217423 49 37.0
998 0.0 0.5306122448979591 10.0 1.608597225539571 49 26.0
999 0.0 0.6326530612244898 10.0 1.5638344641593354 49 31.0
1000 0.0 0.6122448979591836 10.0 1.5654648741216919 49 30.0
1001 0.0 0.5714285714285715 10.0 1.5545631755148024 49 28.0
1002 0.0 0.7755102040816327 10.0 1.8058389800225014 49 38.0
1003 0.0 0.6122448979591836 9.0 1.5112953402436526 49 30.0
1004 0.0 0.6938775510204082 9.0 1.8051325162880816 49 34.0
1005 0.0 0.5510204081632654 10.0 1.5553834533885305 49 27.0
1006 0.0 0.673469387755102 10.0 1.5730511103960882 49 33.0
1007 0.0 0.5714285714285715 10.0 1.5545631755148024 49 28.0
1008 0.0 0.5714285714285715 9.0 1.414213562373095 49 28.0
1009 0.0 0.6326530612244898 10.0 1.536959627953572 49 31.0
1010 0.0 0.5510204081632654 10.0 1.5553834533885305 49 27.0
1011 0.0 0.6326530612244898 10.0 1.822245381745422 49 31.0
1012 0.0 0.6326530612244898 10.0 1.5638344641593354 49 31.0
1013 0.0 0.5510204081632654 9.0 1.3853583244326468 49 27.0
1014 0.0 0.653061224489796 10.0 1.6144015971891263 49 32.0
1015 0.0 0.5918367346938775 10.0 1.56682225309354 49 29.0
1016 0.0 0.6326530612244898 10.0 1.5504552765642254 49 31.0
1017 0.0 0.5510204081632654 10.0 1.5687206104789655 49 27.0
1018 0.0 0.5918367346938775 9.0 1.3981888187183866 49 29.0
1019 0.0 0.5510204081632654 10.0 1.5553834533885307 49 27.0
1020 0.0 0.6122448979591836 10.0 1.5112953402436529 49 30.0
1021 0.0 0.6122448979591837 10.0 1.5654648741216919 49 30.0
1022 0.0 0.6326530612244898 10.0 1.6162440712835369 49 31.0
1023 0.0 0.5714285714285715 9.0 1.4288690166235203 49 28.0
1024 0.0 0.6326530612244898 9.0 1.7283648046518378 49 31.0
1025 0.0 0.653061224489796 10.0 1.5619301682021944 49 32.0
1026 0.0 0.6122448979591836 10.0 1.6048926045405172 49 30.0
1027 0.0 0.693877551020408 10.0 1.6857748173151348 49 34.0
1028 0.0 0.5714285714285715 10.0 1.6201851746019649 49 28.0
1029 0.0 0.7755102040816326 10.0 1.5846306893938118 49 38.0
1030 0.0 0.4081632653061225 9.0 1.4276782922361924 49 20.0
1031 0.0 0.5102040816326531 9.0 1.445141990999383 49 25.0
1032 0.0 0.7142857142857142 10.0 1.5545631755148024 49 35.0
1033 0.0 0.6326530612244898 10.0 1.911520746585255 49 31.0
1034 0.0 0.7551020408163266 10.0 1.677431223688197 49 37.0
1035 0.0 0.6122448979591836 10.0 1.552099740816349 49 30.0
1036 0.0 0.6122448979591836 10.0 1.6048926045405172 49 30.0
1037 0.0 0.5306122448979591 9.0 1.444847754614169 49 26.0
1038 0.0 0.7346938775510204 9.0 1.4255921314212099 49 36.0
1039 0.0 0.5306122448979591 10.0 1.555930065056569 49 26.0
1040 0.0 0.7755102040816328 11.0 2.1042150765630816 49 38.0
1041 0.0 0.6122448979591836 10.0 1.565464874121692 49 30.0
1042 0.0 0.6734693877551021 10.0 1.675656029515516 49 33.0
1043 0.0 0.8163265306122449 10.0 1.8447387957349932 49 40.0
1044 0.0 0.6938775510204082 10.0 1.557295754835031 49 34.0
1045 0.0 0.5714285714285715 10.0 1.607275126832159 49 28.0
1046 0.0 0.6122448979591836 10.0 1.5520997408163493 49 30.0
1047 0.0 0.6734693877551021 9.0 1.7125487231759875 49 33.0
1048 0.0 0.5510204081632654 10.0 1.5553834533885305 49 27.0
1049 0.0 0.5714285714285715 10.0 1.5545631755148024 49 28.0
1050 0.0 0.5918367346938774 10.0 1.6062166643355178 49 29.0
1051 0.0 0.7551020408163266 10.0 1.5347449875698398 49 37.0
1052 0.0 0.5714285714285715 10.0 1.7320508075688779 49 28.0
1053 0.0 0.5510204081632654 10.0 1.5553834533885307 49 27.0
1054 0.0 0.6734693877551021 9.0 1.7246709239499487 49 33.0
1055 0.0 0.653061224489796 9.0 1.4797384398400062 49 32.0
1056 0.0 0.6326530612244898 10.0 1.5638344641593354 49 31.0
1057 0.0 0.6326530612244898 10.0 1.5504552765642254 49 31.0
1058 0.0 0.6938775510204082 10.0 1.7103128567683779 49 34.0
1059 0.0 0.6938775510204082 10.0 1.5438599034111038 49 34.0
1060 0.0 0.5306122448979591 10.0 1.5955934216920484 49 26.0
1061 0.0 0.6122448979591836 10.0 1.5654648741216919 49 30.0
1062 0.0 0.6326530612244898 10.0 1.5638344641593354 49 31.0
1063 0.0 0.5714285714285715 10.0 1.5138251770487456 49 28.0
1064 0.0 0.5714285714285715 10.0 1.5545631755148024 49 28.0
1065 0.0 0.6326530612244898 10.0 1.7403768455785238 49 31.0
1066 0.0 0.6326530612244898 10.0 1.5504552765642254 49 31.0
1067 0.0 0.6326530612244898 10.0 1.5096064270616525 49 31.0
1068 0.0 0.5510204081632654 9.0 1.4869042853329524 49 27.0
1069 0.0 0.5510204081632654 9.0 1.4869042853329524 49 27.0
1070 0.0 0.6122448979591836 10.0 1.5520997408163493 49 30.0
1071 0.0 0.5714285714285715 10.0 1.5275252316519465 49 28.0
1072 0.0 0.6326530612244898 10.0 1.7523065460393967 49 31.0
1073 0.0 0.673469387755102 10.0 1.599319583213968 49 33.0
1074 0.0 0.5306122448979591 10.0 1.608597225539571 49 26.0
1075 0.0 0.6326530612244898 9.0 1.6418216198151725 49 31.0
1076 0.0 0.5102040816326531 10.0 1.556203298892209 49 25.0
1077 0.0 0.6326530612244898 10.0 1.5504552765642254 49 31.0
1078 0.0 0.653061224489796 10.0 1.9099631367315615 49 32.0
1079 0.0 0.5714285714285715 10.0 1.5545631755148024 49 28.0
1080 0.0 0.5714285714285715 10.0 1.541103500742244 49 28.0
1081 0.0 0.6122448979591836 10.0 1.5386185163241444 49 30.0
1082 0.0 0.5714285714285715 10.0 1.6832508230603471 49 28.0
1083 0.0 0.5714285714285715 10.0 1.5138251770487459 49 28.0
1084 0.0 0.673469387755102 10.0 1.5463364648694777 49 33.0
1085 0.0 0.653061224489796 9.0 1.627255107127788 49 32.0
1086 0.0 0.5510204081632654 9.0 1.4297614091430888 49 27.0
1087 0.0 0.5714285714285715 10.0 1.541103500742244 49 28.0
1088 0.0 0.7346938775510204 10.0 1.6043626746583004 49 36.0
1089 0.0 0.5510204081632654 10.0 1.6080685164947102 49 27.0
1090 0.0 0.6938775510204082 10.0 1.5438599034111038 49 34.0
1091 0.0 0.5714285714285715 10.0 1.5811388300841895 49 28.0
1092 0.0 0.6326530612244898 10.0 1.5504552765642254 49 31.0
1093 0.0 0.5714285714285715 10.0 1.4999999999999998 49 28.0
1094 0.0 0.6122448979591836 9.0 1.4407221356350588 49 30.0
1095 0.0 0.5714285714285715 10.0 1.5545631755148024 49 28.0
1096 0.0 0.6326530612244898 10.0 1.603302289430323 49 31.0
1097 0.0 0.7346938775510204 10.0 1.5515517797257263 49 36.0
1098 0.0 0.5918367346938775 10.0 1.6062166643355178 49 29.0
1099 0.0 0.5510204081632654 10.0 1.5419309389230649 49 27.0
1100 0.0 0.6122448979591836 10.0 1.5654648741216919 49 30.0
1101 0.0 0.5510204081632654 10.0 1.5553834533885307 49 27.0
1102 0.0 0.673469387755102 10.0 1.546336464869478 49 33.0
1103 0.0 0.653061224489796 10.0 1.5619301682021947 49 32.0
1104 0.0 0.6938775510204082 10.0 1.7345037911058434 49 34.0
1105 0.0 0.5306122448979591 9.0 1.4157159675161797 49 26.0
1106 0.0 0.6326530612244898 9.0 1.4389503922277918 49 31.0
1107 0.0 0.5102040816326531 10.0 1.6217589342489616 49 25.0
1108 0.0 0.5306122448979591 10.0 1.5289162939852547 49 26.0
1109 0.0 0.6938775510204082 10.0 1.5166311575420075 49 34.0
1110 0.0 0.5918367346938775 10.0 1.7430620488446322 49 29.0
1111 0.0 0.5918367346938774 10.0 1.5399995582648016 49 29.0
1112 0.0 0.5510204081632654 10.0 1.528360020983766 49 27.0
1113 0.0 0.5918367346938774 10.0 1.5534687979236823 49 29.0
1114 0.0 0.46938775510204084 9.0 1.4303560281786278 49 23.0
1115 0.0 0.6326530612244898 9.0 1.4389503922277918 49 31.0
1116 0.0 0.5918367346938774 10.0 1.5534687979236823 49 29.0
1117 0.0 0.5306122448979591 10.0 1.5424823177852875 49 26.0
1118 0.0 0.6122448979591836 10.0 1.5386185163241444 49 30.0
1119 0.0 0.7142857142857142 10.0 1.6329931618554518 49 35.0
1120 0.0 0.5714285714285715 10.0 1.6201851746019649 49 28.0
1121 0.0 0.5918367346938774 10.0 1.5534687979236823 49 29.0
1122 0.0 0.5714285714285715 10.0 1.5545631755148024 49 28.0
1123 0.0 0.653061224489796 10.0 1.627255107127788 49 32.0
1124 0.0 0.6122448979591837 10.0 1.5112953402436529 49 30.0
1125 0.0 0.6326530612244898 9.0 1.4243986677281923 49 31.0
1126 0.0 0.5306122448979591 9.0 1.444847754614169 49 26.0
1127 0.0 0.5714285714285715 10.0 1.541103500742244 49 28.0
1128 0.0 0.653061224489796 10.0 1.6014449257904986 49 32.0
1129 0.0 0.673469387755102 10.0 1.559750983090474 49 33.0
1130 0.0 0.5510204081632654 10.0 1.5553834533885307 49 27.0
1131 0.0 0.6122448979591836 10.0 1.5654648741216919 49 30.0
1132 0.0 0.653061224489796 10.0 1.5883825684240775 49 32.0
1133 0.0 0.5102040816326531 10.0 1.5958598646131161 49 25.0
1134 0.0 0.653061224489796 10.0 1.5076336370861023 49 32.0
1135 0.0 0.5714285714285715 9.0 1.4288690166235203 49 28.0
1136 0.0 0.5306122448979591 9.0 1.5014165646749313 49 26.0
1137 0.0 0.5714285714285715 10.0 1.5545631755148024 49 28.0
1138 0.0 0.5918367346938775 10.0 1.56682225309354 49 29.0
1139 0.0 0.5918367346938774 10.0 1.4988657843368713 49 29.0
1140 0.0 0.5510204081632654 10.0 1.5419309389230649 49 27.0
1141 0.0 0.653061224489796 10.0 1.5485345277627713 49 32.0
1142 0.0 0.5510204081632654 10.0 1.5687206104789655 49 27.0
1143 0.0 0.653061224489796 10.0 1.5485345277627713 49 32.0
1144 0.0 0.46938775510204084 10.0 1.555930065056569 49 23.0
1145 0.0 0.6122448979591836 10.0 1.5918585381377888 49 30.0
1146 0.0 0.6122448979591836 10.0 1.552099740816349 49 30.0
1147 0.0 0.6938775510204082 9.0 1.557295754835031 49 34.0
1148 0.0 0.6122448979591837 9.0 1.4261884887497085 49 30.0
1149 0.0 0.6734693877551021 10.0 1.6631766179768874 49 33.0
1150 0.0 0.5306122448979591 10.0 1.5692625765032457 49 26.0
1151 0.0 0.6734693877551021 10.0 1.7367085139956668 49 33.0
1152 0.0 0.6734693877551021 10.0 1.5328045524196379 49 33.0
1153 0.0 0.5918367346938774 10.0 1.5534687979236825 49 29.0
1154 0.0 0.6122448979591836 10.0 1.5654648741216919 49 30.0
1155 0.0 0.5510204081632654 10.0 1.6080685164947102 49 27.0
1156 0.0 0.673469387755102 10.0 1.5597509830904739 49 33.0
1157 0.0 0.5714285714285715 10.0 1.5545631755148024 49 28.0
1158 0.0 0.5714285714285715 9.0 1.369306393762915 49 28.0
1159 0.0 0.5918367346938774 10.0 1.5264114690309154 49 29.0
1160 0.0 0.653061224489796 10.0 1.5485345277627713 49 32.0
1161 0.0 0.5102040816326531 10.0 1.556203298892209 49 25.0
1162 0.0 0.7755102040816327 10.0 1.5714285714285712 49 38.0
1163 0.0 0.5918367346938775 10.0 1.6062166643355178 49 29.0
1164 0.0 0.5102040816326531 10.0 1.5016997172591886 49 25.0
1165 0.0 0.7755102040816327 10.0 1.735239009983555 49 38.0
1166 0.0 0.6122448979591836 10.0 1.5520997408163493 49 30.0
1167 0.0 0.5714285714285715 10.0 1.5545631755148024 49 28.0
1168 0.0 0.6938775510204082 10.0 1.6099182385120916 49 34.0
1169 0.0 0.5510204081632654 10.0 1.5687206104789655 49 27.0
1170 0.0 0.5510204081632654 10.0 1.5419309389230649 49 27.0
1171 0.0 0.7142857142857143 10.0 1.5545631755148024 49 35.0
1172 0.0 0.5714285714285715 10.0 1.607275126832159 49 28.0
1173 0.0 0.5510204081632654 10.0 1.5687206104789655 49 27.0
1174 0.0 0.6938775510204082 10.0 1.7345037911058432 49 34.0
1175 0.0 0.5510204081632654 10.0 1.5008500992464784 49 27.0
1176 0.0 0.5918367346938774 9.0 1.4276782922361924 49 29.0
1177 0.0 0.6326530612244898 10.0 1.6794577194119893 49 31.0
1178 0.0 0.5918367346938775 10.0 1.51270132746767 49 29.0
1179 0.0 0.6326530612244898 10.0 1.536959627953572 49 31.0
1180 0.0 0.6122448979591836 10.0 1.7418420150639884 49 30.0
1181 0.0 0.7346938775510204 10.0 1.5515517797257263 49 36.0
1182 0.0 0.5306122448979591 10.0 1.608597225539571 49 26.0
1183 0.0 0.5714285714285715 10.0 1.541103500742244 49 28.0
1184 0.0 0.6326530612244898 10.0 1.6794577194119893 49 31.0
1185 0.0 0.6326530612244898 10.0 1.5096064270616525 49 31.0
1186 0.0 0.6326530612244898 10.0 1.6162440712835369 49 31.0
1187 0.0 0.673469387755102 10.0 1.675656029515516 49 33.0
1188 0.0 0.6326530612244898 10.0 1.5504552765642254 49 31.0
1189 0.0 0.6122448979591836 10.0 1.5386185163241444 49 30.0
1190 0.0 0.5918367346938775 10.0 1.5534687979236825 49 29.0
1191 0.0 0.5918367346938774 10.0 1.5534687979236823 49 29.0
1192 0.0 0.673469387755102 10.0 1.559750983090474 49 33.0
1193 0.0 0.5714285714285715 10.0 1.6708281379802854 49 28.0
1194 0.0 0.5306122448979591 9.0 1.4303560281786276 49 26.0
1195 0.0 0.7346938775510204 10.0 1.5913242677625665 49 36.0
1196 0.0 0.5714285714285715 10.0 1.5545631755148024 49 28.0
1197 0.0 0.6122448979591836 9.0 1.483468999375735 49 30.0
1198 0.0 0.6326530612244898 9.0 1.4389503922277918 49 31.0
1199 0.0 0.653061224489796 10.0 1.6014449257904986 49 32.0
1200 0.0 0.6938775510204082 10.0 1.557295754835031 49 34.0
1201 0.0 0.6122448979591836 10.0 1.5386185163241444 49 30.0
1202 0.0 0.5102040816326531 10.0 1.515509388780879 49 25.0
1203 0.0 0.673469387755102 10.0 1.5730511103960882 49 33.0
1204 0.0 0.6122448979591836 10.0 1.5520997408163493 49 30.0
1205 0.0 0.5510204081632654 10.0 1.6209722454157456 49 27.0
1206 0.0 0.7346938775510204 10.0 1.6043626746583004 49 36.0
1207 0.0 0.5306122448979591 10.0 1.5424823177852875 49 26.0
1208 0.0 0.6122448979591836 10.0 1.552099740816349 49 30.0
1209 0.0 0.6122448979591836 10.0 1.565464874121692 49 30.0
1210 0.0 0.673469387755102 9.0 1.4345114601325775 49 33.0
1211 0.0 0.7755102040816327 10.0 1.7826163604195309 49 38.0
1212 0.0 0.5918367346938775 10.0 1.6062166643355178 49 29.0
1213 0.0 0.5918367346938775 10.0 1.5399995582648016 49 29.0
1214 0.0 0.5714285714285715 10.0 1.5275252316519465 49 28.0
1215 0.0 0.653061224489796 10.0 1.5076336370861023 49 32.0
1216 0.0 0.673469387755102 10.0 1.5463364648694777 49 33.0
1217 0.0 0.5918367346938775 10.0 1.6191351516954304 49 29.0
1218 0.0 0.4897959183673469 10.0 1.501699717259188 49 24.0
1219 0.0 0.7346938775510204 10.0 1.538065752334211 49 36.0
1220 0.0 0.5510204081632654 10.0 1.595060402328022 49 27.0
1221 0.0 0.5306122448979591 10.0 1.555930065056569 49 26.0
1222 0.0 0.6938775510204082 10.0 1.557295754835031 49 34.0
1223 0.0 0.5510204081632654 10.0 1.5419309389230649 49 27.0
1224 0.0 0.5510204081632654 10.0 1.5419309389230649 49 27.0
1225 0.0 0.653061224489796 10.0 1.5485345277627713 49 32.0
1226 0.0 0.7755102040816328 10.0 1.8058389800225014 49 38.0
1227 0.0 0.653061224489796 9.0 1.4368805971061533 49 32.0
1228 0.0 0.6326530612244898 9.0 1.4817483697620577 49 31.0
1229 0.0 0.5510204081632654 10.0 1.5419309389230649 49 27.0
1230 0.0 0.6122448979591836 10.0 1.552099740816349 49 30.0
1231 0.0 0.5510204081632654 10.0 1.5553834533885307 49 27.0
1232 0.0 0.653061224489796 10.0 1.575211895906961 49 32.0
1233 0.0 0.5918367346938775 10.0 1.56682225309354 49 29.0
1234 0.0 0.6122448979591836 10.0 1.5112953402436529 49 30.0
1235 0.0 0.6326530612244898 10.0 1.5096064270616525 49 31.0
1236 0.0 0.5918367346938774 10.0 1.6698099610801367 49 29.0
1237 0.0 0.6326530612244898 10.0 1.5504552765642254 49 31.0
1238 0.0 0.6122448979591837 9.0 1.3966675596249971 49 30.0
1239 0.0 0.5714285714285715 10.0 1.5545631755148024 49 28.0
1240 0.0 0.6326530612244898 10.0 1.5638344641593354 49 31.0
1241 0.0 0.6326530612244898 10.0 1.5504552765642254 49 31.0
1242 0.0 0.5918367346938775 10.0 1.5534687979236825 49 29.0
1243 0.0 0.6122448979591836 10.0 1.525018121895227 49 30.0
1244 0.0 0.5918367346938774 10.0 1.5264114690309154 49 29.0
1245 0.0 0.5510204081632654 10.0 1.5687206104789655 49 27.0
1246 0.0 0.6122448979591836 10.0 1.5386185163241444 49 30.0
1247 0.0 0.6122448979591837 10.0 1.5918585381377888 49 30.0
1248 0.0 0.653061224489796 10.0 1.5619301682021944 49 32.0
1249 0.0 0.5510204081632654 10.0 1.5553834533885307 49 27.0
1250 0.0 0.4897959183673469 10.0 1.556203298892208 49 24.0
1251 0.0 0.673469387755102 10.0 1.5463364648694777 49 33.0
1252 0.0 0.4897959183673469 10.0 1.5562032988922083 49 24.0
1253 0.0 0.653061224489796 10.0 1.6014449257904988 49 32.0
1254 0.0 0.673469387755102 10.0 1.586239724185797 49 33.0
1255 0.0 0.653061224489796 10.0 1.5485345277627713 49 32.0
1256 0.0 0.5510204081632654 10.0 1.5687206104789655 49 27.0
1257 0.0 0.6122448979591837 9.0 1.3966675596249971 49 30.0
1258 0.0 0.5102040816326531 9.0 1.459486910121611 49 25.0
1259 0.0 0.6122448979591837 9.0 1.4261884887497087 49 30.0
1260 0.0 0.653061224489796 10.0 1.6014449257904986 49 32.0
1261 0.0 0.7142857142857142 10.0 1.5545631755148024 49 35.0
1262 0.0 0.5714285714285715 10.0 1.6201851746019649 49 28.0
1263 0.0 0.5918367346938774 10.0 1.5534687979236823 49 29.0
1264 0.0 0.6326530612244898 10.0 1.5638344641593354 49 31.0
1265 0.0 0.5510204081632654 10.0 1.5146675170065644 49 27.0
1266 0.0 0.6326530612244898 10.0 1.603302289430323 49 31.0
1267 0.0 0.5306122448979591 10.0 1.5424823177852875 49 26.0
1268 0.0 0.6938775510204082 10.0 1.5438599034111038 49 34.0
1269 0.0 0.5714285714285715 10.0 1.5679073101855647 49 28.0
1270 0.0 0.6122448979591836 10.0 1.565464874121692 49 30.0
1271 0.0 0.673469387755102 10.0 1.6122933343279586 49 33.0
1272 0.0 0.7551020408163266 10.0 1.7740092568916925 49 37.0
1273 0.0 0.5714285714285715 10.0 1.541103500742244 49 28.0
1274 0.0 0.6122448979591837 9.0 1.455110627675955 49 30.0
1275 0.0 0.653061224489796 10.0 1.5485345277627713 49 32.0
1276 0.0 0.5918367346938774 10.0 1.5534687979236823 49 29.0
1277 0.0 0.5918367346938775 10.0 1.5264114690309154 49 29.0
1278 0.0 0.6122448979591837 10.0 1.5918585381377888 49 30.0
1279 0.0 0.6734693877551021 10.0 1.7486632406646239 49 33.0
1280 0.0 0.653061224489796 10.0 1.5485345277627713 49 32.0
1281 0.0 0.5918367346938774 10.0 1.5534687979236823 49 29.0
1282 0.0 0.653061224489796 10.0 1.5619301682021947 49 32.0
1283 0.0 0.653061224489796 10.0 1.627255107127788 49 32.0
1284 0.0 0.6326530612244898 10.0 1.5902551885234801 49 31.0
1285 0.0 0.6122448979591836 10.0 1.565464874121692 49 30.0
1286 0.0 0.5714285714285715 10.0 1.5545631755148024 49 28.0
1287 0.0 0.7755102040816327 10.0 1.735239009983555 49 38.0
1288 0.0 0.5918367346938775 9.0 1.4276782922361924 49 29.0
1289 0.0 0.5714285714285715 10.0 1.4999999999999998 49 28.0
1290 0.0 0.6326530612244898 10.0 1.6794577194119893 49 31.0
1291 0.0 0.5918367346938774 10.0 1.5399995582648016 49 29.0
1292 0.0 0.6326530612244898 10.0 1.6670067680204104 49 31.0
1293 0.0 0.653061224489796 10.0 1.5619301682021944 49 32.0
1294 0.0 0.5510204081632654 10.0 1.5553834533885305 49 27.0
1295 0.0 0.6938775510204082 10.0 1.6099182385120916 49 34.0
1296 0.0 0.5510204081632654 10.0 1.6080685164947102 49 27.0
1297 0.0 0.653061224489796 10.0 1.5619301682021944 49 32.0
1298 0.0 0.3061224489795918 7.0 1.1031032293914642 49 15.0
tot,0.0,0.6213413771975589,1449.0,7.007588267074299,63651
