##ver, min, mean, max, stddev, count
0 636.0 731.94 1149.0 83.86101475607344 50 36597.0
1 554.0 688.3 812.0 40.77126338939409 50 34415.0
2 535.0 642.44 743.0 32.371037697804084 50 32122.0
3 540.0 684.5 828.0 45.6768820194681 50 34225.0
4 490.0 599.1 715.0 34.74998164733035 50 29955.0
5 492.0 593.94 682.0 34.590555511761366 50 29697.0
6 513.0 621.14 751.0 34.3903225590323 50 31057.0
7 496.0 608.84 691.0 26.787417088732433 50 30442.0
8 582.0 706.9 814.0 33.38290531614855 50 35345.0
9 576.0 683.98 765.0 30.87730161626888 50 34199.0
