##ver, min, mean, max, stddev, count
0 563.0 649.42 854.0 45.336875111744945 50 32471.0
1 566.0 650.94 701.0 22.413015533526988 50 32547.0
2 535.0 621.2 727.0 31.954048640036152 50 31060.0
3 569.0 656.98 753.0 31.57853184474206 50 32849.0
4 497.0 572.44 660.0 22.214317868603278 50 28622.0
5 487.0 568.66 703.0 31.120968716888473 50 28433.0
6 523.0 594.28 660.0 24.771642773830838 50 29714.0
7 509.0 588.66 660.0 27.042377929494894 50 29433.0
8 579.0 681.18 763.0 29.54256009798165 50 34059.0
9 551.0 655.28 725.0 23.857604785947167 50 32764.0
