##bucket, min, mean, max, stddev, count,total
0 1173.0 1489.2173913043478 1637.0 68.7752904734698 46 68504.0
1 1051.0 1446.608695652174 1592.0 86.62267556884464 46 66544.0
2 1085.0 1488.2391304347825 1644.0 91.47414565696415 46 68459.0
3 1001.0 1392.5869565217392 1533.0 83.99618406331365 46 64059.0
4 992.0 1390.4782608695652 1498.0 86.52751370529103 46 63962.0
5 1016.0 1412.7826086956522 1533.0 82.32642698253183 46 64988.0
6 1014.0 1412.695652173913 1609.0 88.05777637821848 46 64984.0
7 1088.0 1514.8695652173913 1682.0 91.57209878211987 46 69684.0
8 1157.0 1492.804347826087 1616.0 75.38423636137358 46 68669.0
9 1160.0 1494.3478260869565 1612.0 71.35022148725395 46 68740.0
tot,992.0,1453.4630434782607,1682.0,93.83175008519453,460
