##ver, min, mean, max, stddev, count
0 709.0 771.5384615384615 908.0 58.7233845877083 13 10030.0
1 697.0 820.6153846153846 1041.0 99.64732682611081 13 10668.0
2 626.0 761.0 1048.0 99.17997109631897 13 9893.0
3 605.0 776.0 871.0 62.831786011009854 13 10088.0
4 585.0 685.3846153846154 848.0 59.19816785106679 13 8910.0
5 526.0 664.4615384615385 736.0 51.32026140589338 13 8638.0
6 610.0 697.0769230769231 751.0 31.491960716087366 13 9062.0
7 579.0 796.1538461538462 2070.0 384.8436578997256 13 10350.0
8 701.0 950.6153846153846 2416.0 456.11813865516956 13 12358.0
9 654.0 813.8461538461538 1204.0 135.44669686746772 13 10580.0
