##ver, min, mean, max, stddev, count
0 579.0 676.64 1178.0 156.6236565654064 50 33832.0
1 603.0 683.3 1228.0 170.5141385005109 50 34165.0
2 568.0 647.38 1178.0 159.0660099147649 50 32369.0
3 604.0 687.3 1203.0 173.50201433871547 50 34365.0
4 529.0 599.54 1104.0 150.73225485297175 50 29977.0
5 525.0 592.34 1131.0 154.8531377974444 50 29617.0
6 549.0 616.2 1103.0 150.516661224339 50 30810.0
7 539.0 609.08 1098.0 147.71495440578124 50 30454.0
8 629.0 700.66 1251.0 171.33933510756378 50 35033.0
9 607.0 707.1800000000001 2129.0 264.17609232309803 50 35359.0
