##ver, min, mean, max, stddev, count
0 551.0 1053.1 3153.0 832.8599255310316 10 10531.0
1 573.0 757.0 1777.0 365.76130650102033 10 7570.0
2 536.0 649.8 1384.0 261.04226988491087 10 6498.0
3 571.0 715.4 1604.0 318.3580095147949 10 7154.0
4 502.0 601.6 1134.0 193.46443830556788 10 6016.0
5 497.0 628.5 1287.0 245.67017184292712 10 6285.0
6 519.0 664.3 1514.0 304.24516795213395 10 6643.0
7 515.0 588.4 935.0 129.2999957033599 10 5884.0
8 592.0 639.3 816.0 79.32920157307913 10 6393.0
9 571.0 605.1 725.0 48.86819006265733 10 6051.0
