##bucket, min, mean, max, stddev, count,total
0 1093.0 1271.58 1349.0 42.80906350724512 50 63579.0
1 1038.0 1244.08 1340.0 59.529735324080704 50 62204.0
2 1062.0 1270.22 1374.0 56.99706043261514 50 63511.0
3 973.0 1192.16 1299.0 52.14201956274452 50 59608.0
4 966.0 1179.44 1260.0 51.77548076226106 50 58972.0
5 990.0 1214.86 1352.0 61.73974673199277 50 60743.0
6 1003.0 1202.2 1313.0 53.58685492178249 50 60110.0
7 1093.0 1289.7 1362.0 49.65934977834651 50 64485.0
8 1070.0 1270.9 1354.0 49.22055734452956 50 63545.0
9 1081.0 1278.04 1389.0 48.49067236203731 50 63902.0
tot,966.0,1241.3179999999998,1389.0,65.01719270080325,500
