##ver, min, mean, max, stddev, count
0 559.0 654.78 731.0 32.516425990315625 50 32739.0
1 605.0 688.4 769.0 24.044177028536286 50 34420.0
2 541.0 647.16 736.0 31.13391745872227 50 32358.0
3 577.0 692.74 767.0 36.35415929380273 50 34637.0
4 501.0 599.08 639.0 20.476806192293147 50 29954.0
5 498.0 592.16 671.0 26.567096421041168 50 29608.0
6 519.0 622.1 718.0 30.38209058921767 50 31105.0
7 519.0 619.32 695.0 31.278498841790956 50 30966.0
8 612.0 716.96 804.0 28.973569940586223 50 35848.0
9 579.0 688.6 780.0 27.75843317345016 50 34430.0
