##ver, min, mean, max, stddev, count
0 561.0 642.32 799.0 36.54543719251196 50 32116.0
1 568.0 679.1 806.0 43.385434403349564 50 33955.0
2 538.0 652.26 1246.0 94.08264061614196 50 32613.0
3 558.0 676.74 939.0 52.36325631819413 50 33837.0
4 494.0 589.62 705.0 33.75293789178255 50 29481.0
5 487.0 576.98 628.0 24.024213975546786 50 28849.0
6 519.0 605.02 669.0 24.366663409549652 50 30251.0
7 498.0 598.54 667.0 27.546776543893177 50 29927.0
8 577.0 697.8 768.0 27.556991038610164 50 34890.0
9 561.0 677.52 821.0 36.053384454337234 50 33876.0
