##bucket, min, mean, max, stddev, count,total
0 1165.0 1272.5 2350.0 265.33800161688265 50 63625.0
1 1098.0 1232.84 2200.0 247.33810289330097 50 61642.0
2 1158.0 1275.72 2329.0 263.73719448553715 50 63786.0
3 1085.0 1187.58 2128.0 237.92959771618945 50 59379.0
4 1058.0 1181.94 2226.0 255.4547294052514 50 59097.0
5 1085.0 1207.56 2244.0 248.24437926514003 50 60378.0
6 1107.0 1195.52 2201.0 245.2755418474729 50 59776.0
7 1173.0 1287.34 2378.0 272.1035674675572 50 64367.0
8 1171.0 1266.96 2376.0 268.05596126060493 50 63348.0
9 1158.0 1271.36 2320.0 259.6463654705007 50 63568.0
tot,1058.0,1237.932,2378.0,257.2361410075985,500
