##bucket, min, mean, max, stddev, count,total
0 1077.0 1255.92 1387.0 47.12027164607607 50 62796.0
1 1008.0 1214.08 1304.0 54.61510593158606 50 60704.0
2 1058.0 1261.58 1396.0 63.715595758473 50 63079.0
3 983.0 1170.9 1257.0 50.334898835860656 50 58545.0
4 974.0 1170.32 1302.0 56.043874940686855 50 58516.0
5 992.0 1188.08 1328.0 53.826569571511186 50 59404.0
6 991.0 1185.92 1330.0 52.24816762727822 50 59296.0
7 1072.0 1283.54 1410.0 58.98882979697365 50 64177.0
8 1061.0 1252.88 1329.0 47.8887486253082 50 62644.0
9 1069.0 1265.7 1376.0 46.66609572051125 50 63285.0
tot,974.0,1224.8920000000003,1410.0,67.16859068902889,500
