##bucket, min, mean, max, stddev, count,total
0 1230.0 1615.0 1903.0 229.05166811587875 10 16150.0
1 1251.0 1515.8 1797.0 160.07067883351476 10 15158.0
2 1253.0 1548.0 2207.0 265.2198249670555 10 15480.0
3 1201.0 1356.3 1691.0 138.97086025494696 10 13563.0
4 1036.0 1299.1 1554.0 140.79729321893151 10 12991.0
5 1113.0 1332.5 1545.0 159.1220705412462 10 13325.0
6 1043.0 1305.1 1431.0 136.5938423860233 10 13051.0
7 1187.0 1523.1 2032.0 229.83204012205667 10 15231.0
8 1130.0 1523.6 1961.0 222.13719484438738 10 15236.0
9 1167.0 1556.2 2770.0 439.2649921554566 10 15562.0
tot,1036.0,1457.47,2770.0,246.79576699380522,100
