##bucket, min, mean, max, stddev, count,total
0 1180.0 1353.08 2497.0 365.9932998159995 50 67654.0
1 1146.0 1310.44 2440.0 352.39287907744375 50 65522.0
2 1183.0 1352.68 2518.0 372.9475774290592 50 67634.0
3 1111.0 1256.34 2341.0 333.6073464908305 50 62817.0
4 1107.0 1247.06 2332.0 333.1094941637671 50 62353.0
5 1132.0 1282.32 2391.0 343.496275712811 50 64116.0
6 1124.0 1272.3600000000001 2360.0 344.54985480911125 50 63618.0
7 1214.0 1370.6399999999999 2555.0 374.658307457527 50 68532.0
8 1181.0 1356.08 2499.0 367.5512925471235 50 67804.0
9 1188.0 1347.1399999999999 2484.0 360.44802110480134 50 67357.0
tot,1107.0,1314.8140000000003,2555.0,354.75381879254786,500
