##bucket, min, mean, max, stddev, count,total
0 1148.0 1193.7441860465117 1311.0 35.51732844901259 43 51331.0
1 1090.0 1158.046511627907 1244.0 31.769971962435047 43 49796.0
2 1157.0 1188.046511627907 1308.0 29.10895254889652 43 51086.0
3 1075.0 1106.9767441860465 1182.0 19.2495990955075 43 47600.0
4 1074.0 1102.139534883721 1177.0 22.95189731274316 43 47392.0
5 1100.0 1137.7441860465117 1255.0 32.16630374080172 43 48923.0
6 1084.0 1118.6744186046512 1189.0 21.87597173921387 43 48103.0
7 1172.0 1215.1162790697674 1281.0 29.64087372782451 43 52250.0
8 1157.0 1199.3023255813953 1314.0 37.63264469637835 43 51570.0
9 1147.0 1191.5813953488373 1419.0 41.8649942178879 43 51238.0
tot,1074.0,1161.1372093023256,1419.0,50.269968249557984,430
