##bucket, min, mean, max, stddev, count,total
0 1121.0 1310.6666666666667 1437.0 133.48957512355287 6 7864.0
1 1031.0 1213.3333333333333 1390.0 172.5614866262651 6 7280.0
2 1085.0 1268.8333333333333 1469.0 176.48616565234417 6 7613.0
3 1033.0 1230.5 1370.0 120.94089465519924 6 7383.0
4 1043.0 1210.3333333333333 1328.0 118.22464492087369 6 7262.0
5 1042.0 1297.8333333333333 1552.0 179.08703656788413 6 7787.0
6 1030.0 1352.0 1786.0 244.49212666259828 6 8112.0
7 1152.0 1337.1666666666667 1502.0 136.37802853343595 6 8023.0
8 1103.0 1466.5 2348.0 457.56955755382154 6 8799.0
9 1112.0 1592.0 3096.0 750.2013063171778 6 9552.0
tot,1030.0,1327.9166666666667,3096.0,311.7564940493154,60
