##bucket, min, mean, max, stddev, count,total
0 1076.0 1100.74 1293.0 38.180992172353335 50 55037.0
1 1014.0 1075.52 1257.0 43.18741313231467 50 53776.0
2 1064.0 1107.16 1234.0 35.547817752131785 50 55358.0
3 996.0 1031.66 1166.0 30.332585024783395 50 51583.0
4 988.0 1029.54 1175.0 34.07327637996244 50 51477.0
5 1011.0 1044.4 1119.0 24.72955762661684 50 52220.0
6 1014.0 1038.16 1120.0 24.293578558616545 50 51908.0
7 1100.0 1117.98 1209.0 20.244918737645694 50 55899.0
8 1078.0 1097.44 1165.0 19.91016559141462 50 54872.0
9 1075.0 1105.46 1329.0 40.83576363724247 50 55273.0
tot,988.0,1074.806,1329.0,46.252556274479005,500
