##ver, min, mean, max, stddev, count
0 678.0 711.56 849.0 40.138616959588575 50 35578.0
1 606.0 734.06 863.0 32.81389078685166 50 36703.0
2 537.0 692.18 820.0 32.366958460751306 50 34609.0
3 553.0 736.54 921.0 44.85587350342319 50 36827.0
4 480.0 639.24 720.0 28.42071678999568 50 31962.0
5 578.0 637.88 704.0 21.943935985383575 50 31894.0
6 653.0 668.94 848.0 31.875017406958026 50 33447.0
7 508.0 659.0 854.0 40.39397813273354 50 32950.0
8 570.0 760.18 902.0 38.810733840324254 50 38009.0
9 642.0 737.48 964.0 41.079435244413965 50 36874.0
