##bucket, min, mean, max, stddev, count,total
0 1098.0 1420.52 1556.0 64.82700369570742 50 71026.0
1 1009.0 1369.88 1523.0 76.4940013654532 50 68494.0
2 1074.0 1415.38 1561.0 76.51487517109976 50 70769.0
3 989.0 1328.18 1489.0 76.39229846853753 50 66409.0
4 969.0 1310.52 1388.0 70.38124750244202 50 65526.0
5 1011.0 1353.36 1506.0 79.26621639276402 50 67668.0
6 989.0 1337.3 1523.0 76.60480349408479 50 66865.0
7 1057.0 1439.12 1529.0 77.41450583892993 50 71956.0
8 1085.0 1423.06 1562.0 73.29515672948658 50 71153.0
9 1079.0 1419.12 1495.0 60.72307163320567 50 70956.0
tot,969.0,1381.6439999999998,1562.0,85.3602836220691,500
