##ver, min, mean, max, stddev, count
0 720.0 859.2826086956522 1278.0 164.81985627998404 46 39527.0
1 734.0 787.1304347826087 1041.0 48.63405697229608 46 36208.0
2 703.0 740.5217391304348 1048.0 51.72050490878182 46 34064.0
3 637.0 787.4347826086956 923.0 43.77703719425569 46 36222.0
4 554.0 675.5652173913044 750.0 26.983659395940634 46 31076.0
5 502.0 674.1304347826087 755.0 35.49811180934819 46 31010.0
6 595.0 714.7826086956521 799.0 35.94867516859018 46 32880.0
7 582.0 709.304347826087 1099.0 66.09349255754385 46 32628.0
8 627.0 828.3260869565217 1547.0 116.32369670647047 46 38103.0
9 743.0 783.3260869565217 947.0 33.536086267267436 46 36033.0
