##ver, min, mean, max, stddev, count
0 631.0 787.5 1068.0 194.82992583276317 6 4725.0
1 580.0 768.0 1145.0 202.72345695552846 6 4608.0
2 623.0 741.5 1044.0 162.21806311258928 6 4449.0
3 611.0 760.1666666666666 1098.0 184.22531494522318 6 4561.0
4 520.0 724.5 990.0 174.46690230527966 6 4347.0
5 507.0 703.0 918.0 184.12387134752515 6 4218.0
6 541.0 837.5 1243.0 284.6441638256439 6 5025.0
7 531.0 766.3333333333334 1241.0 278.8531274105899 6 4598.0
8 605.0 1010.0 2161.0 598.0595288096328 6 6060.0
9 598.0 972.5 2198.0 613.921411908723 6 5835.0
