##bucket, min, mean, max, stddev, count,total
0 1161.0 1326.4615384615386 1433.0 78.9658316242067 13 17244.0
1 1089.0 1267.076923076923 1401.0 91.47081641928345 13 16472.0
2 1158.0 1302.1538461538462 1363.0 77.57990091280747 13 16928.0
3 1058.0 1222.4615384615386 1324.0 79.93811709130111 13 15892.0
4 1056.0 1200.1538461538462 1252.0 70.54413057777634 13 15602.0
5 1085.0 1234.6923076923076 1292.0 77.88922113637271 13 16051.0
6 1079.0 1224.0 1283.0 72.21149492982401 13 15912.0
7 1170.0 1330.2307692307693 1431.0 87.71369509770015 13 17293.0
8 1150.0 1309.6923076923076 1408.0 74.81464274612804 13 17026.0
9 1150.0 1317.923076923077 1407.0 70.54958249163201 13 17133.0
tot,1056.0,1273.4846153846154,1433.0,89.17678936516401,130
