##ver, min, mean, max, stddev, count
0 563.0 655.3953488372093 819.0 43.7395644886998 43 28182.0
1 590.0 677.1860465116279 747.0 28.45485632161054 43 29119.0
2 551.0 640.4651162790698 717.0 30.00900566195906 43 27540.0
3 592.0 683.0930232558139 750.0 29.596343044279724 43 29373.0
4 509.0 596.6511627906976 673.0 27.66541912356276 43 25656.0
5 511.0 585.0232558139535 638.0 21.631643897741924 43 25156.0
6 536.0 614.1162790697674 670.0 23.408595594990093 43 26407.0
7 525.0 607.6511627906976 670.0 21.58138938213535 43 26129.0
8 616.0 707.3255813953489 770.0 22.250437053206245 43 30415.0
9 593.0 681.2093023255813 748.0 23.295777401489662 43 29292.0
