##bucket, min, mean, max, stddev, count,total
0 1227.0 1495.26 1633.0 63.653657893834406 50 74763.0
1 1081.0 1441.72 1634.0 95.54506149200074 50 72086.0
2 1274.0 1490.1 1570.0 51.97733022330847 50 74505.0
3 1168.0 1397.14 1533.0 61.55601729568055 50 69857.0
4 1063.0 1386.44 1595.0 92.34190239959055 50 69322.0
5 1096.0 1411.88 1598.0 76.4491667844772 50 70594.0
6 1059.0 1402.84 1522.0 78.48966134960396 50 70142.0
7 1149.0 1511.24 1628.0 84.3616026400637 50 75562.0
8 1131.0 1486.14 1601.0 77.58234861311257 50 74307.0
9 1229.0 1491.46 1625.0 68.58904833149683 50 74573.0
tot,1059.0,1451.4219999999998,1634.0,88.33489697762774,500
