##ver, min, mean, max, stddev, count
0 579.0 659.6800000000001 1219.0 148.90819524876693 50 32984.0
1 614.0 674.02 1250.0 143.05122387823607 50 33701.0
2 582.0 641.32 1174.0 131.49415134041016 50 32066.0
3 578.0 670.56 1285.0 146.11334152440895 50 33528.0
4 542.0 590.54 1078.0 119.13586995613069 50 29527.0
5 530.0 585.74 1109.0 126.79387257454114 50 29287.0
6 554.0 611.1 1146.0 126.83337132487117 50 30555.0
7 524.0 624.94 1726.0 202.60531753603496 50 31247.0
8 635.0 731.28 2321.0 271.28124121791893 50 36564.0
9 588.0 693.6600000000001 1732.0 218.8866643647682 50 34683.0
