##bucket, min, mean, max, stddev, count,total
0 0.0 0.7346938775510206 14.0 2.1677129864990734 49 36.0
1 0.0 0.5918367346938773 12.0 1.8133574678265856 49 29.0
2 0.0 0.653061224489796 13.0 1.9424106629838773 49 32.0
3 0.0 0.5918367346938774 13.0 1.9139658581391799 49 29.0
4 0.0 0.6326530612244898 13.0 1.9223886785175677 49 31.0
5 0.0 0.5306122448979591 13.0 1.915964083000236 49 26.0
6 0.0 0.8979591836734696 20.0 3.374196805409054 49 44.0
7 0.0 0.5714285714285715 13.0 1.9578900207451224 49 28.0
8 0.0 0.6326530612244898 13.0 1.9439422739952579 49 31.0
9 0.0 0.6326530612244898 14.0 2.0584569215699378 49 31.0
10 0.0 0.5306122448979591 13.0 1.9268069529700171 49 26.0
11 0.0 0.653061224489796 12.0 1.7975796274454154 49 32.0
12 0.0 0.6122448979591836 12.0 1.7656010134726108 49 30.0
13 0.0 0.489795918367347 13.0 1.9161859793566476 49 24.0
14 0.0 0.5918367346938774 13.0 1.9356132463526334 49 29.0
15 0.0 0.5510204081632654 13.0 1.9155202131731284 49 27.0
16 0.0 0.5102040816326531 12.0 1.7809460147581662 49 25.0
17 0.0 0.5918367346938774 13.0 1.9463466562055298 49 29.0
18 0.0 0.5510204081632654 13.0 1.9263655815398837 49 27.0
19 0.0 0.5510204081632654 12.0 1.7802296725632982 49 27.0
20 0.0 0.4489795918367347 13.0 1.8936431431876233 49 22.0
21 0.0 0.5102040816326531 13.0 1.8943165981824848 49 25.0
22 0.0 0.6326530612244898 13.0 1.9005906708071536 49 31.0
23 0.0 0.4693877551020409 12.0 1.7571525357844167 49 23.0
24 0.0 0.5714285714285716 13.0 1.9257033347152248 49 28.0
25 0.0 0.5510204081632654 13.0 1.8826092762638849 49 27.0
26 0.0 0.4897959183673469 12.0 1.7573944844996132 49 24.0
27 0.0 0.5510204081632654 12.0 1.756668538382098 49 27.0
28 0.0 0.5102040816326531 13.0 1.9052826669070202 49 25.0
29 0.0 0.5510204081632654 13.0 1.9046130894247684 49 27.0
30 0.0 0.5510204081632654 12.0 1.7566685383820975 49 27.0
31 0.0 0.5714285714285715 13.0 1.8929694486000916 49 28.0
32 0.0 0.4897959183673469 13.0 1.8943165981824848 49 24.0
33 0.0 0.5510204081632654 12.0 1.780229672563298 49 27.0
34 0.0 0.5306122448979591 13.0 1.8830609037805803 49 26.0
35 0.0 0.5918367346938774 13.0 1.8920708160079829 49 29.0
36 0.0 0.5714285714285715 12.0 1.7677669529663695 49 28.0
37 0.0 0.510204081632653 14.0 2.0424908096446837 49 25.0
38 0.0 0.489795918367347 13.0 1.8943165981824848 49 24.0
39 0.0 0.9795918367346939 17.0 3.0172407090914426 49 48.0
40 0.0 0.6122448979591836 13.0 1.934514651992977 49 30.0
41 0.0 0.5306122448979591 13.0 1.9159640830002362 49 26.0
42 0.0 0.6122448979591836 12.0 1.7773614166629632 49 30.0
43 0.0 0.6122448979591836 13.0 1.9128548312514926 49 30.0
44 0.0 0.5918367346938774 13.0 1.9139658581391799 49 29.0
45 0.0 0.5714285714285715 13.0 1.8929694486000916 49 28.0
46 0.0 0.5510204081632654 13.0 1.8936431431876215 49 27.0
47 0.0 0.4693877551020409 13.0 1.883060903780581 49 23.0
48 0.0 0.5102040816326531 12.0 1.7573944844996132 49 25.0
49 0.0 0.4897959183673469 12.0 1.7692094395001199 49 24.0
50 0.0 0.5918367346938774 13.0 1.903049825794317 49 29.0
51 0.0 0.5918367346938774 14.0 2.03017207139094 49 29.0
52 0.0 0.5714285714285715 13.0 1.9039432764659776 49 28.0
53 0.0 0.4897959183673469 12.0 1.7573944844996132 49 24.0
54 0.0 0.5102040816326531 13.0 1.883286676924943 49 25.0
55 0.0 0.5102040816326531 13.0 1.9270276007752618 49 25.0
56 0.0 0.5102040816326531 13.0 1.883286676924943 49 25.0
57 0.0 0.6122448979591836 13.0 1.8909469247202162 49 30.0
58 0.0 0.4897959183673469 13.0 1.8943165981824848 49 24.0
59 0.0 0.5102040816326531 13.0 1.8943165981824848 49 25.0
60 0.0 0.5102040816326531 13.0 1.9052826669070202 49 25.0
61 0.0 0.5714285714285715 14.0 2.051422270848529 49 28.0
62 0.0 0.5102040816326531 13.0 1.8943165981824848 49 25.0
63 0.0 0.5714285714285715 13.0 1.9039432764659776 49 28.0
64 0.0 0.5510204081632654 14.0 2.031637521903984 49 27.0
65 0.0 0.5306122448979591 13.0 1.915964083000236 49 26.0
66 0.0 0.4489795918367347 12.0 1.7566685383820992 49 22.0
67 0.0 0.5510204081632654 13.0 1.8936431431876215 49 27.0
68 0.0 0.5306122448979591 13.0 1.9050595005616673 49 26.0
69 0.0 0.5306122448979591 13.0 1.905059500561667 49 26.0
70 0.0 0.6326530612244898 13.0 1.9005906708071538 49 31.0
71 0.0 0.4693877551020409 13.0 1.894092139789827 49 23.0
72 0.0 0.5306122448979591 12.0 1.7571525357844158 49 26.0
73 0.0 0.5102040816326531 12.0 1.7809460147581662 49 25.0
74 0.0 0.5102040816326531 13.0 1.883286676924943 49 25.0
75 0.0 0.5306122448979591 14.0 2.0422826364993987 49 26.0
76 0.0 0.5918367346938774 13.0 1.8920708160079829 49 29.0
77 0.0 0.5510204081632654 13.0 1.9263655815398835 49 27.0
78 0.0 0.5306122448979591 13.0 1.8940921397898265 49 26.0
79 0.0 0.5306122448979591 13.0 1.894092139789826 49 26.0
80 0.0 0.5306122448979591 12.0 1.7571525357844155 49 26.0
81 0.0 0.5306122448979591 13.0 1.894092139789826 49 26.0
82 0.0 0.5306122448979591 13.0 1.9268069529700171 49 26.0
83 0.0 0.5714285714285715 13.0 1.9148542155126766 49 28.0
84 0.0 0.5306122448979591 13.0 1.894092139789826 49 26.0
85 0.0 0.5510204081632654 13.0 1.9046130894247684 49 27.0
86 0.0 0.6326530612244898 14.0 2.0483110680002974 49 31.0
87 0.0 0.5306122448979591 13.0 1.9050595005616673 49 26.0
88 0.0 0.5510204081632654 13.0 1.8936431431876215 49 27.0
89 0.0 0.5510204081632654 13.0 1.9046130894247684 49 27.0
90 0.0 0.5306122448979591 13.0 1.9050595005616673 49 26.0
91 0.0 0.6122448979591836 13.0 1.9128548312514926 49 30.0
92 0.0 0.5102040816326531 13.0 1.8943165981824848 49 25.0
93 0.0 0.5714285714285715 13.0 1.9039432764659778 49 28.0
94 0.0 0.5102040816326531 12.0 1.7809460147581664 49 25.0
95 0.0 0.4897959183673469 12.0 1.7573944844996132 49 24.0
96 0.0 0.5714285714285715 13.0 1.8929694486000919 49 28.0
97 0.0 0.5102040816326531 13.0 1.9052826669070202 49 25.0
98 0.0 0.4897959183673469 13.0 1.883286676924943 49 24.0
99 0.0 0.5510204081632654 13.0 1.8826092762638849 49 27.0
100 0.0 0.5306122448979591 13.0 1.8940921397898263 49 26.0
101 0.0 0.5306122448979591 12.0 1.7571525357844155 49 26.0
102 0.0 0.42857142857142855 12.0 1.7440374613713618 49 21.0
103 0.0 0.5714285714285716 13.0 1.9148542155126769 49 28.0
104 0.0 0.5510204081632654 13.0 1.8936431431876215 49 27.0
105 0.0 0.6122448979591836 13.0 1.9019324222420497 49 30.0
106 0.0 0.4897959183673469 13.0 1.8943165981824848 49 24.0
107 0.0 0.5510204081632654 12.0 1.7684883433057061 49 27.0
108 0.0 0.5714285714285715 13.0 1.8929694486000916 49 28.0
109 0.0 0.5510204081632654 13.0 1.8936431431876217 49 27.0
110 0.0 0.5306122448979591 13.0 1.894092139789826 49 26.0
111 0.0 0.5510204081632654 13.0 1.926365581539884 49 27.0
112 0.0 0.4489795918367347 13.0 1.8826092762638864 49 22.0
113 0.0 0.5714285714285715 12.0 1.767766952966369 49 28.0
114 0.0 0.5102040816326531 12.0 1.7573944844996132 49 25.0
115 0.0 0.6122448979591836 13.0 1.9019324222420495 49 30.0
116 0.0 0.489795918367347 13.0 1.9052826669070204 49 24.0
117 0.0 0.5714285714285715 13.0 1.8929694486000914 49 28.0
118 0.0 0.6122448979591836 13.0 1.8909469247202164 49 30.0
119 0.0 0.4693877551020409 13.0 1.894092139789827 49 23.0
120 0.0 0.42857142857142855 12.0 1.7559422921421222 49 21.0
121 0.0 0.653061224489796 14.0 2.057010577757635 49 32.0
122 0.0 0.5714285714285715 13.0 1.8819316317727028 49 28.0
123 0.0 0.4897959183673469 13.0 1.883286676924943 49 24.0
124 0.0 0.5306122448979591 13.0 1.8940921397898265 49 26.0
125 0.0 0.5306122448979591 13.0 1.9268069529700171 49 26.0
126 0.0 0.5918367346938774 13.0 1.9139658581391799 49 29.0
127 0.0 0.9795918367346939 37.0 5.27766439787513 49 48.0
128 0.0 0.5510204081632654 13.0 1.9046130894247684 49 27.0
129 0.0 0.5510204081632654 13.0 1.9155202131731286 49 27.0
130 0.0 0.5714285714285715 13.0 1.9039432764659776 49 28.0
131 0.0 0.5102040816326531 13.0 1.883286676924943 49 25.0
132 0.0 0.5306122448979591 13.0 1.9050595005616673 49 26.0
133 0.0 0.5918367346938774 13.0 1.9139658581391799 49 29.0
134 0.0 0.5306122448979591 14.0 2.0524582904443154 49 26.0
135 0.0 0.5918367346938774 13.0 1.9030498257943171 49 29.0
136 0.0 0.5102040816326531 13.0 1.9052826669070202 49 25.0
137 0.0 0.5510204081632654 13.0 1.8936431431876215 49 27.0
138 0.0 0.4897959183673469 13.0 1.8943165981824848 49 24.0
139 0.0 0.5306122448979591 13.0 1.88306090378058 49 26.0
140 0.0 0.5510204081632654 13.0 1.9046130894247686 49 27.0
141 0.0 0.5714285714285715 13.0 1.8929694486000916 49 28.0
142 0.0 0.5306122448979591 13.0 1.9050595005616673 49 26.0
143 0.0 0.5102040816326531 13.0 1.8943165981824848 49 25.0
144 0.0 0.5714285714285715 14.0 2.051422270848529 49 28.0
145 0.0 0.4897959183673469 13.0 1.8943165981824848 49 24.0
146 0.0 0.5102040816326531 13.0 1.8943165981824848 49 25.0
147 0.0 0.5918367346938774 13.0 1.8920708160079829 49 29.0
148 0.0 0.5510204081632654 13.0 1.9046130894247688 49 27.0
149 0.0 0.4897959183673469 13.0 1.883286676924943 49 24.0
150 0.0 0.5714285714285715 12.0 1.7795130420052192 49 28.0
151 0.0 0.5102040816326531 13.0 1.883286676924943 49 25.0
152 0.0 0.5918367346938774 13.0 1.9030498257943171 49 29.0
153 0.0 0.5918367346938774 13.0 1.8920708160079827 49 29.0
154 0.0 0.5102040816326531 13.0 1.8943165981824848 49 25.0
155 0.0 0.5102040816326531 13.0 1.8943165981824848 49 25.0
156 0.0 0.4897959183673469 12.0 1.7454995581446002 49 24.0
157 0.0 0.5102040816326531 13.0 1.8943165981824848 49 25.0
158 0.0 0.5714285714285715 13.0 1.9039432764659776 49 28.0
159 0.0 0.510204081632653 13.0 1.8943165981824848 49 25.0
160 0.0 0.4897959183673469 12.0 1.7573944844996132 49 24.0
161 0.0 0.4897959183673469 12.0 1.7692094395001199 49 24.0
162 0.0 0.5102040816326531 13.0 1.8943165981824848 49 25.0
163 0.0 0.5306122448979591 13.0 1.88306090378058 49 26.0
164 0.0 0.4693877551020409 13.0 1.9050595005616682 49 23.0
165 0.0 0.5102040816326531 13.0 1.8943165981824848 49 25.0
166 0.0 0.5510204081632654 12.0 1.7566685383820975 49 27.0
167 0.0 0.5510204081632654 13.0 1.8936431431876215 49 27.0
168 0.0 0.4693877551020409 13.0 1.894092139789827 49 23.0
169 0.0 0.4489795918367347 13.0 1.893643143187623 49 22.0
170 0.0 0.6122448979591836 13.0 1.8909469247202164 49 30.0
171 0.0 0.5306122448979591 13.0 1.8940921397898263 49 26.0
172 0.0 0.5510204081632654 13.0 1.9155202131731284 49 27.0
173 0.0 0.5510204081632654 14.0 2.021357057459541 49 27.0
174 0.0 0.5306122448979591 13.0 1.8940921397898263 49 26.0
175 0.0 0.5510204081632654 12.0 1.7684883433057061 49 27.0
176 0.0 0.4693877551020409 12.0 1.768969106762544 49 23.0
177 0.0 0.5714285714285715 14.0 2.0310096011589907 49 28.0
178 0.0 0.4897959183673469 12.0 1.7573944844996132 49 24.0
179 0.0 0.4693877551020409 12.0 1.7452559604100881 49 23.0
180 0.0 0.5306122448979591 13.0 1.915964083000236 49 26.0
181 0.0 0.5714285714285715 13.0 1.8929694486000916 49 28.0
182 0.0 0.5102040816326531 13.0 1.883286676924943 49 25.0
183 0.0 0.5102040816326531 12.0 1.7692094395001197 49 25.0
184 0.0 0.4693877551020409 12.0 1.7571525357844164 49 23.0
185 0.0 0.5510204081632654 13.0 1.8936431431876215 49 27.0
186 0.0 0.5510204081632654 13.0 1.8936431431876215 49 27.0
187 0.0 0.489795918367347 13.0 1.9052826669070204 49 24.0
188 0.0 0.5510204081632654 13.0 1.9046130894247686 49 27.0
189 0.0 0.5102040816326531 12.0 1.7454995581446002 49 25.0
190 0.0 0.5714285714285715 13.0 1.8929694486000919 49 28.0
191 0.0 0.6122448979591836 13.0 1.9237152263546815 49 30.0
192 0.0 0.5306122448979591 13.0 1.894092139789826 49 26.0
193 0.0 0.4897959183673469 13.0 1.9052826669070204 49 24.0
194 0.0 0.5102040816326531 12.0 1.7573944844996132 49 25.0
195 0.0 0.489795918367347 13.0 1.8943165981824848 49 24.0
196 0.0 0.5918367346938774 13.0 1.8920708160079827 49 29.0
197 0.0 0.5306122448979591 13.0 1.8940921397898263 49 26.0
198 0.0 0.6122448979591836 13.0 1.9128548312514928 49 30.0
199 0.0 0.4897959183673469 12.0 1.7573944844996132 49 24.0
200 0.0 0.5714285714285715 13.0 1.9039432764659778 49 28.0
201 0.0 0.5306122448979591 13.0 1.9050595005616673 49 26.0
202 0.0 0.6122448979591836 13.0 1.9019324222420497 49 30.0
203 0.0 0.5306122448979591 13.0 1.894092139789826 49 26.0
204 0.0 0.4489795918367347 12.0 1.768488343305708 49 22.0
205 0.0 0.5918367346938774 13.0 1.9139658581391799 49 29.0
206 0.0 0.4693877551020409 13.0 1.894092139789827 49 23.0
207 0.0 0.5918367346938774 13.0 1.903049825794317 49 29.0
208 0.0 0.5510204081632654 13.0 1.8826092762638844 49 27.0
209 0.0 0.5102040816326531 12.0 1.792605749781491 49 25.0
210 0.0 0.4897959183673469 12.0 1.7454995581446002 49 24.0
211 0.0 0.46938775510204084 13.0 1.883060903780581 49 23.0
212 0.0 0.5306122448979591 13.0 1.9050595005616673 49 26.0
213 0.0 0.5714285714285715 13.0 1.8929694486000914 49 28.0
214 0.0 0.5918367346938774 12.0 1.7430620488446322 49 29.0
215 0.0 0.5510204081632654 13.0 1.9046130894247684 49 27.0
216 0.0 0.5510204081632654 14.0 2.041866226537583 49 27.0
217 0.0 0.5102040816326531 13.0 1.9052826669070202 49 25.0
218 0.0 0.4693877551020409 13.0 1.883060903780581 49 23.0
219 0.0 0.4897959183673469 13.0 1.883286676924943 49 24.0
220 0.0 0.5918367346938774 13.0 1.9139658581391799 49 29.0
221 0.0 0.4693877551020409 13.0 1.8830609037805812 49 23.0
222 0.0 0.5510204081632654 13.0 1.9046130894247686 49 27.0
223 0.0 0.5918367346938774 13.0 1.9139658581391799 49 29.0
224 0.0 0.5102040816326531 13.0 1.883286676924943 49 25.0
225 0.0 0.5918367346938774 13.0 1.9248199845152048 49 29.0
226 0.0 0.4489795918367347 12.0 1.7566685383820992 49 22.0
227 0.0 0.489795918367347 13.0 1.883286676924943 49 24.0
228 0.0 0.5918367346938774 13.0 1.9030498257943171 49 29.0
229 0.0 0.4489795918367347 13.0 1.8826092762638862 49 22.0
230 0.0 0.4489795918367347 13.0 1.8936431431876233 49 22.0
231 0.0 0.6122448979591836 13.0 1.9019324222420495 49 30.0
232 0.0 0.489795918367347 13.0 1.883286676924943 49 24.0
233 0.0 0.5306122448979591 13.0 1.9159640830002362 49 26.0
234 0.0 0.4897959183673469 12.0 1.7573944844996132 49 24.0
235 0.0 0.5714285714285715 13.0 1.9039432764659776 49 28.0
236 0.0 0.4897959183673469 13.0 1.8943165981824848 49 24.0
237 0.0 0.4693877551020409 13.0 1.915964083000237 49 23.0
238 0.0 0.5510204081632654 13.0 1.8826092762638853 49 27.0
239 0.0 0.5510204081632654 12.0 1.7684883433057061 49 27.0
240 0.0 0.5714285714285715 13.0 1.9039432764659776 49 28.0
241 0.0 0.5102040816326531 13.0 1.883286676924943 49 25.0
242 0.0 0.489795918367347 13.0 1.9052826669070204 49 24.0
243 0.0 0.6122448979591836 13.0 1.9128548312514926 49 30.0
244 0.0 0.489795918367347 13.0 1.8943165981824848 49 24.0
245 0.0 0.4489795918367347 12.0 1.768488343305708 49 22.0
246 0.0 0.5918367346938774 13.0 1.8920708160079829 49 29.0
247 0.0 0.5510204081632654 13.0 1.8936431431876215 49 27.0
248 0.0 0.510204081632653 13.0 1.883286676924943 49 25.0
249 0.0 0.5510204081632654 13.0 1.9155202131731284 49 27.0
250 0.0 0.4897959183673469 13.0 1.883286676924943 49 24.0
251 0.0 0.5306122448979591 12.0 1.7807072660454146 49 26.0
252 0.0 0.5102040816326531 13.0 1.8943165981824848 49 25.0
253 0.0 0.4897959183673469 13.0 1.8943165981824848 49 24.0
254 0.0 0.5306122448979591 13.0 1.894092139789826 49 26.0
255 0.0 0.5306122448979591 13.0 1.8940921397898263 49 26.0
256 0.0 0.5306122448979591 12.0 1.7807072660454148 49 26.0
257 0.0 0.5306122448979591 13.0 1.894092139789826 49 26.0
258 0.0 0.7551020408163264 13.0 2.594309576143671 49 37.0
259 0.0 0.5510204081632654 13.0 1.8936431431876215 49 27.0
260 0.0 0.4489795918367347 13.0 1.8826092762638864 49 22.0
261 0.0 0.5510204081632654 12.0 1.8034830247075133 49 27.0
262 0.0 0.5102040816326531 13.0 1.883286676924943 49 25.0
263 0.0 0.5510204081632654 13.0 1.8936431431876215 49 27.0
264 0.0 0.5510204081632654 13.0 1.8936431431876217 49 27.0
265 0.0 0.4693877551020409 13.0 1.9050595005616682 49 23.0
266 0.0 0.5510204081632654 12.0 1.7566685383820975 49 27.0
267 0.0 0.42857142857142855 12.0 1.7440374613713614 49 21.0
268 0.0 0.5918367346938774 13.0 1.8920708160079829 49 29.0
269 0.0 0.5918367346938774 13.0 1.903049825794317 49 29.0
270 0.0 0.4693877551020409 13.0 1.883060903780581 49 23.0
271 0.0 0.5510204081632654 12.0 1.7684883433057061 49 27.0
272 0.0 0.5714285714285715 12.0 1.7795130420052188 49 28.0
273 0.0 0.5306122448979591 13.0 1.88306090378058 49 26.0
274 0.0 0.4897959183673469 13.0 1.9052826669070204 49 24.0
275 0.0 0.5306122448979591 13.0 1.8830609037805803 49 26.0
276 0.0 0.4693877551020409 13.0 1.915964083000237 49 23.0
277 0.0 0.5306122448979591 12.0 1.7571525357844158 49 26.0
278 0.0 0.5918367346938774 13.0 1.903049825794317 49 29.0
279 0.0 0.5510204081632654 13.0 1.9046130894247686 49 27.0
280 0.0 0.510204081632653 13.0 1.9052826669070202 49 25.0
281 0.0 0.5918367346938774 13.0 1.8920708160079829 49 29.0
282 0.0 0.4897959183673469 12.0 1.7573944844996132 49 24.0
283 0.0 0.5102040816326531 13.0 1.883286676924943 49 25.0
284 0.0 0.5714285714285715 13.0 1.9039432764659776 49 28.0
285 0.0 0.5102040816326531 13.0 1.9052826669070202 49 25.0
286 0.0 0.5102040816326531 13.0 1.883286676924943 49 25.0
287 0.0 0.5306122448979591 12.0 1.7689691067625428 49 26.0
288 0.0 0.5918367346938774 13.0 1.8810277260376698 49 29.0
289 0.0 0.5102040816326531 13.0 1.883286676924943 49 25.0
290 0.0 0.6122448979591836 13.0 1.8909469247202164 49 30.0
291 0.0 0.4897959183673469 12.0 1.7573944844996132 49 24.0
292 0.0 0.46938775510204084 12.0 1.7571525357844167 49 23.0
293 0.0 0.4897959183673469 13.0 1.8943165981824848 49 24.0
294 0.0 0.5714285714285715 13.0 1.8929694486000914 49 28.0
295 0.0 0.5306122448979591 13.0 1.915964083000236 49 26.0
296 0.0 0.5306122448979591 12.0 1.745255960410087 49 26.0
297 0.0 0.4693877551020409 12.0 1.7571525357844167 49 23.0
298 0.0 0.5510204081632654 13.0 1.9155202131731284 49 27.0
299 0.0 0.5510204081632654 13.0 1.9046130894247686 49 27.0
300 0.0 0.4693877551020409 13.0 1.9050595005616682 49 23.0
301 0.0 0.5510204081632654 13.0 1.8936431431876217 49 27.0
302 0.0 0.6326530612244898 13.0 1.9115207465852557 49 31.0
303 0.0 0.5306122448979591 12.0 1.7452559604100875 49 26.0
304 0.0 0.4489795918367347 12.0 1.7447686629105974 49 22.0
305 0.0 0.5714285714285715 13.0 1.8929694486000914 49 28.0
306 0.0 0.489795918367347 13.0 1.883286676924943 49 24.0
307 0.0 0.5306122448979591 13.0 1.9159640830002362 49 26.0
308 0.0 0.5714285714285715 13.0 1.8819316317727033 49 28.0
309 0.0 0.40816326530612257 12.0 1.7549734963209893 49 20.0
310 0.0 0.5306122448979591 12.0 1.768969106762543 49 26.0
311 0.0 0.4693877551020409 13.0 1.8830609037805812 49 23.0
312 0.0 0.6122448979591836 13.0 1.9019324222420497 49 30.0
313 0.0 0.5102040816326531 14.0 2.052665431615601 49 25.0
314 0.0 0.5306122448979591 13.0 1.894092139789826 49 26.0
315 0.0 0.5918367346938774 13.0 1.903049825794317 49 29.0
316 0.0 0.5714285714285715 14.0 2.051422270848529 49 28.0
317 0.0 0.4693877551020409 13.0 1.9050595005616682 49 23.0
318 0.0 0.5510204081632654 13.0 1.882609276263885 49 27.0
319 0.0 0.5102040816326531 13.0 1.8943165981824848 49 25.0
320 0.0 0.5714285714285715 13.0 1.9257033347152244 49 28.0
321 0.0 0.5510204081632653 13.0 1.8936431431876217 49 27.0
322 0.0 0.4897959183673469 13.0 1.883286676924943 49 24.0
323 0.0 0.6530612244897959 13.0 1.888021676342762 49 32.0
324 0.0 0.4489795918367347 13.0 1.8826092762638864 49 22.0
325 0.0 0.5714285714285715 13.0 1.9039432764659774 49 28.0
326 0.0 0.4489795918367347 12.0 1.7566685383820992 49 22.0
327 0.0 0.489795918367347 13.0 1.883286676924943 49 24.0
328 0.0 0.5306122448979591 13.0 1.894092139789826 49 26.0
329 0.0 0.5102040816326531 13.0 1.8943165981824848 49 25.0
330 0.0 0.5918367346938774 13.0 1.9139658581391799 49 29.0
331 0.0 0.5102040816326531 13.0 1.8943165981824848 49 25.0
332 0.0 0.4897959183673469 13.0 1.9052826669070204 49 24.0
333 0.0 0.4693877551020409 13.0 1.894092139789827 49 23.0
334 0.0 0.5714285714285715 12.0 1.767766952966369 49 28.0
335 0.0 0.5510204081632654 13.0 1.893643143187621 49 27.0
336 0.0 0.6938775510204082 14.0 2.063614160001947 49 34.0
337 0.0 0.5102040816326531 13.0 1.883286676924943 49 25.0
338 0.0 0.4693877551020409 12.0 1.7452559604100881 49 23.0
339 0.0 0.5306122448979591 12.0 1.7923685541800831 49 26.0
340 0.0 0.5102040816326531 13.0 1.8943165981824848 49 25.0
341 0.0 0.5510204081632654 13.0 1.9155202131731284 49 27.0
342 0.0 0.6326530612244898 13.0 1.8895973727999624 49 31.0
343 0.0 0.5306122448979591 14.0 2.0422826364993987 49 26.0
344 0.0 0.4693877551020409 13.0 1.8830609037805812 49 23.0
345 0.0 0.5102040816326531 12.0 1.7573944844996132 49 25.0
346 0.0 0.5306122448979591 12.0 1.7807072660454146 49 26.0
347 0.0 0.5510204081632654 13.0 1.8936431431876215 49 27.0
348 0.0 0.5102040816326531 13.0 1.8943165981824848 49 25.0
349 0.0 0.5918367346938774 13.0 1.9139658581391799 49 29.0
350 0.0 0.4897959183673469 13.0 1.883286676924943 49 24.0
351 0.0 0.5510204081632654 14.0 2.05204394537288 49 27.0
352 0.0 0.5306122448979591 13.0 1.88306090378058 49 26.0
353 0.0 0.5306122448979591 13.0 1.9159640830002362 49 26.0
354 0.0 0.5306122448979591 14.0 2.0320560279382724 49 26.0
355 0.0 0.7755102040816328 19.0 2.7482214409387344 49 38.0
356 0.0 0.7142857142857144 23.0 3.2850672240711702 49 35.0
357 0.0 0.693877551020408 23.0 3.305324502681576 49 34.0
358 0.0 0.8775510204081634 32.0 4.567241385951811 49 43.0
359 0.0 0.8571428571428571 26.0 3.724916106437833 49 42.0
360 0.0 0.7346938775510204 23.0 3.2836432396303463 49 36.0
361 0.0 0.7142857142857143 21.0 3.0276503540974913 49 35.0
362 0.0 0.693877551020408 20.0 2.8810015737634043 49 34.0
363 0.0 0.6326530612244898 18.0 2.595620330086659 49 31.0
364 0.0 0.6122448979591836 17.0 2.473327099025826 49 30.0
365 0.0 0.5102040816326531 14.0 2.021987975767824 49 25.0
366 0.0 0.4693877551020409 12.0 1.768969106762544 49 23.0
367 0.0 0.5714285714285715 13.0 1.9039432764659776 49 28.0
368 0.0 0.5306122448979591 13.0 1.8830609037805803 49 26.0
369 0.0 0.5510204081632654 13.0 1.9046130894247684 49 27.0
370 0.0 0.4897959183673469 13.0 1.883286676924943 49 24.0
371 0.0 0.653061224489796 13.0 1.9316553825687435 49 32.0
372 0.0 0.4285714285714285 13.0 1.8819316317727013 49 21.0
373 0.0 0.4489795918367347 13.0 1.90461308942477 49 22.0
374 0.0 0.6326530612244898 13.0 1.9115207465852557 49 31.0
375 0.0 0.5510204081632654 14.0 2.05204394537288 49 27.0
376 0.0 0.4489795918367347 12.0 1.7566685383820992 49 22.0
377 0.0 0.6122448979591836 12.0 1.7656010134726108 49 30.0
378 0.0 0.5510204081632654 13.0 1.9155202131731284 49 27.0
379 0.0 0.5306122448979591 13.0 1.9050595005616673 49 26.0
380 0.0 0.5510204081632654 13.0 1.8936431431876215 49 27.0
381 0.0 0.5306122448979591 13.0 1.8940921397898263 49 26.0
382 0.0 0.5510204081632654 13.0 1.8936431431876215 49 27.0
383 0.0 0.5102040816326531 12.0 1.792605749781491 49 25.0
384 0.0 0.5714285714285715 13.0 1.9039432764659776 49 28.0
385 0.0 0.5918367346938774 13.0 1.8920708160079827 49 29.0
386 0.0 0.5510204081632654 13.0 1.9046130894247686 49 27.0
387 0.0 0.4897959183673469 13.0 1.9052826669070204 49 24.0
388 0.0 0.4693877551020409 13.0 1.894092139789827 49 23.0
389 0.0 0.5102040816326531 13.0 1.9052826669070202 49 25.0
390 0.0 0.6326530612244898 13.0 1.8895973727999624 49 31.0
391 0.0 0.489795918367347 13.0 1.8943165981824848 49 24.0
392 0.0 0.5510204081632654 12.0 1.7566685383820975 49 27.0
393 0.0 0.5510204081632654 12.0 1.7684883433057061 49 27.0
394 0.0 0.6122448979591836 13.0 1.9128548312514926 49 30.0
395 0.0 0.5306122448979591 13.0 1.8940921397898263 49 26.0
396 0.0 0.4897959183673469 13.0 1.883286676924943 49 24.0
397 0.0 0.5102040816326531 13.0 1.9052826669070202 49 25.0
398 0.0 0.510204081632653 13.0 1.883286676924943 49 25.0
399 0.0 0.6122448979591836 13.0 1.9237152263546815 49 30.0
400 0.0 0.4897959183673469 12.0 1.7692094395001199 49 24.0
401 0.0 0.46938775510204084 13.0 1.883060903780581 49 23.0
402 0.0 0.5714285714285715 13.0 1.9257033347152244 49 28.0
403 0.0 0.5510204081632654 13.0 1.9046130894247684 49 27.0
404 0.0 0.5102040816326531 13.0 1.883286676924943 49 25.0
405 0.0 0.5510204081632654 13.0 1.9155202131731284 49 27.0
406 0.0 0.4693877551020409 12.0 1.7452559604100881 49 23.0
407 0.0 0.5714285714285715 13.0 1.9148542155126769 49 28.0
408 0.0 0.5918367346938774 13.0 1.8920708160079829 49 29.0
409 0.0 0.510204081632653 13.0 1.8943165981824848 49 25.0
410 0.0 0.489795918367347 13.0 1.8943165981824848 49 24.0
411 0.0 0.4489795918367347 13.0 1.8936431431876233 49 22.0
412 0.0 0.653061224489796 13.0 1.920839881494585 49 32.0
413 0.0 0.5306122448979591 13.0 1.8940921397898263 49 26.0
414 0.0 0.5918367346938774 13.0 1.9030498257943174 49 29.0
415 0.0 0.6122448979591836 13.0 1.9019324222420497 49 30.0
416 0.0 0.489795918367347 13.0 1.9161859793566476 49 24.0
417 0.0 0.5306122448979591 12.0 1.7571525357844155 49 26.0
418 0.0 0.5306122448979591 13.0 1.915964083000236 49 26.0
419 0.0 0.5102040816326531 13.0 1.8943165981824848 49 25.0
420 0.0 0.4693877551020409 13.0 1.894092139789827 49 23.0
421 0.0 0.6122448979591836 13.0 1.9019324222420497 49 30.0
422 0.0 0.5306122448979591 13.0 1.8940921397898263 49 26.0
423 0.0 0.5102040816326531 12.0 1.7809460147581662 49 25.0
424 0.0 0.4897959183673469 13.0 1.883286676924943 49 24.0
425 0.0 0.6122448979591836 14.0 2.0596958364708877 49 30.0
426 0.0 0.5306122448979591 13.0 1.894092139789826 49 26.0
427 0.0 0.5510204081632654 13.0 1.9155202131731286 49 27.0
428 0.0 0.5510204081632654 13.0 1.8936431431876215 49 27.0
429 0.0 0.5102040816326531 13.0 1.8943165981824848 49 25.0
430 0.0 0.4897959183673469 12.0 1.7573944844996132 49 24.0
431 0.0 0.5306122448979591 13.0 1.9050595005616673 49 26.0
432 0.0 0.4489795918367347 13.0 1.8826092762638862 49 22.0
433 0.0 0.5714285714285715 13.0 1.9039432764659776 49 28.0
434 0.0 0.5714285714285715 14.0 2.0412414523193156 49 28.0
435 0.0 0.5102040816326531 13.0 1.9052826669070202 49 25.0
436 0.0 0.5714285714285715 13.0 1.8929694486000914 49 28.0
437 0.0 0.4693877551020409 13.0 1.894092139789827 49 23.0
438 0.0 0.5510204081632654 13.0 1.926365581539884 49 27.0
439 0.0 0.489795918367347 13.0 1.883286676924943 49 24.0
440 0.0 0.5714285714285715 13.0 1.8929694486000914 49 28.0
441 0.0 0.5510204081632654 13.0 1.9046130894247684 49 27.0
442 0.0 0.4897959183673469 13.0 1.883286676924943 49 24.0
443 0.0 0.5918367346938774 13.0 1.9248199845152048 49 29.0
444 0.0 0.4897959183673469 13.0 1.8943165981824848 49 24.0
445 0.0 0.5918367346938774 13.0 1.8920708160079827 49 29.0
446 0.0 0.5918367346938774 13.0 1.9139658581391799 49 29.0
447 0.0 0.510204081632653 13.0 1.8943165981824848 49 25.0
448 0.0 0.5306122448979591 13.0 1.9159640830002362 49 26.0
449 0.0 0.653061224489796 13.0 1.8990240959521287 49 32.0
450 0.0 0.5306122448979591 13.0 1.8940921397898263 49 26.0
451 0.0 0.5102040816326531 13.0 1.8943165981824848 49 25.0
452 0.0 0.5510204081632654 13.0 1.8936431431876215 49 27.0
453 0.0 0.510204081632653 13.0 1.8943165981824848 49 25.0
454 0.0 0.510204081632653 13.0 1.9052826669070204 49 25.0
455 0.0 0.4897959183673469 13.0 1.883286676924943 49 24.0
456 0.0 0.5510204081632653 12.0 1.7918940687835023 49 27.0
457 0.0 0.4693877551020409 13.0 1.894092139789827 49 23.0
458 0.0 0.6122448979591836 13.0 1.9019324222420497 49 30.0
459 0.0 0.4693877551020409 13.0 1.894092139789827 49 23.0
460 0.0 0.5918367346938774 13.0 1.8920708160079827 49 29.0
461 0.0 0.5918367346938774 13.0 1.9248199845152048 49 29.0
462 0.0 0.489795918367347 13.0 1.883286676924943 49 24.0
463 0.0 0.5102040816326531 13.0 1.9161859793566476 49 25.0
464 0.0 0.5714285714285715 13.0 1.8929694486000919 49 28.0
465 0.0 0.5306122448979591 12.0 1.768969106762543 49 26.0
466 0.0 0.5306122448979591 13.0 1.9268069529700171 49 26.0
467 0.0 0.4693877551020409 13.0 1.894092139789827 49 23.0
468 0.0 0.5714285714285715 12.0 1.779513042005219 49 28.0
469 0.0 0.5306122448979591 13.0 1.8940921397898263 49 26.0
470 0.0 0.5510204081632654 13.0 1.9478751723544367 49 27.0
471 0.0 0.6122448979591836 13.0 1.945254123615261 49 30.0
472 0.0 1.0 25.0 3.9791121287711073 49 49.0
473 0.0 0.5510204081632654 12.0 1.7918940687835023 49 27.0
474 0.0 0.4489795918367347 12.0 1.7447686629105974 49 22.0
475 0.0 0.5918367346938774 13.0 1.8920708160079829 49 29.0
476 0.0 0.4693877551020409 13.0 1.915964083000237 49 23.0
477 0.0 0.5714285714285715 13.0 1.8819316317727028 49 28.0
478 0.0 0.489795918367347 13.0 1.9270276007752618 49 24.0
479 0.0 0.5306122448979591 13.0 1.894092139789826 49 26.0
480 0.0 0.5306122448979591 13.0 1.8830609037805803 49 26.0
481 0.0 0.5714285714285715 13.0 1.9039432764659776 49 28.0
482 0.0 0.5306122448979591 13.0 1.8940921397898263 49 26.0
483 0.0 0.5510204081632654 13.0 1.9046130894247684 49 27.0
484 0.0 0.489795918367347 13.0 1.883286676924943 49 24.0
485 0.0 0.5714285714285715 13.0 1.9472202409246542 49 28.0
486 0.0 0.5714285714285715 13.0 1.9364916731037092 49 28.0
487 0.0 0.510204081632653 13.0 1.883286676924943 49 25.0
488 0.0 0.489795918367347 13.0 1.8943165981824848 49 24.0
489 0.0 0.4897959183673469 13.0 1.8943165981824848 49 24.0
490 0.0 0.6122448979591836 13.0 1.9128548312514926 49 30.0
491 0.0 0.5510204081632654 13.0 1.9263655815398837 49 27.0
492 0.0 0.489795918367347 13.0 1.883286676924943 49 24.0
493 0.0 0.6122448979591836 12.0 1.8006518094222186 49 30.0
494 0.0 0.510204081632653 13.0 1.8943165981824848 49 25.0
495 0.0 0.5306122448979591 13.0 1.9050595005616673 49 26.0
496 0.0 0.5306122448979591 13.0 1.8940921397898263 49 26.0
497 0.0 0.5306122448979591 13.0 1.9050595005616673 49 26.0
498 0.0 0.5918367346938774 13.0 1.892070816007983 49 29.0
499 0.0 0.6326530612244898 13.0 1.9005906708071538 49 31.0
500 0.0 0.5306122448979591 13.0 1.9906242824836635 49 26.0
501 0.0 0.5510204081632654 13.0 1.9585413842299821 49 27.0
502 0.0 0.5510204081632654 12.0 1.8034830247075135 49 27.0
503 0.0 1.1836734693877546 43.0 6.139603235646132 49 58.0
504 0.0 0.5306122448979591 13.0 1.9159640830002362 49 26.0
505 0.0 0.5918367346938774 14.0 2.0505930783042046 49 29.0
506 0.0 0.5918367346938774 13.0 1.94634665620553 49 29.0
507 0.0 0.6122448979591836 13.0 1.9876318250895566 49 30.0
508 0.0 0.6122448979591836 13.0 1.9019324222420495 49 30.0
509 0.0 0.5510204081632654 13.0 1.9263655815398837 49 27.0
510 0.0 0.5306122448979591 13.0 1.9483116709979784 49 26.0
511 0.0 0.5510204081632654 12.0 1.7918940687835023 49 27.0
512 0.0 0.5510204081632654 12.0 1.7566685383820975 49 27.0
513 0.0 0.5714285714285715 13.0 1.9039432764659776 49 28.0
514 0.0 0.4693877551020409 13.0 1.915964083000237 49 23.0
515 0.0 0.5306122448979591 13.0 1.9050595005616673 49 26.0
516 0.0 0.5714285714285715 13.0 1.881931631772703 49 28.0
517 0.0 0.489795918367347 13.0 1.8943165981824848 49 24.0
518 0.0 0.5918367346938774 13.0 1.9356132463526337 49 29.0
519 0.0 0.4897959183673469 13.0 1.883286676924943 49 24.0
520 0.0 0.4489795918367347 13.0 1.893643143187623 49 22.0
521 0.0 0.5306122448979591 12.0 1.7807072660454146 49 26.0
522 0.0 0.489795918367347 12.0 1.7573944844996132 49 24.0
523 0.0 0.5306122448979591 13.0 1.9050595005616673 49 26.0
524 0.0 0.5510204081632654 13.0 1.882609276263885 49 27.0
525 0.0 0.5918367346938774 13.0 1.8920708160079829 49 29.0
526 0.0 0.5306122448979591 14.0 2.0320560279382724 49 26.0
527 0.0 0.5510204081632654 13.0 1.9155202131731284 49 27.0
528 0.0 0.5306122448979591 13.0 1.9050595005616673 49 26.0
529 0.0 0.5714285714285715 14.0 2.0310096011589907 49 28.0
530 0.0 0.4897959183673469 12.0 1.7454995581446002 49 24.0
531 0.0 0.5102040816326531 12.0 1.7692094395001199 49 25.0
532 0.0 0.5102040816326531 13.0 1.8943165981824848 49 25.0
533 0.0 0.5102040816326531 12.0 1.7692094395001197 49 25.0
534 0.0 0.653061224489796 13.0 2.1070419669147866 49 32.0
535 0.0 0.5510204081632654 13.0 1.9263655815398837 49 27.0
536 0.0 0.5306122448979591 14.0 2.021777691541185 49 26.0
537 0.0 0.8163265306122454 17.0 3.0254026549353417 49 40.0
538 0.0 0.5306122448979591 14.0 2.021777691541185 49 26.0
539 0.0 0.6122448979591836 13.0 1.9237152263546813 49 30.0
540 0.0 0.5306122448979591 14.0 2.0422826364993987 49 26.0
541 0.0 0.5306122448979591 13.0 1.8940921397898263 49 26.0
542 0.0 0.4489795918367347 14.0 2.0213570574595425 49 22.0
543 0.0 1.4897959183673468 41.0 6.066034017995851 49 73.0
544 0.0 0.5306122448979591 13.0 1.9050595005616673 49 26.0
545 0.0 0.4285714285714285 13.0 1.903943276465976 49 21.0
546 0.0 0.653061224489796 13.0 1.9208398814945853 49 32.0
547 0.0 0.5510204081632654 13.0 1.8936431431876215 49 27.0
548 0.0 0.6122448979591836 13.0 1.9128548312514926 49 30.0
549 0.0 0.5102040816326531 13.0 1.8943165981824848 49 25.0
550 0.0 0.5918367346938774 13.0 1.9248199845152048 49 29.0
551 0.0 0.489795918367347 13.0 1.8943165981824848 49 24.0
552 0.0 0.4693877551020409 13.0 1.915964083000237 49 23.0
553 0.0 0.5714285714285715 13.0 1.903943276465978 49 28.0
554 0.0 0.6326530612244898 13.0 1.9115207465852557 49 31.0
555 0.0 0.5306122448979591 13.0 1.9050595005616673 49 26.0
556 0.0 0.5918367346938774 13.0 1.9030498257943171 49 29.0
557 0.0 0.5714285714285715 13.0 1.9148542155126766 49 28.0
558 0.0 0.5510204081632654 13.0 1.926365581539884 49 27.0
559 0.0 0.4693877551020409 13.0 1.8830609037805812 49 23.0
560 0.0 0.5510204081632654 13.0 1.9155202131731284 49 27.0
561 0.0 0.5918367346938774 13.0 1.9030498257943171 49 29.0
562 0.0 0.5510204081632654 13.0 1.9046130894247684 49 27.0
563 0.0 0.5102040816326531 13.0 1.9052826669070204 49 25.0
564 0.0 0.6122448979591836 13.0 1.934514651992977 49 30.0
565 0.0 0.5306122448979591 13.0 1.8940921397898263 49 26.0
566 0.0 0.4897959183673469 13.0 1.8943165981824848 49 24.0
567 0.0 0.5714285714285715 13.0 1.8929694486000919 49 28.0
568 0.0 0.4897959183673469 13.0 1.8943165981824848 49 24.0
569 0.0 0.5714285714285715 13.0 1.8929694486000914 49 28.0
570 0.0 0.5306122448979591 13.0 1.8940921397898263 49 26.0
571 0.0 0.5102040816326531 13.0 1.9161859793566476 49 25.0
572 0.0 0.489795918367347 14.0 2.021987975767824 49 24.0
573 0.0 0.5918367346938774 13.0 1.9139658581391799 49 29.0
574 0.0 0.5510204081632654 14.0 2.05204394537288 49 27.0
575 0.0 0.5510204081632654 13.0 1.9155202131731284 49 27.0
576 0.0 0.5714285714285715 13.0 1.881931631772703 49 28.0
577 0.0 0.5714285714285715 13.0 1.9472202409246546 49 28.0
578 0.0 0.5714285714285715 14.0 2.0207259421636903 49 28.0
579 0.0 0.5102040816326531 13.0 1.9161859793566476 49 25.0
580 0.0 0.5102040816326531 13.0 1.9052826669070204 49 25.0
581 0.0 0.5918367346938774 13.0 1.9139658581391799 49 29.0
582 0.0 0.5510204081632654 13.0 1.8936431431876215 49 27.0
583 0.0 0.5918367346938774 14.0 2.0404081224408137 49 29.0
584 0.0 0.5102040816326531 13.0 1.9052826669070202 49 25.0
585 0.0 0.4489795918367347 13.0 1.8826092762638864 49 22.0
586 0.0 0.5918367346938774 13.0 1.9139658581391799 49 29.0
587 0.0 0.489795918367347 13.0 1.9052826669070204 49 24.0
588 0.0 0.5918367346938774 14.0 2.0198841483582948 49 29.0
589 0.0 0.5918367346938774 13.0 1.924819984515205 49 29.0
590 0.0 0.5510204081632654 13.0 1.9155202131731284 49 27.0
591 0.0 0.5918367346938774 13.0 1.9030498257943171 49 29.0
592 0.0 0.5714285714285715 13.0 1.9039432764659776 49 28.0
593 0.0 0.489795918367347 13.0 1.8943165981824848 49 24.0
594 0.0 0.5306122448979591 13.0 1.8940921397898263 49 26.0
595 0.0 0.6326530612244898 14.0 2.0381147084072215 49 31.0
596 0.0 0.5306122448979591 13.0 1.9268069529700171 49 26.0
597 0.0 0.4489795918367347 13.0 1.893643143187623 49 22.0
598 0.0 0.5714285714285715 13.0 1.9148542155126769 49 28.0
599 0.0 0.5306122448979591 13.0 1.9050595005616673 49 26.0
600 0.0 0.5306122448979591 13.0 1.88306090378058 49 26.0
601 0.0 0.5510204081632654 14.0 2.031637521903984 49 27.0
602 0.0 0.5714285714285715 13.0 1.9039432764659776 49 28.0
603 0.0 0.489795918367347 13.0 1.9052826669070204 49 24.0
604 0.0 0.5510204081632654 13.0 1.8936431431876215 49 27.0
605 0.0 0.510204081632653 13.0 1.9052826669070204 49 25.0
606 0.0 0.5510204081632654 13.0 1.9155202131731284 49 27.0
607 0.0 0.5918367346938774 13.0 1.8920708160079829 49 29.0
608 0.0 0.5510204081632654 13.0 1.9155202131731286 49 27.0
609 0.0 0.5714285714285715 13.0 1.8929694486000919 49 28.0
610 0.0 0.5306122448979591 13.0 1.9050595005616673 49 26.0
611 0.0 0.5510204081632654 13.0 1.9263655815398835 49 27.0
612 0.0 0.4285714285714285 14.0 2.0207259421636894 49 21.0
613 0.0 0.5510204081632653 13.0 1.9046130894247688 49 27.0
614 0.0 0.5714285714285715 13.0 1.9257033347152244 49 28.0
615 0.0 0.5510204081632654 13.0 1.9046130894247684 49 27.0
616 0.0 0.5510204081632654 13.0 1.8936431431876215 49 27.0
617 0.0 0.5714285714285715 13.0 1.8929694486000914 49 28.0
618 0.0 0.5306122448979591 13.0 1.8940921397898263 49 26.0
619 0.0 0.5102040816326531 13.0 1.9161859793566476 49 25.0
620 0.0 0.5714285714285715 13.0 1.9039432764659776 49 28.0
621 0.0 0.5102040816326531 13.0 1.8943165981824848 49 25.0
622 0.0 0.5714285714285715 14.0 2.0615528128088307 49 28.0
623 0.0 0.5714285714285715 13.0 1.9039432764659776 49 28.0
624 0.0 0.5918367346938774 13.0 1.9139658581391799 49 29.0
625 0.0 0.5102040816326531 13.0 1.8943165981824848 49 25.0
626 0.0 0.5102040816326531 13.0 1.8943165981824848 49 25.0
627 0.0 0.5714285714285716 13.0 1.9257033347152244 49 28.0
628 0.0 0.5306122448979591 14.0 2.021777691541185 49 26.0
629 0.0 0.5510204081632654 13.0 1.9046130894247684 49 27.0
630 0.0 0.5306122448979591 13.0 1.9050595005616673 49 26.0
631 0.0 0.5714285714285715 13.0 1.8929694486000914 49 28.0
632 0.0 0.6122448979591836 13.0 1.9128548312514926 49 30.0
633 0.0 0.510204081632653 14.0 2.052665431615601 49 25.0
634 0.0 0.5306122448979591 13.0 1.8940921397898263 49 26.0
635 0.0 0.6122448979591836 13.0 1.9128548312514926 49 30.0
636 0.0 0.4897959183673469 13.0 1.9052826669070204 49 24.0
637 0.0 0.5510204081632654 14.0 2.031637521903984 49 27.0
638 0.0 0.5306122448979591 13.0 1.8940921397898263 49 26.0
639 0.0 0.5510204081632654 13.0 1.8936431431876215 49 27.0
640 0.0 0.489795918367347 13.0 1.9270276007752618 49 24.0
641 0.0 0.5510204081632654 14.0 2.031637521903984 49 27.0
642 0.0 0.5918367346938774 13.0 1.9248199845152048 49 29.0
643 0.0 0.5510204081632654 13.0 1.8936431431876215 49 27.0
644 0.0 0.5102040816326531 13.0 1.9161859793566476 49 25.0
645 0.0 0.5714285714285715 13.0 1.8929694486000919 49 28.0
646 0.0 0.5306122448979591 13.0 1.9050595005616673 49 26.0
647 0.0 0.5714285714285715 13.0 1.8929694486000914 49 28.0
648 0.0 0.5306122448979591 13.0 1.894092139789826 49 26.0
649 0.0 0.5918367346938774 13.0 1.9356132463526334 49 29.0
650 0.0 0.489795918367347 16.0 2.301470987756091 49 24.0
651 0.0 0.5306122448979591 13.0 1.9268069529700171 49 26.0
652 0.0 0.5714285714285715 14.0 2.0310096011589907 49 28.0
653 0.0 0.5102040816326531 13.0 1.9270276007752616 49 25.0
654 0.0 0.5714285714285715 13.0 1.8929694486000916 49 28.0
655 0.0 0.6122448979591836 13.0 1.9128548312514926 49 30.0
656 0.0 0.5306122448979591 14.0 2.0320560279382724 49 26.0
657 0.0 0.4897959183673469 13.0 1.883286676924943 49 24.0
658 0.0 0.6326530612244898 13.0 1.9439422739952574 49 31.0
659 0.0 0.4285714285714285 13.0 1.8819316317727013 49 21.0
660 0.0 0.6326530612244898 14.0 2.0381147084072215 49 31.0
661 0.0 0.4897959183673469 13.0 1.9052826669070204 49 24.0
662 0.0 0.5918367346938774 13.0 1.924819984515205 49 29.0
663 0.0 0.5714285714285715 13.0 1.9039432764659776 49 28.0
664 0.0 0.6734693877551021 14.0 2.0553563671340234 49 33.0
665 0.0 0.5510204081632654 13.0 1.9046130894247684 49 27.0
666 0.0 0.5714285714285715 13.0 1.8929694486000919 49 28.0
667 0.0 0.4489795918367347 13.0 1.893643143187623 49 22.0
668 0.0 0.5918367346938774 14.0 2.0404081224408137 49 29.0
669 0.0 0.5510204081632654 13.0 1.9046130894247686 49 27.0
670 0.0 0.5918367346938774 13.0 1.8920708160079829 49 29.0
671 0.0 0.5306122448979591 13.0 1.9159640830002362 49 26.0
672 0.0 0.6122448979591837 13.0 1.8909469247202164 49 30.0
673 0.0 0.5510204081632654 13.0 1.9046130894247684 49 27.0
674 0.0 0.5918367346938774 13.0 1.903049825794317 49 29.0
675 0.0 0.5714285714285715 14.0 2.03100960115899 49 28.0
676 0.0 0.5510204081632654 13.0 1.9263655815398835 49 27.0
677 0.0 0.5510204081632654 13.0 1.9155202131731284 49 27.0
678 0.0 0.5510204081632654 14.0 2.041866226537583 49 27.0
679 0.0 0.5918367346938774 13.0 1.8920708160079829 49 29.0
680 0.0 0.5510204081632654 13.0 1.9263655815398837 49 27.0
681 0.0 0.5714285714285715 13.0 1.8929694486000916 49 28.0
682 0.0 0.4897959183673469 13.0 1.8943165981824848 49 24.0
683 0.0 0.5102040816326531 13.0 1.9161859793566476 49 25.0
684 0.0 0.4693877551020409 13.0 1.9050595005616682 49 23.0
685 0.0 0.5714285714285715 14.0 2.0412414523193156 49 28.0
686 0.0 0.5918367346938774 13.0 1.9139658581391799 49 29.0
687 0.0 0.5918367346938774 13.0 1.9139658581391799 49 29.0
688 0.0 0.4693877551020409 13.0 1.8830609037805812 49 23.0
689 0.0 0.5306122448979591 14.0 2.0524582904443154 49 26.0
690 0.0 0.5510204081632654 13.0 1.9155202131731284 49 27.0
691 0.0 0.5306122448979591 13.0 1.8830609037805803 49 26.0
692 0.0 0.489795918367347 14.0 2.062789868313379 49 24.0
693 0.0 0.5510204081632654 13.0 1.8936431431876215 49 27.0
694 0.0 0.6122448979591836 13.0 1.9128548312514926 49 30.0
695 0.0 0.5714285714285715 14.0 2.0207259421636907 49 28.0
696 0.0 0.4489795918367347 13.0 1.9046130894247704 49 22.0
697 0.0 0.5918367346938774 13.0 1.9030498257943171 49 29.0
698 0.0 0.5714285714285715 14.0 2.03100960115899 49 28.0
699 0.0 0.489795918367347 13.0 1.8943165981824848 49 24.0
700 0.0 0.5510204081632654 13.0 1.9155202131731286 49 27.0
701 0.0 0.5510204081632654 14.0 2.0418662265375827 49 27.0
702 0.0 0.5102040816326531 13.0 1.9052826669070202 49 25.0
703 0.0 0.5918367346938774 14.0 2.050593078304204 49 29.0
704 0.0 0.5714285714285715 13.0 1.9257033347152246 49 28.0
705 0.0 0.4693877551020409 13.0 1.8830609037805812 49 23.0
706 0.0 0.5306122448979591 14.0 2.0422826364993987 49 26.0
707 0.0 0.5714285714285715 13.0 1.8929694486000916 49 28.0
708 0.0 0.653061224489796 13.0 1.8990240959521287 49 32.0
709 0.0 0.5714285714285715 14.0 2.0310096011589907 49 28.0
710 0.0 0.5306122448979591 14.0 2.0524582904443154 49 26.0
711 0.0 0.6122448979591836 13.0 1.9128548312514926 49 30.0
712 0.0 0.5510204081632654 13.0 1.8936431431876215 49 27.0
713 0.0 0.5306122448979591 14.0 2.0422826364993987 49 26.0
714 0.0 0.5306122448979591 13.0 1.915964083000236 49 26.0
715 0.0 0.5918367346938774 14.0 2.050593078304204 49 29.0
716 0.0 0.653061224489796 14.0 2.0263989037222654 49 32.0
717 0.0 0.5714285714285715 13.0 1.9039432764659778 49 28.0
718 0.0 0.5306122448979591 13.0 1.8830609037805803 49 26.0
719 0.0 0.5714285714285715 13.0 1.9039432764659778 49 28.0
720 0.0 0.5306122448979591 14.0 2.0320560279382724 49 26.0
721 0.0 0.5918367346938774 13.0 1.9139658581391799 49 29.0
722 0.0 0.5102040816326531 13.0 1.9052826669070204 49 25.0
723 0.0 0.6326530612244898 14.0 2.0483110680002974 49 31.0
724 0.0 0.5306122448979591 13.0 1.9050595005616673 49 26.0
725 0.0 0.5714285714285715 14.0 2.0716338157760097 49 28.0
726 0.0 0.489795918367347 13.0 1.9052826669070204 49 24.0
727 0.0 0.7142857142857142 13.0 1.9364916731037085 49 35.0
728 0.0 0.5510204081632654 14.0 2.0316375219039844 49 27.0
729 0.0 0.5714285714285715 13.0 1.9039432764659778 49 28.0
730 0.0 0.5306122448979591 13.0 1.9268069529700171 49 26.0
731 0.0 0.5918367346938774 13.0 1.9356132463526332 49 29.0
732 0.0 0.5510204081632654 13.0 1.9046130894247684 49 27.0
733 0.0 0.5714285714285715 14.0 2.0716338157760097 49 28.0
734 0.0 0.5918367346938774 14.0 2.0808488587086553 49 29.0
735 0.0 0.6326530612244898 14.0 2.0483110680002974 49 31.0
736 0.0 0.5714285714285715 13.0 1.9039432764659776 49 28.0
737 0.0 0.6122448979591836 14.0 2.0898198340468275 49 30.0
738 0.0 0.5918367346938774 13.0 1.8920708160079829 49 29.0
739 0.0 0.5306122448979591 13.0 1.9268069529700171 49 26.0
740 0.0 0.6326530612244898 14.0 2.0885987881733503 49 31.0
741 0.0 0.5306122448979591 13.0 1.8940921397898263 49 26.0
742 0.0 0.5102040816326531 13.0 1.9161859793566476 49 25.0
743 0.0 0.4897959183673469 13.0 1.9270276007752616 49 24.0
744 0.0 0.6122448979591836 13.0 1.9128548312514928 49 30.0
745 0.0 0.5102040816326531 14.0 2.021987975767824 49 25.0
746 0.0 0.5918367346938774 13.0 1.9356132463526334 49 29.0
747 0.0 0.5306122448979591 14.0 2.0422826364993987 49 26.0
748 0.0 0.5510204081632654 13.0 1.9046130894247684 49 27.0
749 0.0 0.6122448979591836 13.0 1.9237152263546813 49 30.0
750 0.0 0.5306122448979591 13.0 1.9050595005616673 49 26.0
751 0.0 0.5918367346938774 14.0 2.0505930783042046 49 29.0
752 0.0 0.5102040816326531 13.0 1.8943165981824848 49 25.0
753 0.0 0.5714285714285715 14.0 2.0412414523193156 49 28.0
754 0.0 0.6122448979591836 13.0 1.9128548312514926 49 30.0
755 0.0 0.5714285714285715 14.0 2.03100960115899 49 28.0
756 0.0 0.5306122448979591 13.0 1.9050595005616673 49 26.0
757 0.0 0.5714285714285715 14.0 2.0514222708485295 49 28.0
758 0.0 0.5102040816326531 13.0 1.8943165981824848 49 25.0
759 0.0 0.5306122448979591 13.0 1.9268069529700174 49 26.0
760 0.0 0.6122448979591836 13.0 1.9019324222420495 49 30.0
761 0.0 0.5306122448979591 13.0 1.9050595005616673 49 26.0
762 0.0 0.5102040816326531 13.0 1.9161859793566476 49 25.0
763 0.0 0.5918367346938774 13.0 1.9139658581391799 49 29.0
764 0.0 0.6122448979591836 13.0 1.9019324222420497 49 30.0
765 0.0 0.5714285714285716 14.0 2.0615528128088307 49 28.0
766 0.0 0.5714285714285715 13.0 1.8929694486000919 49 28.0
767 0.0 0.5714285714285715 14.0 2.0615528128088307 49 28.0
768 0.0 0.5918367346938774 14.0 2.0404081224408137 49 29.0
769 0.0 0.5510204081632654 13.0 1.9046130894247684 49 27.0
770 0.0 0.5306122448979591 13.0 1.9268069529700171 49 26.0
771 0.0 0.5306122448979591 14.0 2.0320560279382724 49 26.0
772 0.0 0.653061224489796 14.0 2.0366539184833212 49 32.0
773 0.0 0.5102040816326531 14.0 2.0424908096446837 49 25.0
774 0.0 0.5510204081632654 13.0 1.9046130894247684 49 27.0
775 0.0 0.6122448979591836 14.0 2.0596958364708877 49 30.0
776 0.0 0.5714285714285715 14.0 2.0412414523193156 49 28.0
777 0.0 0.5918367346938774 13.0 1.9030498257943171 49 29.0
778 0.0 0.5714285714285715 14.0 2.0412414523193156 49 28.0
779 0.0 0.5714285714285715 13.0 1.9039432764659778 49 28.0
780 0.0 0.5714285714285715 14.0 2.051422270848529 49 28.0
781 0.0 0.5714285714285715 13.0 1.9148542155126769 49 28.0
782 0.0 0.5306122448979591 13.0 1.894092139789826 49 26.0
783 0.0 0.5510204081632654 14.0 2.0316375219039844 49 27.0
784 0.0 0.6326530612244898 13.0 1.9005906708071538 49 31.0
785 0.0 0.5510204081632654 13.0 1.9155202131731284 49 27.0
786 0.0 0.653061224489796 13.0 1.9099631367315615 49 32.0
787 0.0 0.489795918367347 13.0 1.8943165981824848 49 24.0
788 0.0 0.5714285714285715 14.0 2.0412414523193156 49 28.0
789 0.0 0.5510204081632654 13.0 1.9155202131731286 49 27.0
790 0.0 0.5102040816326531 14.0 2.042490809644683 49 25.0
791 0.0 0.5714285714285715 13.0 1.9039432764659776 49 28.0
792 0.0 0.5714285714285715 14.0 2.0412414523193156 49 28.0
793 0.0 0.5918367346938774 13.0 1.9356132463526337 49 29.0
794 0.0 0.46938775510204084 14.0 2.021777691541186 49 23.0
795 0.0 0.5714285714285715 13.0 1.936491673103709 49 28.0
796 0.0 0.5306122448979591 14.0 2.0422826364993987 49 26.0
797 0.0 0.5306122448979591 13.0 1.9050595005616673 49 26.0
798 0.0 0.5510204081632654 13.0 1.9155202131731284 49 27.0
799 0.0 0.5510204081632654 13.0 1.8936431431876215 49 27.0
800 0.0 0.6122448979591836 13.0 1.9345146519929772 49 30.0
801 0.0 0.5918367346938774 14.0 2.0198841483582948 49 29.0
802 0.0 0.5714285714285715 13.0 1.9257033347152246 49 28.0
803 0.0 0.5510204081632654 13.0 1.9155202131731286 49 27.0
804 0.0 0.5510204081632654 14.0 2.05204394537288 49 27.0
805 0.0 0.5918367346938774 13.0 1.9248199845152048 49 29.0
806 0.0 0.5306122448979591 14.0 2.0320560279382724 49 26.0
807 0.0 0.5918367346938774 13.0 1.9030498257943171 49 29.0
808 0.0 0.5102040816326531 13.0 1.9161859793566476 49 25.0
809 0.0 0.510204081632653 13.0 1.8943165981824848 49 25.0
810 0.0 0.5510204081632654 13.0 1.926365581539884 49 27.0
811 0.0 0.5918367346938774 13.0 1.9030498257943171 49 29.0
812 0.0 0.5918367346938774 13.0 1.9139658581391799 49 29.0
813 0.0 0.5306122448979591 14.0 2.0320560279382724 49 26.0
814 0.0 0.5918367346938774 13.0 1.9356132463526334 49 29.0
815 0.0 0.5714285714285715 14.0 2.0412414523193156 49 28.0
816 0.0 0.5510204081632654 13.0 1.926365581539884 49 27.0
817 0.0 0.6122448979591836 14.0 2.0596958364708877 49 30.0
818 0.0 0.5306122448979591 13.0 1.9050595005616673 49 26.0
819 0.0 0.5918367346938774 13.0 1.924819984515205 49 29.0
820 0.0 0.4897959183673469 14.0 2.021987975767824 49 24.0
821 0.0 0.5510204081632654 13.0 1.9371502317600875 49 27.0
822 0.0 0.5714285714285715 14.0 2.0615528128088307 49 28.0
823 0.0 0.5510204081632654 13.0 1.9046130894247684 49 27.0
824 0.0 0.6530612244897959 14.0 2.067113732641111 49 32.0
825 0.0 0.4489795918367347 13.0 1.9155202131731301 49 22.0
826 0.0 0.6122448979591836 14.0 2.049556115872128 49 30.0
827 0.0 0.5306122448979591 13.0 1.9268069529700171 49 26.0
828 0.0 0.6122448979591836 14.0 2.0596958364708877 49 30.0
829 0.0 0.5306122448979591 13.0 1.8940921397898263 49 26.0
830 0.0 0.5510204081632654 14.0 2.05204394537288 49 27.0
831 0.0 0.6122448979591836 13.0 1.934514651992977 49 30.0
832 0.0 0.5510204081632654 14.0 2.062171433321721 49 27.0
833 0.0 0.5306122448979591 13.0 1.8940921397898263 49 26.0
834 0.0 0.5714285714285715 13.0 1.9257033347152244 49 28.0
835 0.0 0.6122448979591836 13.0 1.9237152263546815 49 30.0
836 0.0 0.5306122448979591 13.0 1.894092139789826 49 26.0
837 0.0 0.5510204081632654 13.0 1.926365581539884 49 27.0
838 0.0 0.5918367346938774 13.0 1.924819984515205 49 29.0
839 0.0 0.5306122448979591 13.0 1.915964083000236 49 26.0
840 0.0 0.5918367346938774 13.0 1.9248199845152048 49 29.0
841 0.0 0.653061224489796 14.0 2.057010577757635 49 32.0
842 0.0 0.6734693877551021 14.0 2.034983160270629 49 33.0
843 0.0 0.5102040816326531 13.0 1.9270276007752616 49 25.0
844 0.0 1.3061224489795915 48.0 6.841064980544128 49 64.0
845 0.0 0.5918367346938774 14.0 2.0404081224408137 49 29.0
846 0.0 0.5918367346938774 14.0 2.0404081224408137 49 29.0
847 0.0 0.5714285714285716 13.0 1.9364916731037092 49 28.0
848 0.0 0.653061224489796 14.0 2.036653918483321 49 32.0
849 0.0 0.5510204081632654 13.0 1.8936431431876217 49 27.0
850 0.0 0.5714285714285715 14.0 2.0615528128088307 49 28.0
851 0.0 0.5102040816326531 13.0 1.8943165981824848 49 25.0
852 0.0 0.6734693877551021 14.0 2.0654676135405845 49 33.0
853 0.0 0.489795918367347 13.0 1.9052826669070204 49 24.0
854 0.0 0.653061224489796 14.0 2.046857554970578 49 32.0
855 0.0 0.5510204081632654 13.0 1.9155202131731284 49 27.0
856 0.0 0.653061224489796 14.0 2.046857554970578 49 32.0
857 0.0 0.5714285714285715 13.0 1.9148542155126766 49 28.0
858 0.0 0.5306122448979591 14.0 2.0422826364993987 49 26.0
859 0.0 0.489795918367347 13.0 1.8943165981824848 49 24.0
860 0.0 0.653061224489796 14.0 2.057010577757635 49 32.0
861 0.0 0.5306122448979591 13.0 1.9050595005616673 49 26.0
862 0.0 0.6122448979591836 14.0 2.049556115872128 49 30.0
863 0.0 0.5918367346938774 14.0 2.0708127163320316 49 29.0
864 0.0 0.6734693877551021 14.0 2.0553563671340234 49 33.0
865 0.0 0.5714285714285715 14.0 2.051422270848529 49 28.0
866 0.0 0.5306122448979591 13.0 1.8940921397898263 49 26.0
867 0.0 0.653061224489796 14.0 2.067113732641111 49 32.0
868 0.0 0.5510204081632654 13.0 1.9263655815398837 49 27.0
869 0.0 0.5510204081632654 14.0 2.031637521903984 49 27.0
870 0.0 0.5306122448979591 14.0 2.0726597326495573 49 26.0
871 0.0 0.5918367346938774 14.0 2.0607276965809382 49 29.0
872 0.0 0.5714285714285715 13.0 1.9148542155126766 49 28.0
873 0.0 0.5918367346938774 14.0 2.0607276965809382 49 29.0
874 0.0 0.5306122448979591 13.0 1.9268069529700171 49 26.0
875 0.0 0.5306122448979591 14.0 2.042282636499399 49 26.0
876 0.0 0.6122448979591836 13.0 1.9128548312514926 49 30.0
877 0.0 0.653061224489796 14.0 2.067113732641111 49 32.0
878 0.0 0.5714285714285715 13.0 1.9039432764659776 49 28.0
879 0.0 0.5102040816326531 14.0 2.062789868313379 49 25.0
880 0.0 0.5918367346938774 13.0 1.924819984515205 49 29.0
881 0.0 0.5714285714285715 14.0 2.051422270848529 49 28.0
882 0.0 0.5510204081632654 13.0 1.9155202131731284 49 27.0
883 0.0 0.5306122448979591 14.0 2.0320560279382724 49 26.0
884 0.0 0.5510204081632654 13.0 1.926365581539884 49 27.0
885 0.0 0.653061224489796 14.0 2.077167747279967 49 32.0
886 0.0 0.5306122448979591 13.0 1.9050595005616673 49 26.0
887 0.0 0.6326530612244898 14.0 2.0483110680002974 49 31.0
888 0.0 0.5306122448979591 13.0 1.9268069529700171 49 26.0
889 0.0 0.5714285714285715 14.0 2.051422270848529 49 28.0
890 0.0 0.6122448979591836 13.0 1.9128548312514926 49 30.0
891 0.0 0.5102040816326531 14.0 2.0526654316156008 49 25.0
892 0.0 0.6122448979591836 13.0 1.9237152263546815 49 30.0
893 0.0 0.6734693877551021 14.0 2.0855430458080626 49 33.0
894 0.0 0.5510204081632654 13.0 1.9155202131731284 49 27.0
895 0.0 0.6326530612244898 14.0 2.058456921569938 49 31.0
896 0.0 0.5306122448979591 13.0 1.9483116709979784 49 26.0
897 0.0 0.6326530612244898 14.0 2.0278670809397705 49 31.0
898 0.0 0.5918367346938774 13.0 1.9356132463526337 49 29.0
899 0.0 0.5714285714285715 13.0 1.9039432764659776 49 28.0
900 0.0 0.5918367346938774 14.0 2.0404081224408137 49 29.0
901 0.0 0.6122448979591836 14.0 2.079826981291675 49 30.0
902 0.0 0.5918367346938774 13.0 1.9030498257943171 49 29.0
903 0.0 0.489795918367347 13.0 1.8943165981824848 49 24.0
904 0.0 0.5306122448979591 14.0 2.062583743919327 49 26.0
905 0.0 0.5918367346938774 13.0 1.9356132463526334 49 29.0
906 0.0 0.7142857142857142 14.0 2.041241452319315 49 35.0
907 0.0 0.5714285714285715 13.0 1.9148542155126769 49 28.0
908 0.0 0.6122448979591836 14.0 2.0697858839605066 49 30.0
909 0.0 0.5102040816326531 13.0 1.9161859793566476 49 25.0
910 0.0 0.5714285714285715 13.0 1.9257033347152241 49 28.0
911 0.0 0.5102040816326531 14.0 2.0526654316156008 49 25.0
912 0.0 0.6326530612244898 14.0 2.038114708407221 49 31.0
913 0.0 0.5510204081632654 14.0 2.041866226537583 49 27.0
914 0.0 0.5918367346938774 13.0 1.9248199845152048 49 29.0
915 0.0 0.653061224489796 14.0 2.067113732641111 49 32.0
916 0.0 0.5306122448979591 14.0 2.0320560279382724 49 26.0
917 0.0 0.5918367346938774 14.0 2.0708127163320316 49 29.0
918 0.0 0.5714285714285715 14.0 2.0615528128088307 49 28.0
919 0.0 0.6326530612244898 14.0 2.0381147084072215 49 31.0
920 0.0 0.5714285714285715 13.0 1.9039432764659776 49 28.0
921 0.0 0.6734693877551021 14.0 2.0553563671340234 49 33.0
922 0.0 0.5102040816326531 13.0 1.9270276007752616 49 25.0
923 0.0 0.5510204081632654 14.0 2.062171433321721 49 27.0
924 0.0 0.6326530612244898 14.0 2.058456921569938 49 31.0
925 0.0 0.5102040816326531 13.0 1.9161859793566476 49 25.0
926 0.0 0.5918367346938774 14.0 2.0607276965809382 49 29.0
927 0.0 0.6122448979591836 13.0 1.9237152263546813 49 30.0
928 0.0 0.653061224489796 14.0 2.067113732641111 49 32.0
929 0.0 0.5510204081632654 14.0 2.0418662265375827 49 27.0
930 0.0 0.6122448979591836 14.0 2.0596958364708877 49 30.0
931 0.0 0.6326530612244898 14.0 2.0685530122831883 49 31.0
932 0.0 0.5918367346938774 14.0 2.0607276965809387 49 29.0
933 0.0 0.5306122448979591 14.0 2.0320560279382724 49 26.0
934 0.0 0.6122448979591836 13.0 1.934514651992977 49 30.0
935 0.0 0.5714285714285715 14.0 2.0716338157760092 49 28.0
936 0.0 0.6122448979591836 14.0 2.0393659812407816 49 30.0
937 0.0 0.5510204081632654 13.0 1.9046130894247684 49 27.0
938 0.0 0.5918367346938774 14.0 2.0404081224408137 49 29.0
939 0.0 0.5306122448979591 13.0 1.9375891465117852 49 26.0
940 0.0 0.5918367346938774 13.0 1.924819984515205 49 29.0
941 0.0 0.5306122448979591 14.0 2.0320560279382724 49 26.0
942 0.0 0.6122448979591836 13.0 1.9237152263546813 49 30.0
943 0.0 0.5714285714285715 14.0 2.0615528128088307 49 28.0
944 0.0 0.5510204081632654 14.0 2.041866226537583 49 27.0
945 0.0 0.5510204081632654 13.0 1.9046130894247686 49 27.0
946 0.0 0.6326530612244898 14.0 2.0685530122831883 49 31.0
947 0.0 0.5102040816326531 14.0 2.042490809644683 49 25.0
948 0.0 0.5306122448979591 14.0 2.0320560279382724 49 26.0
949 0.0 0.6122448979591836 13.0 1.9237152263546815 49 30.0
950 0.0 0.6122448979591836 14.0 2.049556115872128 49 30.0
951 0.0 0.5306122448979591 13.0 1.9268069529700171 49 26.0
952 0.0 0.5714285714285715 14.0 2.041241452319315 49 28.0
953 0.0 0.5714285714285715 14.0 2.0716338157760092 49 28.0
954 0.0 0.5510204081632654 13.0 1.9155202131731284 49 27.0
955 0.0 0.5714285714285715 14.0 2.0207259421636907 49 28.0
956 0.0 0.5918367346938774 13.0 1.9356132463526334 49 29.0
957 0.0 0.5918367346938774 14.0 2.0607276965809382 49 29.0
958 0.0 0.653061224489796 14.0 2.067113732641111 49 32.0
959 0.0 0.4489795918367347 13.0 1.8936431431876233 49 22.0
960 0.0 0.653061224489796 14.0 2.057010577757635 49 32.0
961 0.0 0.5510204081632654 13.0 1.9155202131731284 49 27.0
962 0.0 1.2653061224489797 31.0 4.803538236741404 49 62.0
963 0.0 0.5714285714285715 14.0 2.0310096011589907 49 28.0
964 0.0 0.5714285714285715 13.0 1.9257033347152244 49 28.0
965 0.0 0.5510204081632654 14.0 2.0418662265375827 49 27.0
966 0.0 0.5306122448979591 13.0 1.9268069529700171 49 26.0
967 0.0 0.6326530612244898 13.0 1.9331955146749091 49 31.0
968 0.0 0.6122448979591836 14.0 2.049556115872128 49 30.0
969 0.0 0.5918367346938774 13.0 1.9139658581391799 49 29.0
970 0.0 0.5510204081632654 14.0 2.062171433321721 49 27.0
971 0.0 0.5510204081632654 14.0 2.072249426848715 49 27.0
972 0.0 0.5306122448979591 13.0 1.894092139789826 49 26.0
973 0.0 0.5918367346938774 14.0 2.0505930783042046 49 29.0
974 0.0 0.5714285714285715 14.0 2.0615528128088307 49 28.0
975 0.0 0.653061224489796 14.0 2.067113732641111 49 32.0
976 0.0 0.5102040816326531 14.0 2.0424908096446837 49 25.0
977 0.0 0.673469387755102 13.0 1.9298937265866143 49 33.0
978 0.0 1.081632653061225 27.0 4.295524486281611 49 53.0
979 0.0 0.6122448979591836 13.0 1.9452541236152607 49 30.0
980 0.0 0.5714285714285715 13.0 1.9257033347152246 49 28.0
981 0.0 0.6326530612244898 14.0 2.0483110680002974 49 31.0
982 0.0 0.489795918367347 13.0 1.9052826669070204 49 24.0
983 0.0 0.653061224489796 14.0 2.067113732641111 49 32.0
984 0.0 0.5306122448979591 13.0 1.9268069529700171 49 26.0
985 0.0 0.5510204081632654 13.0 1.9155202131731286 49 27.0
986 0.0 0.6122448979591836 14.0 2.0596958364708873 49 30.0
987 0.0 0.6122448979591836 13.0 1.9452541236152607 49 30.0
988 0.0 0.5714285714285715 13.0 1.9039432764659778 49 28.0
989 0.0 0.5918367346938774 14.0 2.0607276965809387 49 29.0
990 0.0 0.5510204081632654 13.0 1.9263655815398835 49 27.0
991 0.0 0.5510204081632654 14.0 2.062171433321721 49 27.0
992 0.0 0.6326530612244898 14.0 2.0584569215699378 49 31.0
993 0.0 0.5510204081632654 13.0 1.9155202131731284 49 27.0
994 0.0 0.489795918367347 14.0 2.021987975767824 49 24.0
995 0.0 0.6326530612244898 14.0 2.0685530122831883 49 31.0
996 0.0 0.5306122448979591 13.0 1.9375891465117854 49 26.0
997 0.0 0.5306122448979591 14.0 2.0524582904443154 49 26.0
998 0.0 0.5918367346938774 13.0 1.9248199845152048 49 29.0
999 0.0 0.5714285714285715 13.0 1.9039432764659774 49 28.0
1000 0.0 0.5510204081632654 14.0 2.062171433321721 49 27.0
1001 0.0 0.6734693877551021 13.0 1.9190682971826987 49 33.0
1002 0.0 0.5102040816326531 14.0 2.052665431615601 49 25.0
1003 0.0 0.489795918367347 14.0 2.021987975767824 49 24.0
1004 0.0 0.653061224489796 13.0 1.9316553825687435 49 32.0
1005 0.0 0.6122448979591836 14.0 2.0596958364708877 49 30.0
1006 0.0 0.5918367346938774 14.0 2.0505930783042046 49 29.0
1007 0.0 0.6122448979591836 14.0 2.0596958364708877 49 30.0
1008 0.0 0.5714285714285715 14.0 2.0615528128088307 49 28.0
1009 0.0 0.510204081632653 13.0 1.8943165981824848 49 25.0
1010 0.0 0.5714285714285715 14.0 2.0412414523193156 49 28.0
1011 0.0 0.5510204081632654 14.0 2.05204394537288 49 27.0
1012 0.0 0.6122448979591836 14.0 2.0697858839605066 49 30.0
1013 0.0 0.6122448979591836 13.0 1.8909469247202164 49 30.0
1014 0.0 0.5918367346938774 14.0 2.0607276965809382 49 29.0
1015 0.0 0.6122448979591836 14.0 2.0697858839605066 49 30.0
1016 0.0 0.5102040816326531 13.0 1.9161859793566476 49 25.0
1017 0.0 0.6122448979591836 14.0 2.0393659812407816 49 30.0
1018 0.0 0.5918367346938774 14.0 2.0505930783042046 49 29.0
1019 0.0 0.5714285714285715 13.0 1.9257033347152248 49 28.0
1020 0.0 0.5510204081632654 14.0 2.05204394537288 49 27.0
1021 0.0 0.5510204081632654 14.0 2.062171433321721 49 27.0
1022 0.0 0.7142857142857142 13.0 1.925703334715224 49 35.0
1023 0.0 0.5306122448979591 13.0 1.8940921397898263 49 26.0
1024 0.0 0.5714285714285715 14.0 2.0310096011589907 49 28.0
1025 0.0 0.5714285714285715 14.0 2.0716338157760097 49 28.0
1026 0.0 0.6122448979591836 13.0 1.9237152263546817 49 30.0
1027 0.0 0.489795918367347 14.0 2.0322652486366852 49 24.0
1028 0.0 0.6326530612244898 14.0 2.058456921569938 49 31.0
1029 0.0 0.5102040816326531 13.0 1.9161859793566476 49 25.0
1030 0.0 0.6530612244897959 14.0 2.067113732641111 49 32.0
1031 0.0 0.6122448979591836 14.0 2.0393659812407816 49 30.0
1032 0.0 0.5714285714285715 13.0 1.936491673103709 49 28.0
1033 0.0 0.5306122448979591 13.0 1.9159640830002362 49 26.0
1034 0.0 0.5714285714285715 14.0 2.051422270848529 49 28.0
1035 0.0 0.5918367346938774 14.0 2.0404081224408137 49 29.0
1036 0.0 0.5510204081632654 13.0 1.9155202131731284 49 27.0
1037 0.0 0.6734693877551021 14.0 2.075529602114049 49 33.0
1038 0.0 0.5306122448979591 14.0 2.0320560279382724 49 26.0
1039 0.0 0.6122448979591836 13.0 1.9452541236152607 49 30.0
1040 0.0 0.510204081632653 13.0 1.9161859793566476 49 25.0
1041 0.0 0.5918367346938774 14.0 2.050593078304204 49 29.0
1042 0.0 0.5510204081632654 14.0 2.021357057459541 49 27.0
1043 0.0 0.5918367346938774 14.0 2.070812716332031 49 29.0
1044 0.0 0.5102040816326531 13.0 1.9161859793566476 49 25.0
1045 0.0 0.5306122448979591 13.0 1.915964083000236 49 26.0
1046 0.0 0.6122448979591836 14.0 2.0697858839605066 49 30.0
1047 0.0 0.489795918367347 14.0 2.0526654316156008 49 24.0
1048 0.0 0.6122448979591836 14.0 2.0697858839605066 49 30.0
1049 0.0 0.5306122448979591 14.0 2.0320560279382724 49 26.0
1050 0.0 0.5918367346938774 13.0 1.9463466562055298 49 29.0
1051 0.0 0.5918367346938774 14.0 2.0505930783042046 49 29.0
1052 0.0 0.5510204081632654 14.0 2.05204394537288 49 27.0
1053 0.0 0.5918367346938774 14.0 2.0505930783042046 49 29.0
1054 0.0 0.6122448979591836 13.0 1.9237152263546813 49 30.0
1055 0.0 0.5510204081632654 14.0 2.062171433321721 49 27.0
1056 0.0 0.5918367346938774 14.0 2.0404081224408137 49 29.0
1057 0.0 0.5918367346938773 14.0 2.0708127163320316 49 29.0
1058 0.0 0.5918367346938774 13.0 1.924819984515205 49 29.0
1059 0.0 0.5714285714285715 14.0 2.0310096011589907 49 28.0
1060 0.0 0.653061224489796 14.0 2.0671137326411104 49 32.0
1061 0.0 0.5510204081632654 13.0 1.9155202131731286 49 27.0
1062 0.0 1.285714285714286 36.0 5.412177627043179 49 63.0
1063 0.0 0.5510204081632654 14.0 2.0316375219039844 49 27.0
1064 0.0 0.5510204081632654 14.0 2.062171433321721 49 27.0
1065 0.0 0.5918367346938774 13.0 1.9139658581391799 49 29.0
1066 0.0 0.5918367346938774 14.0 2.050593078304204 49 29.0
1067 0.0 0.489795918367347 14.0 2.021987975767824 49 24.0
1068 0.0 0.5918367346938774 14.0 2.050593078304204 49 29.0
1069 0.0 0.5714285714285715 13.0 1.9039432764659776 49 28.0
1070 0.0 0.6122448979591836 14.0 2.0495561158721283 49 30.0
1071 0.0 0.5918367346938774 14.0 2.0404081224408137 49 29.0
1072 0.0 0.5918367346938774 13.0 1.9248199845152048 49 29.0
1073 0.0 0.5306122448979591 13.0 1.9050595005616673 49 26.0
1074 0.0 0.653061224489796 14.0 2.057010577757635 49 32.0
1075 0.0 0.6326530612244898 14.0 2.0483110680002974 49 31.0
1076 0.0 0.5102040816326531 13.0 1.9270276007752616 49 25.0
1077 0.0 1.1632653061224496 30.0 4.6741618623712915 49 57.0
1078 0.0 0.6122448979591836 14.0 2.049556115872128 49 30.0
1079 0.0 0.6122448979591836 14.0 2.049556115872128 49 30.0
1080 0.0 0.5510204081632654 13.0 1.9155202131731284 49 27.0
1081 0.0 0.5510204081632654 14.0 2.05204394537288 49 27.0
1082 0.0 0.6734693877551021 14.0 2.0553563671340234 49 33.0
1083 0.0 0.5918367346938774 14.0 2.0404081224408137 49 29.0
1084 0.0 0.5510204081632654 13.0 1.8936431431876215 49 27.0
1085 0.0 0.5510204081632654 15.0 2.189570206016429 49 27.0
1086 0.0 0.489795918367347 13.0 1.9052826669070204 49 24.0
1087 0.0 0.6734693877551021 14.0 2.034983160270629 49 33.0
1088 0.0 0.5306122448979591 14.0 2.0320560279382724 49 26.0
1089 0.0 0.6326530612244898 14.0 2.0381147084072215 49 31.0
1090 0.0 0.5510204081632654 13.0 1.9046130894247686 49 27.0
1091 0.0 0.5714285714285715 15.0 2.1889875894272834 49 28.0
1092 0.0 0.5714285714285715 14.0 2.0310096011589907 49 28.0
1093 0.0 0.5918367346938774 14.0 2.0505930783042046 49 29.0
1094 0.0 0.5714285714285715 15.0 2.1794494717703374 49 28.0
1095 0.0 0.653061224489796 13.0 1.9316553825687437 49 32.0
1096 0.0 0.5510204081632654 14.0 2.041866226537583 49 27.0
1097 0.0 0.6122448979591836 14.0 2.049556115872128 49 30.0
1098 0.0 0.5714285714285715 14.0 2.0310096011589907 49 28.0
1099 0.0 0.5510204081632654 14.0 2.0418662265375827 49 27.0
1100 0.0 0.6326530612244898 14.0 2.058456921569938 49 31.0
1101 0.0 0.5510204081632654 14.0 2.0520439453728794 49 27.0
1102 0.0 0.489795918367347 14.0 2.0322652486366852 49 24.0
1103 0.0 0.6326530612244898 14.0 2.038114708407221 49 31.0
1104 0.0 0.6326530612244898 14.0 2.0381147084072215 49 31.0
1105 0.0 0.6122448979591836 14.0 2.0697858839605066 49 30.0
1106 0.0 0.5714285714285715 14.0 2.0412414523193156 49 28.0
1107 0.0 0.653061224489796 14.0 2.057010577757635 49 32.0
1108 0.0 0.5918367346938774 14.0 2.0404081224408137 49 29.0
1109 0.0 0.5714285714285715 14.0 2.0310096011589907 49 28.0
1110 0.0 0.5714285714285715 14.0 2.0412414523193156 49 28.0
1111 0.0 0.6326530612244898 15.0 2.2050498629190196 49 31.0
1112 0.0 0.5918367346938774 14.0 2.0404081224408137 49 29.0
1113 0.0 0.5918367346938774 13.0 1.9248199845152048 49 29.0
1114 0.0 0.4285714285714285 13.0 1.89296944860009 49 21.0
1115 0.0 0.7755102040816327 15.0 2.1819840562590525 49 38.0
1116 0.0 0.5510204081632654 14.0 2.031637521903984 49 27.0
1117 0.0 0.6122448979591836 13.0 1.9237152263546815 49 30.0
1118 0.0 0.5714285714285715 14.0 2.051422270848529 49 28.0
1119 0.0 0.6326530612244898 14.0 2.0483110680002974 49 31.0
1120 0.0 0.5714285714285715 14.0 2.0514222708485295 49 28.0
1121 0.0 0.5918367346938774 13.0 1.9248199845152048 49 29.0
1122 0.0 0.5306122448979591 13.0 1.8940921397898263 49 26.0
1123 0.0 0.5714285714285715 14.0 2.051422270848529 49 28.0
1124 0.0 0.4897959183673469 14.0 2.0322652486366852 49 24.0
1125 0.0 0.6326530612244898 14.0 2.0685530122831888 49 31.0
1126 0.0 0.489795918367347 13.0 1.8943165981824848 49 24.0
1127 0.0 0.6122448979591836 14.0 2.0697858839605066 49 30.0
1128 0.0 0.5714285714285715 14.0 2.0207259421636907 49 28.0
1129 0.0 0.5714285714285715 14.0 2.0716338157760097 49 28.0
1130 0.0 0.6122448979591836 13.0 1.9019324222420495 49 30.0
1131 0.0 0.653061224489796 15.0 2.1847103203110168 49 32.0
1132 0.0 0.6326530612244898 14.0 2.0483110680002974 49 31.0
1133 0.0 0.5102040816326531 13.0 1.9052826669070204 49 25.0
1134 0.0 0.653061224489796 14.0 2.057010577757635 49 32.0
1135 0.0 0.5918367346938774 14.0 2.050593078304204 49 29.0
1136 0.0 0.6122448979591836 14.0 2.049556115872128 49 30.0
1137 0.0 0.5714285714285715 13.0 1.9257033347152244 49 28.0
1138 0.0 0.5714285714285715 14.0 2.0412414523193156 49 28.0
1139 0.0 0.6122448979591836 14.0 2.0697858839605066 49 30.0
1140 0.0 0.6122448979591836 14.0 2.0291246730488273 49 30.0
1141 0.0 0.5306122448979591 13.0 1.9375891465117854 49 26.0
1142 0.0 0.5510204081632654 13.0 1.9046130894247684 49 27.0
1143 0.0 0.6122448979591836 14.0 2.049556115872128 49 30.0
1144 0.0 0.6326530612244898 14.0 2.0584569215699378 49 31.0
1145 0.0 0.5306122448979591 14.0 2.0320560279382724 49 26.0
1146 0.0 0.5714285714285715 14.0 2.0310096011589907 49 28.0
1147 0.0 0.6326530612244898 14.0 2.0381147084072215 49 31.0
1148 0.0 0.5306122448979591 13.0 1.9050595005616673 49 26.0
1149 0.0 0.6326530612244898 13.0 1.933195514674909 49 31.0
1150 0.0 0.5510204081632654 14.0 2.041866226537583 49 27.0
1151 0.0 0.5918367346938774 14.0 2.0708127163320316 49 29.0
1152 0.0 0.7142857142857143 19.0 2.723355773061365 49 35.0
1153 0.0 0.653061224489796 14.0 2.0671137326411104 49 32.0
1154 0.0 0.5918367346938774 14.0 2.03017207139094 49 29.0
1155 0.0 0.5918367346938774 14.0 2.050593078304204 49 29.0
1156 0.0 0.5714285714285715 14.0 2.03100960115899 49 28.0
1157 0.0 0.5510204081632654 14.0 2.041866226537583 49 27.0
1158 0.0 0.5510204081632654 14.0 2.041866226537583 49 27.0
1159 0.0 0.6326530612244898 14.0 2.0483110680002974 49 31.0
1160 0.0 0.5918367346938774 14.0 2.0404081224408137 49 29.0
1161 0.0 0.6122448979591836 14.0 2.049556115872128 49 30.0
1162 0.0 0.5918367346938774 14.0 2.0607276965809387 49 29.0
1163 0.0 0.5918367346938774 13.0 1.9248199845152048 49 29.0
1164 0.0 0.5510204081632654 14.0 2.041866226537583 49 27.0
1165 0.0 0.6326530612244898 14.0 2.0584569215699378 49 31.0
1166 0.0 0.6122448979591836 14.0 2.049556115872128 49 30.0
1167 0.0 0.6530612244897959 14.0 2.057010577757635 49 32.0
1168 0.0 0.4693877551020409 13.0 1.894092139789827 49 23.0
1169 0.0 0.6734693877551021 14.0 2.045195132316646 49 33.0
1170 0.0 0.4693877551020409 14.0 2.0320560279382733 49 23.0
1171 0.0 0.6326530612244898 14.0 2.058456921569938 49 31.0
1172 0.0 0.5510204081632654 14.0 2.0418662265375827 49 27.0
1173 0.0 0.6122448979591836 13.0 1.9237152263546815 49 30.0
1174 0.0 0.5102040816326531 13.0 1.8943165981824848 49 25.0
1175 0.0 0.6938775510204082 14.0 2.043323290139671 49 34.0
1176 0.0 0.5510204081632654 14.0 2.062171433321721 49 27.0
1177 0.0 0.5102040816326531 14.0 2.052665431615601 49 25.0
1178 0.0 0.6122448979591836 14.0 2.0596958364708877 49 30.0
1179 0.0 0.5714285714285715 13.0 1.9039432764659774 49 28.0
1180 0.0 0.6122448979591836 14.0 2.0697858839605066 49 30.0
1181 0.0 0.5714285714285715 14.0 2.0310096011589907 49 28.0
1182 0.0 0.6326530612244898 15.0 2.205049862919019 49 31.0
1183 0.0 0.5510204081632654 13.0 1.9155202131731284 49 27.0
1184 0.0 0.5102040816326531 13.0 1.9052826669070204 49 25.0
1185 0.0 0.5918367346938774 14.0 2.050593078304204 49 29.0
1186 0.0 0.5510204081632654 14.0 2.041866226537583 49 27.0
1187 0.0 0.6326530612244898 14.0 2.058456921569938 49 31.0
1188 0.0 0.5714285714285715 14.0 2.051422270848529 49 28.0
1189 0.0 0.5918367346938774 15.0 2.197710620802728 49 29.0
1190 0.0 0.5918367346938774 14.0 2.050593078304204 49 29.0
1191 0.0 0.6122448979591836 14.0 2.0596958364708877 49 30.0
1192 0.0 0.5714285714285715 13.0 1.9148542155126769 49 28.0
1193 0.0 0.5306122448979591 13.0 1.915964083000236 49 26.0
1194 0.0 0.6122448979591836 14.0 2.049556115872128 49 30.0
1195 0.0 0.5306122448979591 14.0 2.0422826364993987 49 26.0
1196 0.0 0.5918367346938774 14.0 2.0708127163320316 49 29.0
1197 0.0 0.5306122448979591 14.0 2.0422826364993987 49 26.0
1198 0.0 0.6326530612244898 14.0 2.0685530122831883 49 31.0
1199 0.0 0.6734693877551021 13.0 1.8972321407562043 49 33.0
1200 0.0 0.5714285714285715 14.0 2.0412414523193156 49 28.0
1201 0.0 0.5510204081632654 14.0 2.0418662265375827 49 27.0
1202 0.0 0.5306122448979591 14.0 2.0422826364993987 49 26.0
1203 0.0 0.6938775510204082 14.0 2.0534937873521497 49 34.0
1204 0.0 0.5510204081632654 14.0 2.0418662265375827 49 27.0
1205 0.0 0.6326530612244898 14.0 2.058456921569938 49 31.0
1206 0.0 0.6326530612244898 14.0 2.0483110680002974 49 31.0
1207 0.0 0.5510204081632654 14.0 2.041866226537583 49 27.0
1208 0.0 0.5714285714285716 13.0 1.9364916731037092 49 28.0
1209 0.0 0.5510204081632654 13.0 1.8826092762638849 49 27.0
1210 0.0 0.653061224489796 15.0 2.2131333406899514 49 32.0
1211 0.0 0.5306122448979591 14.0 2.0320560279382724 49 26.0
1212 0.0 0.7346938775510204 15.0 2.205820994211316 49 36.0
1213 0.0 0.5510204081632654 14.0 2.041866226537583 49 27.0
1214 0.0 0.5306122448979591 13.0 1.915964083000236 49 26.0
1215 0.0 0.6326530612244898 14.0 2.0885987881733503 49 31.0
1216 0.0 0.5714285714285715 14.0 2.051422270848529 49 28.0
1217 0.0 0.5918367346938774 14.0 2.0708127163320316 49 29.0
1218 0.0 0.5306122448979591 14.0 2.0422826364993987 49 26.0
1219 0.0 0.6938775510204082 14.0 2.0534937873521497 49 34.0
1220 0.0 0.5714285714285715 14.0 2.051422270848529 49 28.0
1221 0.0 0.5510204081632654 13.0 1.9046130894247684 49 27.0
1222 0.0 0.6326530612244898 14.0 2.0685530122831883 49 31.0
1223 0.0 0.5918367346938774 14.0 2.0404081224408137 49 29.0
1224 0.0 0.5510204081632654 14.0 2.062171433321721 49 27.0
1225 0.0 0.653061224489796 14.0 2.046857554970578 49 32.0
1226 0.0 0.5510204081632654 14.0 2.062171433321721 49 27.0
1227 0.0 0.5918367346938774 14.0 2.0505930783042046 49 29.0
1228 0.0 0.5714285714285715 14.0 2.0716338157760097 49 28.0
1229 0.0 0.693877551020408 14.0 2.063614160001947 49 34.0
1230 0.0 0.6122448979591836 14.0 2.049556115872128 49 30.0
1231 0.0 0.5918367346938774 13.0 1.9139658581391796 49 29.0
1232 0.0 0.5510204081632654 14.0 2.062171433321721 49 27.0
1233 0.0 0.5714285714285715 14.0 2.0514222708485295 49 28.0
1234 0.0 0.653061224489796 15.0 2.1847103203110168 49 32.0
1235 0.0 0.5918367346938774 14.0 2.0404081224408137 49 29.0
1236 0.0 0.6326530612244898 13.0 1.9439422739952574 49 31.0
1237 0.0 0.5510204081632654 14.0 2.05204394537288 49 27.0
1238 0.0 0.6122448979591836 14.0 2.0596958364708877 49 30.0
1239 0.0 0.6326530612244898 14.0 2.0584569215699378 49 31.0
1240 0.0 0.5714285714285715 14.0 2.0514222708485295 49 28.0
1241 0.0 0.5714285714285715 14.0 2.0412414523193156 49 28.0
1242 0.0 0.6734693877551021 14.0 2.045195132316646 49 33.0
1243 0.0 0.5102040816326531 14.0 2.0424908096446837 49 25.0
1244 0.0 0.6326530612244898 14.0 2.0483110680002974 49 31.0
1245 0.0 0.5714285714285715 13.0 1.9257033347152244 49 28.0
1246 0.0 0.6122448979591836 13.0 1.9237152263546813 49 30.0
1247 0.0 0.6122448979591836 14.0 2.0697858839605066 49 30.0
1248 0.0 0.5714285714285715 14.0 2.0412414523193156 49 28.0
1249 0.0 0.653061224489796 14.0 2.057010577757635 49 32.0
1250 0.0 0.653061224489796 14.0 2.046857554970578 49 32.0
1251 0.0 0.5918367346938774 14.0 2.0404081224408137 49 29.0
1252 0.0 0.653061224489796 14.0 2.077167747279967 49 32.0
1253 0.0 0.6122448979591836 14.0 2.0393659812407816 49 30.0
1254 0.0 0.5306122448979591 13.0 1.9268069529700171 49 26.0
1255 0.0 0.5510204081632654 13.0 1.9263655815398837 49 27.0
1256 0.0 0.6122448979591836 14.0 2.0596958364708873 49 30.0
1257 0.0 0.6326530612244898 14.0 2.0483110680002974 49 31.0
1258 0.0 0.6122448979591836 14.0 2.049556115872128 49 30.0
1259 0.0 0.6326530612244898 14.0 2.0278670809397705 49 31.0
1260 0.0 0.5918367346938774 14.0 2.0708127163320316 49 29.0
1261 0.0 0.6122448979591836 14.0 2.079826981291675 49 30.0
1262 0.0 0.510204081632653 14.0 2.0322652486366852 49 25.0
1263 0.0 0.6734693877551021 14.0 2.0755296021140492 49 33.0
1264 0.0 0.5510204081632654 14.0 2.041866226537583 49 27.0
1265 0.0 0.5306122448979591 14.0 2.042282636499399 49 26.0
1266 0.0 0.693877551020408 14.0 2.0331019161273107 49 34.0
1267 0.0 0.5714285714285715 15.0 2.2079402165819624 49 28.0
1268 0.0 0.5714285714285715 14.0 2.0412414523193156 49 28.0
1269 0.0 0.693877551020408 15.0 2.2004174001070513 49 34.0
1270 0.0 0.5306122448979591 14.0 2.0524582904443154 49 26.0
1271 0.0 0.5510204081632654 15.0 2.1990644269192057 49 27.0
1272 0.0 0.653061224489796 14.0 2.0366539184833212 49 32.0
1273 0.0 0.5306122448979591 15.0 2.189958530965127 49 26.0
1274 0.0 0.5918367346938774 14.0 2.0404081224408137 49 29.0
1275 0.0 0.6326530612244898 14.0 2.0381147084072215 49 31.0
1276 0.0 0.653061224489796 14.0 2.077167747279967 49 32.0
1277 0.0 0.5306122448979591 14.0 2.0320560279382724 49 26.0
1278 0.0 0.6326530612244898 14.0 2.078600065258471 49 31.0
1279 0.0 0.5918367346938774 14.0 2.050593078304204 49 29.0
1280 0.0 0.5510204081632654 14.0 2.0316375219039844 49 27.0
1281 0.0 0.653061224489796 14.0 2.077167747279967 49 32.0
1282 0.0 0.6122448979591836 14.0 2.0393659812407816 49 30.0
1283 0.0 0.6326530612244898 14.0 2.0685530122831883 49 31.0
1284 0.0 0.5510204081632654 13.0 1.9263655815398835 49 27.0
1285 0.0 0.5510204081632654 13.0 1.9046130894247686 49 27.0
1286 0.0 0.5510204081632654 14.0 2.05204394537288 49 27.0
1287 0.0 0.6734693877551021 14.0 2.045195132316646 49 33.0
1288 0.0 0.6326530612244898 14.0 2.0685530122831883 49 31.0
1289 0.0 0.6122448979591836 14.0 2.039365981240782 49 30.0
1290 0.0 0.5918367346938774 14.0 2.0808488587086553 49 29.0
1291 0.0 0.5714285714285715 14.0 2.051422270848529 49 28.0
1292 0.0 0.5510204081632654 14.0 2.041866226537583 49 27.0
1293 0.0 0.5918367346938774 14.0 2.050593078304204 49 29.0
1294 0.0 0.5510204081632654 14.0 2.041866226537583 49 27.0
1295 0.0 0.653061224489796 14.0 2.067113732641111 49 32.0
1296 0.0 0.5918367346938774 14.0 2.03017207139094 49 29.0
1297 0.0 0.5714285714285715 15.0 2.1984843263788205 49 28.0
1298 0.0 0.6122448979591836 15.0 2.196743105624516 49 30.0
tot,0.0,0.5647201143736721,48.0,1.9900148838258631,63651
