##ver, min, mean, max, stddev, count,total
0 0.0 0.7959183673469387 14.0 2.235877827580019 49 39.0
1 0.0 0.6122448979591836 12.0 1.9019324222420488 49 30.0
2 0.0 0.6326530612244898 13.0 1.9863479632965924 49 31.0
3 0.0 0.5918367346938773 13.0 2.0198841483582948 49 29.0
4 0.0 0.6122448979591836 13.0 2.008485400853632 49 30.0
5 0.0 0.6122448979591836 13.0 2.0596958364708877 49 30.0
6 0.0 0.6122448979591836 12.0 1.9771225570111162 49 30.0
7 0.0 0.8367346938775512 13.0 2.460919025278889 49 41.0
8 0.0 0.5714285714285716 13.0 1.9895560643855543 49 28.0
9 0.0 0.653061224489796 13.0 2.005731583156995 49 32.0
10 0.0 0.6326530612244898 12.0 1.8674166374859111 49 31.0
11 0.0 0.6122448979591836 13.0 1.9771225570111166 49 30.0
12 0.0 0.5714285714285716 12.0 1.837117307087384 49 28.0
13 0.0 0.5714285714285716 12.0 1.859659467035117 49 28.0
14 0.0 0.5714285714285715 13.0 1.9472202409246546 49 28.0
15 0.0 0.5918367346938773 12.0 1.8810277260376698 49 29.0
16 0.0 0.5918367346938774 12.0 1.8133574678265858 49 29.0
17 0.0 0.5714285714285715 13.0 1.9472202409246542 49 28.0
18 0.0 0.42857142857142855 12.0 1.7559422921421222 49 21.0
19 0.0 0.7346938775510206 15.0 2.706285201496089 49 36.0
20 0.0 0.5510204081632654 13.0 1.9155202131731284 49 27.0
21 0.0 0.5714285714285715 12.0 1.779513042005219 49 28.0
22 0.0 0.4897959183673469 12.0 1.7573944844996132 49 24.0
23 0.0 0.5510204081632654 13.0 1.9046130894247684 49 27.0
24 0.0 0.4897959183673469 12.0 1.7573944844996132 49 24.0
25 0.0 0.5306122448979591 12.0 1.745255960410087 49 26.0
26 0.0 0.5306122448979591 13.0 1.9050595005616673 49 26.0
27 0.0 0.5714285714285715 12.0 1.791182105017057 49 28.0
28 0.0 0.4693877551020409 13.0 1.894092139789827 49 23.0
29 0.0 0.5918367346938774 12.0 1.7902323795499604 49 29.0
30 0.0 0.4897959183673469 12.0 1.7573944844996132 49 24.0
31 0.0 0.5306122448979591 12.0 1.745255960410087 49 26.0
32 0.0 0.5510204081632654 13.0 1.8936431431876217 49 27.0
33 0.0 0.4897959183673469 12.0 1.7454995581446002 49 24.0
34 0.0 0.5102040816326531 12.0 1.7573944844996132 49 25.0
35 0.0 0.5102040816326531 13.0 1.8943165981824848 49 25.0
36 0.0 0.5306122448979591 12.0 1.7807072660454146 49 26.0
37 0.0 0.4285714285714285 12.0 1.7440374613713616 49 21.0
38 0.0 0.5306122448979591 13.0 1.9050595005616673 49 26.0
39 0.0 0.5306122448979591 12.0 1.7807072660454146 49 26.0
40 0.0 0.5918367346938774 12.0 1.7668046409990494 49 29.0
41 0.0 0.4489795918367347 13.0 1.8936431431876233 49 22.0
42 0.0 0.5306122448979591 12.0 1.7571525357844155 49 26.0
43 0.0 0.4897959183673469 12.0 1.7692094395001199 49 24.0
44 0.0 0.8163265306122452 16.0 2.9059813989694536 49 40.0
45 0.0 0.5306122448979591 12.0 1.7807072660454148 49 26.0
46 0.0 0.4693877551020409 12.0 1.7452559604100881 49 23.0
47 0.0 0.5510204081632654 13.0 1.893643143187621 49 27.0
48 0.0 0.5510204081632654 12.0 1.780229672563298 49 27.0
49 0.0 0.6122448979591836 13.0 1.9019324222420497 49 30.0
50 0.0 0.40816326530612257 12.0 1.7549734963209893 49 20.0
51 0.0 0.5918367346938774 13.0 1.88102772603767 49 29.0
52 0.0 0.4693877551020409 12.0 1.7571525357844167 49 23.0
53 0.0 0.4693877551020409 12.0 1.7452559604100881 49 23.0
54 0.0 0.5102040816326531 13.0 1.883286676924943 49 25.0
55 0.0 0.5714285714285715 12.0 1.7677669529663693 49 28.0
56 0.0 0.5714285714285715 13.0 1.9039432764659776 49 28.0
57 0.0 0.5102040816326531 12.0 1.7573944844996132 49 25.0
58 0.0 0.5102040816326531 13.0 1.8943165981824848 49 25.0
59 0.0 0.4693877551020409 12.0 1.7452559604100881 49 23.0
60 0.0 0.5714285714285715 13.0 1.9039432764659776 49 28.0
61 0.0 0.5306122448979591 12.0 1.7807072660454146 49 26.0
62 0.0 0.5102040816326531 12.0 1.7454995581446002 49 25.0
63 0.0 0.4489795918367347 12.0 1.7566685383820992 49 22.0
64 0.0 0.5102040816326531 12.0 1.7573944844996132 49 25.0
65 0.0 0.4489795918367347 13.0 1.8826092762638862 49 22.0
66 0.0 0.5306122448979591 12.0 1.7571525357844155 49 26.0
67 0.0 0.5510204081632654 13.0 1.9046130894247684 49 27.0
68 0.0 0.5714285714285716 12.0 1.7795130420052192 49 28.0
69 0.0 0.5306122448979591 13.0 1.8940921397898263 49 26.0
70 0.0 0.4693877551020409 12.0 1.7571525357844167 49 23.0
71 0.0 0.5102040816326531 13.0 1.8943165981824848 49 25.0
72 0.0 0.510204081632653 12.0 1.7573944844996132 49 25.0
73 0.0 0.5510204081632654 13.0 1.8936431431876215 49 27.0
74 0.0 0.5102040816326531 12.0 1.7809460147581662 49 25.0
75 0.0 0.4897959183673469 12.0 1.7454995581446002 49 24.0
76 0.0 0.489795918367347 13.0 1.8943165981824848 49 24.0
77 0.0 0.5306122448979591 12.0 1.7571525357844155 49 26.0
78 0.0 0.5714285714285715 13.0 1.9039432764659776 49 28.0
79 0.0 0.489795918367347 12.0 1.7809460147581664 49 24.0
80 0.0 0.489795918367347 13.0 1.8943165981824848 49 24.0
81 0.0 0.4897959183673469 12.0 1.7573944844996132 49 24.0
82 0.0 0.5918367346938774 13.0 1.9030498257943171 49 29.0
83 0.0 0.4693877551020409 12.0 1.7452559604100881 49 23.0
84 0.0 0.5714285714285715 13.0 1.914854215512677 49 28.0
85 0.0 0.5102040816326531 12.0 1.7809460147581662 49 25.0
86 0.0 0.653061224489796 12.0 1.774248906910602 49 32.0
87 0.0 0.5102040816326531 13.0 1.883286676924943 49 25.0
88 0.0 0.5306122448979591 12.0 1.7807072660454146 49 26.0
89 0.0 0.4693877551020409 13.0 1.883060903780581 49 23.0
90 0.0 0.5714285714285715 12.0 1.7559422921421235 49 28.0
91 0.0 0.6122448979591836 13.0 1.9237152263546813 49 30.0
92 0.0 0.42857142857142855 12.0 1.7440374613713616 49 21.0
93 0.0 0.489795918367347 13.0 1.8943165981824848 49 24.0
94 0.0 0.4693877551020409 12.0 1.7571525357844167 49 23.0
95 0.0 0.5510204081632654 13.0 1.9046130894247684 49 27.0
96 0.0 0.5510204081632654 12.0 1.780229672563298 49 27.0
97 0.0 0.5714285714285715 13.0 1.8929694486000919 49 28.0
98 0.0 0.4489795918367347 12.0 1.7447686629105974 49 22.0
99 0.0 0.653061224489796 12.0 1.7624677350257505 49 32.0
100 0.0 0.5102040816326531 13.0 1.8943165981824848 49 25.0
101 0.0 0.40816326530612257 12.0 1.7430620488446333 49 20.0
102 0.0 0.6326530612244898 13.0 1.9331955146749091 49 31.0
103 0.0 0.4897959183673469 12.0 1.7573944844996132 49 24.0
104 0.0 0.5306122448979591 13.0 1.8940921397898263 49 26.0
105 0.0 0.46938775510204084 12.0 1.7452559604100881 49 23.0
106 0.0 0.5918367346938774 13.0 1.9030498257943171 49 29.0
107 0.0 0.5510204081632654 12.0 1.780229672563298 49 27.0
108 0.0 0.4693877551020409 13.0 1.8830609037805812 49 23.0
109 0.0 0.4693877551020409 12.0 1.768969106762544 49 23.0
110 0.0 0.489795918367347 13.0 1.8943165981824848 49 24.0
111 0.0 0.46938775510204084 12.0 1.7452559604100881 49 23.0
112 0.0 0.6122448979591836 13.0 1.9128548312514928 49 30.0
113 0.0 0.5102040816326531 12.0 1.7573944844996132 49 25.0
114 0.0 0.40816326530612257 12.0 1.7430620488446333 49 20.0
115 0.0 0.5306122448979591 13.0 1.8940921397898263 49 26.0
116 0.0 0.5102040816326531 12.0 1.7573944844996132 49 25.0
117 0.0 0.5510204081632654 13.0 1.9046130894247686 49 27.0
118 0.0 0.4693877551020409 12.0 1.7452559604100881 49 23.0
119 0.0 0.5510204081632654 13.0 1.882609276263885 49 27.0
120 0.0 0.5102040816326531 12.0 1.7809460147581662 49 25.0
121 0.0 0.489795918367347 13.0 1.883286676924943 49 24.0
122 0.0 0.489795918367347 12.0 1.7692094395001199 49 24.0
123 0.0 0.5510204081632654 13.0 1.882609276263885 49 27.0
124 0.0 0.5918367346938774 12.0 1.7549734963209882 49 29.0
125 0.0 0.5510204081632654 12.0 1.7684883433057061 49 27.0
126 0.0 0.5510204081632654 13.0 1.9046130894247684 49 27.0
127 0.0 0.5306122448979591 12.0 1.7571525357844155 49 26.0
128 0.0 0.4693877551020409 13.0 1.8830609037805812 49 23.0
129 0.0 0.489795918367347 12.0 1.7454995581446002 49 24.0
130 0.0 0.4693877551020409 13.0 1.8830609037805812 49 23.0
131 0.0 0.5918367346938774 12.0 1.7902323795499606 49 29.0
132 0.0 0.46938775510204084 13.0 1.883060903780581 49 23.0
133 0.0 0.3877551020408164 12.0 1.74184201506399 49 19.0
134 0.0 0.5510204081632654 13.0 1.8936431431876215 49 27.0
135 0.0 0.4489795918367347 12.0 1.7447686629105974 49 22.0
136 0.0 0.5510204081632654 13.0 1.8936431431876215 49 27.0
137 0.0 0.4693877551020409 12.0 1.745255960410088 49 23.0
138 0.0 0.5714285714285715 12.0 1.7677669529663698 49 28.0
139 0.0 0.46938775510204084 13.0 1.883060903780581 49 23.0
140 0.0 0.5306122448979591 13.0 1.894092139789826 49 26.0
141 0.0 0.4489795918367347 12.0 1.7566685383820992 49 22.0
142 0.0 0.489795918367347 12.0 1.7692094395001199 49 24.0
143 0.0 0.5510204081632654 13.0 1.9155202131731284 49 27.0
144 0.0 0.5510204081632654 12.0 1.7566685383820975 49 27.0
145 0.0 0.5714285714285715 13.0 1.9148542155126769 49 28.0
146 0.0 0.5102040816326531 12.0 1.792605749781491 49 25.0
147 0.0 0.5510204081632654 13.0 1.8936431431876215 49 27.0
148 0.0 0.5102040816326531 12.0 1.7809460147581662 49 25.0
149 0.0 0.5714285714285715 13.0 1.9148542155126766 49 28.0
150 0.0 0.489795918367347 12.0 1.7573944844996132 49 24.0
151 0.0 0.5714285714285715 13.0 1.9148542155126769 49 28.0
152 0.0 0.5306122448979591 12.0 1.7571525357844158 49 26.0
153 0.0 0.510204081632653 13.0 1.883286676924943 49 25.0
154 0.0 0.4489795918367347 12.0 1.7566685383820992 49 22.0
155 0.0 0.4489795918367347 12.0 1.7566685383820992 49 22.0
156 0.0 0.5510204081632654 13.0 1.893643143187622 49 27.0
157 0.0 0.5102040816326531 12.0 1.7454995581446002 49 25.0
158 0.0 0.5918367346938774 13.0 1.8920708160079827 49 29.0
159 0.0 0.489795918367347 12.0 1.7573944844996132 49 24.0
160 0.0 0.4897959183673469 13.0 1.8943165981824848 49 24.0
161 0.0 0.4897959183673469 12.0 1.7573944844996132 49 24.0
162 0.0 0.5306122448979591 13.0 1.8940921397898263 49 26.0
163 0.0 0.40816326530612257 12.0 1.7430620488446333 49 20.0
164 0.0 0.5714285714285715 13.0 1.8819316317727028 49 28.0
165 0.0 0.5102040816326531 12.0 1.7809460147581662 49 25.0
166 0.0 0.5510204081632654 12.0 1.7566685383820975 49 27.0
167 0.0 0.4489795918367347 13.0 1.8936431431876233 49 22.0
168 0.0 0.5306122448979591 13.0 1.894092139789826 49 26.0
169 0.0 0.5510204081632654 12.0 1.7566685383820975 49 27.0
170 0.0 0.4489795918367347 12.0 1.7566685383820992 49 22.0
171 0.0 0.5102040816326531 13.0 1.8943165981824848 49 25.0
172 0.0 0.5306122448979591 12.0 1.7807072660454148 49 26.0
173 0.0 0.6326530612244898 13.0 1.8895973727999624 49 31.0
174 0.0 0.40816326530612257 12.0 1.7430620488446333 49 20.0
175 0.0 0.5510204081632654 13.0 1.8826092762638849 49 27.0
176 0.0 0.5102040816326531 12.0 1.7573944844996132 49 25.0
177 0.0 0.5510204081632654 13.0 1.8936431431876215 49 27.0
178 0.0 0.5306122448979591 12.0 1.745255960410087 49 26.0
179 0.0 0.5714285714285715 13.0 1.9039432764659776 49 28.0
180 0.0 0.4693877551020409 12.0 1.7571525357844167 49 23.0
181 0.0 0.5102040816326531 12.0 1.7573944844996132 49 25.0
182 0.0 0.489795918367347 13.0 1.8943165981824848 49 24.0
183 0.0 0.4693877551020409 12.0 1.7452559604100881 49 23.0
184 0.0 0.5306122448979591 13.0 1.894092139789826 49 26.0
185 0.0 0.4489795918367347 12.0 1.7447686629105972 49 22.0
186 0.0 0.5102040816326531 13.0 1.883286676924943 49 25.0
187 0.0 0.4897959183673469 12.0 1.7692094395001199 49 24.0
188 0.0 0.5918367346938774 13.0 1.88102772603767 49 29.0
189 0.0 0.4693877551020409 12.0 1.7571525357844164 49 23.0
190 0.0 0.4897959183673469 13.0 1.883286676924943 49 24.0
191 0.0 0.5306122448979591 12.0 1.7689691067625428 49 26.0
192 0.0 0.4897959183673469 12.0 1.7692094395001199 49 24.0
193 0.0 0.5918367346938774 13.0 1.88102772603767 49 29.0
194 0.0 0.4897959183673469 12.0 1.7573944844996132 49 24.0
195 0.0 0.4693877551020409 13.0 1.894092139789827 49 23.0
196 0.0 0.4489795918367347 12.0 1.7447686629105974 49 22.0
197 0.0 0.6122448979591836 13.0 1.8909469247202162 49 30.0
198 0.0 0.4285714285714285 12.0 1.7559422921421222 49 21.0
199 0.0 0.4693877551020409 13.0 1.883060903780581 49 23.0
200 0.0 0.4693877551020409 12.0 1.7452559604100881 49 23.0
201 0.0 0.5714285714285715 13.0 1.9039432764659776 49 28.0
202 0.0 0.489795918367347 12.0 1.7573944844996132 49 24.0
203 0.0 0.489795918367347 13.0 1.883286676924943 49 24.0
204 0.0 0.46938775510204084 12.0 1.7452559604100881 49 23.0
205 0.0 0.5510204081632654 13.0 1.8936431431876215 49 27.0
206 0.0 0.5306122448979591 12.0 1.7571525357844155 49 26.0
207 0.0 0.489795918367347 12.0 1.7454995581446002 49 24.0
208 0.0 0.5918367346938774 13.0 1.88102772603767 49 29.0
209 0.0 0.4489795918367347 12.0 1.7566685383820992 49 22.0
210 0.0 0.5306122448979591 13.0 1.88306090378058 49 26.0
211 0.0 0.4693877551020409 12.0 1.768969106762544 49 23.0
212 0.0 0.5102040816326531 13.0 1.9161859793566476 49 25.0
213 0.0 0.4897959183673469 12.0 1.7573944844996132 49 24.0
214 0.0 0.5510204081632654 13.0 1.8826092762638846 49 27.0
215 0.0 0.4693877551020409 12.0 1.7452559604100881 49 23.0
216 0.0 0.5306122448979591 13.0 1.9050595005616673 49 26.0
217 0.0 0.46938775510204084 12.0 1.7452559604100881 49 23.0
218 0.0 0.5510204081632654 12.0 1.7447686629105958 49 27.0
219 0.0 0.4693877551020409 13.0 1.883060903780581 49 23.0
220 0.0 0.46938775510204084 12.0 1.7571525357844167 49 23.0
221 0.0 0.4897959183673469 13.0 1.883286676924943 49 24.0
222 0.0 0.46938775510204084 12.0 1.745255960410088 49 23.0
223 0.0 0.6122448979591836 13.0 1.9128548312514928 49 30.0
224 0.0 0.5102040816326531 12.0 1.7454995581446002 49 25.0
225 0.0 0.4693877551020409 13.0 1.8830609037805812 49 23.0
226 0.0 0.5102040816326531 12.0 1.7573944844996132 49 25.0
227 0.0 0.4489795918367347 12.0 1.7566685383820992 49 22.0
228 0.0 0.489795918367347 13.0 1.883286676924943 49 24.0
229 0.0 0.6122448979591836 12.0 1.753761748958177 49 30.0
230 0.0 0.4693877551020409 13.0 1.894092139789827 49 23.0
231 0.0 0.4489795918367347 12.0 1.7447686629105974 49 22.0
232 0.0 0.5714285714285715 13.0 1.9039432764659776 49 28.0
233 0.0 0.4489795918367347 12.0 1.7447686629105974 49 22.0
234 0.0 0.4897959183673469 13.0 1.9052826669070204 49 24.0
235 0.0 0.5102040816326531 12.0 1.7573944844996132 49 25.0
236 0.0 0.4897959183673469 13.0 1.883286676924943 49 24.0
237 0.0 0.489795918367347 12.0 1.7454995581446002 49 24.0
238 0.0 0.6326530612244898 12.0 1.7523065460393967 49 31.0
239 0.0 0.4693877551020409 13.0 1.883060903780581 49 23.0
240 0.0 0.5102040816326531 12.0 1.7692094395001197 49 25.0
241 0.0 0.4897959183673469 13.0 1.8943165981824848 49 24.0
242 0.0 0.4897959183673469 12.0 1.7573944844996132 49 24.0
243 0.0 0.5510204081632654 13.0 1.8936431431876215 49 27.0
244 0.0 0.40816326530612257 12.0 1.7430620488446333 49 20.0
245 0.0 0.5306122448979591 13.0 1.8940921397898263 49 26.0
246 0.0 0.42857142857142855 12.0 1.7440374613713614 49 21.0
247 0.0 0.5102040816326531 13.0 1.883286676924943 49 25.0
248 0.0 0.5102040816326531 12.0 1.7692094395001199 49 25.0
249 0.0 0.4897959183673469 13.0 1.883286676924943 49 24.0
250 0.0 0.5102040816326531 12.0 1.7454995581446002 49 25.0
251 0.0 0.6326530612244898 13.0 1.8895973727999624 49 31.0
252 0.0 0.40816326530612257 12.0 1.7430620488446333 49 20.0
253 0.0 0.4897959183673469 12.0 1.7454995581446002 49 24.0
254 0.0 0.5102040816326531 13.0 1.9161859793566476 49 25.0
255 0.0 0.5510204081632654 12.0 1.7566685383820975 49 27.0
256 0.0 0.4897959183673469 13.0 1.883286676924943 49 24.0
257 0.0 0.5714285714285715 12.0 1.7559422921421237 49 28.0
258 0.0 0.44897959183673475 13.0 1.8826092762638857 49 22.0
259 0.0 0.5306122448979591 12.0 1.7807072660454146 49 26.0
260 0.0 0.4897959183673469 13.0 1.883286676924943 49 24.0
261 0.0 0.40816326530612257 12.0 1.7549734963209893 49 20.0
262 0.0 0.5510204081632654 13.0 1.8826092762638849 49 27.0
263 0.0 0.4489795918367347 12.0 1.7447686629105974 49 22.0
264 0.0 0.5510204081632654 12.0 1.7447686629105958 49 27.0
265 0.0 0.5102040816326531 13.0 1.9052826669070204 49 25.0
266 0.0 0.5102040816326531 12.0 1.7573944844996132 49 25.0
267 0.0 0.4489795918367347 13.0 1.8826092762638864 49 22.0
268 0.0 0.5102040816326531 12.0 1.7573944844996132 49 25.0
269 0.0 0.5510204081632654 13.0 1.8936431431876215 49 27.0
270 0.0 0.40816326530612257 12.0 1.7310686408850993 49 20.0
271 0.0 0.5102040816326531 13.0 1.883286676924943 49 25.0
272 0.0 0.5918367346938774 12.0 1.7668046409990497 49 29.0
273 0.0 0.5306122448979591 13.0 1.894092139789826 49 26.0
274 0.0 0.40816326530612257 12.0 1.7430620488446331 49 20.0
275 0.0 0.5102040816326531 13.0 1.8943165981824848 49 25.0
276 0.0 0.5102040816326531 12.0 1.7454995581446002 49 25.0
277 0.0 0.4897959183673469 12.0 1.7454995581446002 49 24.0
278 0.0 0.5102040816326531 13.0 1.9052826669070202 49 25.0
279 0.0 0.5510204081632654 12.0 1.7566685383820975 49 27.0
280 0.0 0.4489795918367347 13.0 1.8826092762638862 49 22.0
281 0.0 0.5102040816326531 12.0 1.7454995581446002 49 25.0
282 0.0 0.46938775510204084 13.0 1.894092139789827 49 23.0
283 0.0 0.5102040816326531 12.0 1.7692094395001199 49 25.0
284 0.0 0.5510204081632654 13.0 1.8936431431876217 49 27.0
285 0.0 0.510204081632653 12.0 1.7454995581446002 49 25.0
286 0.0 0.4897959183673469 13.0 1.9052826669070204 49 24.0
287 0.0 0.4489795918367347 12.0 1.7447686629105974 49 22.0
288 0.0 0.510204081632653 13.0 1.883286676924943 49 25.0
289 0.0 0.4693877551020409 12.0 1.7452559604100881 49 23.0
290 0.0 0.5102040816326531 12.0 1.7692094395001197 49 25.0
291 0.0 0.6122448979591836 13.0 1.8909469247202162 49 30.0
292 0.0 0.42857142857142855 12.0 1.7440374613713614 49 21.0
293 0.0 0.4693877551020409 13.0 1.9050595005616682 49 23.0
294 0.0 0.5714285714285715 12.0 1.7559422921421237 49 28.0
295 0.0 0.5918367346938774 13.0 1.9139658581391799 49 29.0
296 0.0 0.4693877551020409 12.0 1.745255960410088 49 23.0
297 0.0 0.5714285714285715 13.0 1.9257033347152241 49 28.0
298 0.0 0.4693877551020409 12.0 1.768969106762544 49 23.0
299 0.0 0.5306122448979591 13.0 1.8940921397898263 49 26.0
300 0.0 0.40816326530612257 12.0 1.7430620488446333 49 20.0
301 0.0 1.4285714285714286 43.0 6.347571714180679 49 70.0
302 0.0 0.5510204081632654 12.0 1.8034830247075133 49 27.0
303 0.0 0.489795918367347 13.0 1.9485298836515172 49 24.0
304 0.0 0.5918367346938774 12.0 1.7902323795499604 49 29.0
305 0.0 0.5510204081632654 12.0 1.8034830247075133 49 27.0
306 0.0 0.5306122448979591 13.0 1.9375891465117852 49 26.0
307 0.0 0.489795918367347 12.0 1.7809460147581664 49 24.0
308 0.0 0.6122448979591836 13.0 1.9452541236152607 49 30.0
309 0.0 0.5306122448979591 12.0 1.7689691067625428 49 26.0
310 0.0 0.5510204081632654 13.0 1.9585413842299821 49 27.0
311 0.0 0.4693877551020409 12.0 1.768969106762544 49 23.0
312 0.0 0.5510204081632654 13.0 1.926365581539884 49 27.0
313 0.0 0.4897959183673469 12.0 1.7692094395001199 49 24.0
314 0.0 0.5306122448979591 13.0 1.9375891465117854 49 26.0
315 0.0 0.489795918367347 12.0 1.7809460147581664 49 24.0
316 0.0 0.5510204081632654 12.0 1.780229672563298 49 27.0
317 0.0 0.5102040816326531 13.0 1.9161859793566476 49 25.0
318 0.0 0.489795918367347 12.0 1.7692094395001199 49 24.0
319 0.0 0.5510204081632654 13.0 1.9371502317600877 49 27.0
320 0.0 0.5510204081632654 12.0 1.7684883433057061 49 27.0
321 0.0 0.5714285714285715 13.0 1.881931631772703 49 28.0
322 0.0 0.4489795918367347 12.0 1.768488343305708 49 22.0
323 0.0 0.5714285714285715 13.0 1.9257033347152246 49 28.0
324 0.0 0.5714285714285715 12.0 1.7677669529663693 49 28.0
325 0.0 0.5306122448979591 13.0 1.9050595005616673 49 26.0
326 0.0 0.4489795918367347 12.0 1.7566685383820992 49 22.0
327 0.0 0.5510204081632654 12.0 1.780229672563298 49 27.0
328 0.0 0.5306122448979591 13.0 1.9050595005616673 49 26.0
329 0.0 0.46938775510204084 12.0 1.745255960410088 49 23.0
330 0.0 0.5102040816326531 13.0 1.9270276007752616 49 25.0
331 0.0 0.5510204081632654 12.0 1.7802296725632984 49 27.0
332 0.0 0.42857142857142855 13.0 1.8819316317727013 49 21.0
333 0.0 0.5714285714285716 12.0 1.7795130420052192 49 28.0
334 0.0 0.510204081632653 13.0 1.883286676924943 49 25.0
335 0.0 0.5510204081632654 14.0 2.05204394537288 49 27.0
336 0.0 0.4693877551020409 14.0 2.021777691541186 49 23.0
337 0.0 0.6122448979591836 13.0 1.9237152263546817 49 30.0
338 0.0 0.5102040816326531 13.0 1.8943165981824848 49 25.0
339 0.0 0.5918367346938774 12.0 1.7785570854269612 49 29.0
340 0.0 0.4489795918367347 12.0 1.7447686629105974 49 22.0
341 0.0 0.5714285714285715 13.0 1.8929694486000914 49 28.0
342 0.0 0.40816326530612257 12.0 1.7668046409990508 49 20.0
343 0.0 0.5102040816326531 13.0 1.8943165981824848 49 25.0
344 0.0 0.5102040816326531 12.0 1.7692094395001199 49 25.0
345 0.0 0.5102040816326531 13.0 1.883286676924943 49 25.0
346 0.0 0.4693877551020409 12.0 1.7452559604100881 49 23.0
347 0.0 0.5510204081632654 13.0 1.8826092762638846 49 27.0
348 0.0 0.4489795918367347 12.0 1.756668538382099 49 22.0
349 0.0 0.4489795918367347 13.0 1.8826092762638864 49 22.0
350 0.0 0.489795918367347 12.0 1.7454995581446002 49 24.0
351 0.0 0.5306122448979591 12.0 1.745255960410087 49 26.0
352 0.0 0.4897959183673469 13.0 1.8943165981824848 49 24.0
353 0.0 0.5102040816326531 12.0 1.7692094395001197 49 25.0
354 0.0 0.5918367346938774 13.0 1.8920708160079827 49 29.0
355 0.0 0.4897959183673469 12.0 1.7454995581446002 49 24.0
356 0.0 0.5306122448979591 13.0 1.9050595005616673 49 26.0
357 0.0 0.4897959183673469 12.0 1.7573944844996132 49 24.0
358 0.0 0.5714285714285715 13.0 1.8929694486000914 49 28.0
359 0.0 0.979591836734694 38.0 5.421753237031847 49 48.0
360 0.0 0.4897959183673469 13.0 1.883286676924943 49 24.0
361 0.0 0.510204081632653 13.0 1.8943165981824848 49 25.0
362 0.0 0.5102040816326531 13.0 1.8943165981824848 49 25.0
363 0.0 0.4489795918367347 12.0 1.7566685383820992 49 22.0
364 0.0 0.5306122448979591 13.0 1.8940921397898263 49 26.0
365 0.0 0.489795918367347 13.0 1.883286676924943 49 24.0
366 0.0 0.5510204081632654 12.0 1.7566685383820975 49 27.0
367 0.0 0.46938775510204084 13.0 1.894092139789827 49 23.0
368 0.0 0.4693877551020409 13.0 1.8830609037805812 49 23.0
369 0.0 0.4693877551020409 12.0 1.745255960410088 49 23.0
370 0.0 0.5510204081632654 13.0 1.8936431431876215 49 27.0
371 0.0 0.5306122448979591 12.0 1.768969106762543 49 26.0
372 0.0 0.5306122448979591 13.0 1.88306090378058 49 26.0
373 0.0 0.5510204081632654 13.0 1.9046130894247684 49 27.0
374 0.0 0.4693877551020409 12.0 1.7452559604100881 49 23.0
375 0.0 0.489795918367347 13.0 1.883286676924943 49 24.0
376 0.0 0.4897959183673469 13.0 1.8943165981824848 49 24.0
377 0.0 0.5714285714285715 12.0 1.7677669529663693 49 28.0
378 0.0 0.5102040816326531 13.0 1.883286676924943 49 25.0
379 0.0 0.4489795918367347 12.0 1.7566685383820992 49 22.0
380 0.0 0.5306122448979591 13.0 1.88306090378058 49 26.0
381 0.0 0.4489795918367347 12.0 1.7566685383820992 49 22.0
382 0.0 0.4897959183673469 13.0 1.8943165981824848 49 24.0
383 0.0 0.5102040816326531 12.0 1.7454995581446002 49 25.0
384 0.0 0.5510204081632654 12.0 1.7802296725632982 49 27.0
385 0.0 0.5306122448979591 13.0 1.88306090378058 49 26.0
386 0.0 0.42857142857142855 12.0 1.7440374613713614 49 21.0
387 0.0 0.5510204081632654 13.0 1.8826092762638846 49 27.0
388 0.0 0.4693877551020409 12.0 1.7689691067625437 49 23.0
389 0.0 0.4693877551020409 12.0 1.7571525357844169 49 23.0
390 0.0 0.5306122448979591 13.0 1.8830609037805803 49 26.0
391 0.0 0.5714285714285715 12.0 1.7795130420052188 49 28.0
392 0.0 0.4693877551020409 13.0 1.8830609037805812 49 23.0
393 0.0 0.46938775510204084 12.0 1.7452559604100881 49 23.0
394 0.0 0.5510204081632654 12.0 1.780229672563298 49 27.0
395 0.0 0.510204081632653 13.0 1.8943165981824848 49 25.0
396 0.0 0.489795918367347 12.0 1.7573944844996132 49 24.0
397 0.0 0.5510204081632654 13.0 1.882609276263885 49 27.0
398 0.0 0.4489795918367347 12.0 1.7447686629105974 49 22.0
399 0.0 0.5510204081632654 13.0 1.9046130894247684 49 27.0
400 0.0 0.4489795918367347 12.0 1.7447686629105974 49 22.0
401 0.0 0.510204081632653 13.0 1.883286676924943 49 25.0
402 0.0 0.4693877551020409 12.0 1.768969106762544 49 23.0
403 0.0 0.5714285714285715 13.0 1.8929694486000919 49 28.0
404 0.0 0.5102040816326531 12.0 1.7454995581446002 49 25.0
405 0.0 0.4489795918367347 12.0 1.7447686629105974 49 22.0
406 0.0 0.46938775510204084 13.0 1.894092139789827 49 23.0
407 0.0 0.4897959183673469 12.0 1.7573944844996132 49 24.0
408 0.0 0.4897959183673469 13.0 1.8943165981824848 49 24.0
409 0.0 0.489795918367347 12.0 1.7573944844996132 49 24.0
410 0.0 0.4693877551020409 13.0 1.883060903780581 49 23.0
411 0.0 0.4897959183673469 12.0 1.7573944844996132 49 24.0
412 0.0 0.5510204081632654 13.0 1.8826092762638849 49 27.0
413 0.0 0.4489795918367347 12.0 1.7566685383820992 49 22.0
414 0.0 0.4897959183673469 12.0 1.7573944844996132 49 24.0
415 0.0 0.5510204081632654 13.0 1.8936431431876217 49 27.0
416 0.0 0.5306122448979591 12.0 1.7923685541800831 49 26.0
417 0.0 0.5102040816326531 13.0 1.883286676924943 49 25.0
418 0.0 0.5102040816326531 12.0 1.7454995581446002 49 25.0
419 0.0 0.4693877551020409 12.0 1.7452559604100881 49 23.0
420 0.0 0.5306122448979591 13.0 1.9050595005616673 49 26.0
421 0.0 0.42857142857142855 12.0 1.7440374613713614 49 21.0
422 0.0 0.4897959183673469 13.0 1.883286676924943 49 24.0
423 0.0 0.4693877551020409 12.0 1.7452559604100881 49 23.0
424 0.0 0.5918367346938774 13.0 1.9030498257943171 49 29.0
425 0.0 0.5918367346938774 12.0 1.7430620488446322 49 29.0
426 0.0 0.5510204081632654 13.0 1.8826092762638849 49 27.0
427 0.0 0.4489795918367347 12.0 1.768488343305708 49 22.0
428 0.0 0.5918367346938774 13.0 1.8920708160079829 49 29.0
429 0.0 0.3877551020408164 12.0 1.74184201506399 49 19.0
430 0.0 0.4693877551020409 13.0 1.8830609037805812 49 23.0
431 0.0 0.5714285714285715 13.0 1.9039432764659776 49 28.0
432 0.0 0.42857142857142855 12.0 1.7440374613713614 49 21.0
433 0.0 0.42857142857142855 12.0 1.7440374613713614 49 21.0
434 0.0 0.5306122448979591 13.0 1.9050595005616673 49 26.0
435 0.0 0.5918367346938774 12.0 1.7549734963209882 49 29.0
436 0.0 0.4693877551020409 13.0 1.8830609037805812 49 23.0
437 0.0 0.489795918367347 12.0 1.7454995581446002 49 24.0
438 0.0 0.4693877551020409 13.0 1.894092139789827 49 23.0
439 0.0 0.4693877551020409 12.0 1.7571525357844167 49 23.0
440 0.0 0.6122448979591836 13.0 1.8909469247202164 49 30.0
441 0.0 0.4693877551020409 12.0 1.7571525357844169 49 23.0
442 0.0 0.4897959183673469 12.0 1.7573944844996132 49 24.0
443 0.0 0.42857142857142855 13.0 1.89296944860009 49 21.0
444 0.0 0.5102040816326531 12.0 1.7454995581446002 49 25.0
445 0.0 0.5918367346938774 13.0 1.8920708160079829 49 29.0
446 0.0 0.3877551020408164 12.0 1.7418420150639897 49 19.0
447 0.0 0.5510204081632654 13.0 1.9046130894247686 49 27.0
448 0.0 0.4693877551020409 12.0 1.7452559604100881 49 23.0
449 0.0 0.46938775510204084 12.0 1.7571525357844169 49 23.0
450 0.0 0.510204081632653 13.0 1.883286676924943 49 25.0
451 0.0 0.5102040816326531 12.0 1.7573944844996132 49 25.0
452 0.0 0.5102040816326531 13.0 1.9052826669070202 49 25.0
453 0.0 0.4897959183673469 12.0 1.7454995581446002 49 24.0
454 0.0 0.5102040816326531 13.0 1.883286676924943 49 25.0
455 0.0 0.5306122448979591 12.0 1.7571525357844155 49 26.0
456 0.0 0.510204081632653 12.0 1.7573944844996132 49 25.0
457 0.0 0.5510204081632654 13.0 1.8826092762638849 49 27.0
458 0.0 0.489795918367347 12.0 1.7454995581446002 49 24.0
459 0.0 0.5306122448979591 13.0 1.9050595005616673 49 26.0
460 0.0 0.4489795918367347 12.0 1.7566685383820992 49 22.0
461 0.0 0.5306122448979591 13.0 1.8830609037805803 49 26.0
462 0.0 0.4897959183673469 12.0 1.7573944844996132 49 24.0
463 0.0 0.4489795918367347 13.0 1.8936431431876233 49 22.0
464 0.0 0.5510204081632654 12.0 1.7447686629105958 49 27.0
465 0.0 0.5102040816326531 12.0 1.7573944844996132 49 25.0
466 0.0 0.4285714285714285 13.0 1.8819316317727015 49 21.0
467 0.0 0.4897959183673469 12.0 1.7692094395001199 49 24.0
468 0.0 0.5714285714285715 13.0 1.8929694486000919 49 28.0
469 0.0 0.42857142857142855 12.0 1.7440374613713616 49 21.0
470 0.0 0.5714285714285715 13.0 1.881931631772703 49 28.0
471 0.0 0.5306122448979591 12.0 1.768969106762543 49 26.0
472 0.0 0.5510204081632654 12.0 1.7566685383820975 49 27.0
473 0.0 0.4489795918367347 13.0 1.8826092762638864 49 22.0
474 0.0 0.489795918367347 12.0 1.7573944844996132 49 24.0
475 0.0 0.4693877551020409 13.0 1.894092139789827 49 23.0
476 0.0 0.5510204081632654 12.0 1.7447686629105954 49 27.0
477 0.0 0.48979591836734687 13.0 1.883286676924943 49 24.0
478 0.0 0.4693877551020409 12.0 1.7571525357844167 49 23.0
479 0.0 0.42857142857142855 12.0 1.7677669529663678 49 21.0
480 0.0 0.5510204081632654 13.0 1.8826092762638849 49 27.0
481 0.0 0.5306122448979591 12.0 1.757152535784416 49 26.0
482 0.0 0.42857142857142855 13.0 1.8819316317727013 49 21.0
483 0.0 0.4489795918367347 12.0 1.7447686629105974 49 22.0
484 0.0 0.5918367346938774 13.0 1.8920708160079829 49 29.0
485 0.0 0.5510204081632654 12.0 1.7684883433057061 49 27.0
486 0.0 0.4693877551020409 12.0 1.7452559604100881 49 23.0
487 0.0 0.4897959183673469 13.0 1.883286676924943 49 24.0
488 0.0 0.4693877551020409 12.0 1.7571525357844167 49 23.0
489 0.0 0.5510204081632654 13.0 1.8936431431876215 49 27.0
490 0.0 0.40816326530612257 12.0 1.7430620488446333 49 20.0
491 0.0 0.5714285714285715 13.0 1.8819316317727026 49 28.0
492 0.0 0.4489795918367347 12.0 1.7802296725633 49 22.0
493 0.0 0.5714285714285715 12.0 1.7677669529663693 49 28.0
494 0.0 0.4693877551020409 13.0 1.8830609037805812 49 23.0
495 0.0 0.4897959183673469 12.0 1.7573944844996132 49 24.0
496 0.0 0.5306122448979591 13.0 1.9050595005616673 49 26.0
497 0.0 0.5714285714285715 12.0 1.7559422921421235 49 28.0
498 0.0 0.4897959183673469 13.0 1.883286676924943 49 24.0
499 0.0 0.5102040816326531 12.0 1.7692094395001197 49 25.0
500 0.0 0.4897959183673469 13.0 1.883286676924943 49 24.0
501 0.0 0.5510204081632654 12.0 1.7566685383820977 49 27.0
502 0.0 0.4897959183673469 12.0 1.7454995581446002 49 24.0
503 0.0 0.4693877551020409 13.0 1.894092139789827 49 23.0
504 0.0 0.5510204081632654 12.0 1.7566685383820977 49 27.0
505 0.0 0.4693877551020409 13.0 1.894092139789827 49 23.0
506 0.0 0.5102040816326531 12.0 1.7573944844996132 49 25.0
507 0.0 0.5102040816326531 13.0 1.883286676924943 49 25.0
508 0.0 0.3673469387755102 12.0 1.7403768455785242 49 18.0
509 0.0 0.6122448979591836 13.0 2.0596958364708873 49 30.0
510 0.0 0.48979591836734687 12.0 1.7454995581446002 49 24.0
511 0.0 0.5714285714285715 13.0 1.8929694486000916 49 28.0
512 0.0 0.4489795918367347 12.0 1.7447686629105974 49 22.0
513 0.0 0.5102040816326531 12.0 1.7692094395001197 49 25.0
514 0.0 0.5306122448979591 13.0 1.88306090378058 49 26.0
515 0.0 0.4285714285714285 12.0 1.7440374613713616 49 21.0
516 0.0 0.693877551020408 13.0 1.9061750710153942 49 34.0
517 0.0 0.5306122448979591 12.0 1.7571525357844158 49 26.0
518 0.0 0.4693877551020409 13.0 1.894092139789827 49 23.0
519 0.0 0.46938775510204084 12.0 1.7571525357844169 49 23.0
520 0.0 0.5306122448979591 13.0 1.915964083000236 49 26.0
521 0.0 0.5714285714285715 12.0 1.7559422921421237 49 28.0
522 0.0 0.5306122448979591 13.0 1.9159640830002362 49 26.0
523 0.0 0.5102040816326531 12.0 1.7809460147581662 49 25.0
524 0.0 0.5510204081632654 13.0 1.8936431431876215 49 27.0
525 0.0 0.42857142857142855 12.0 1.7559422921421222 49 21.0
526 0.0 0.6326530612244898 13.0 1.9005906708071538 49 31.0
527 0.0 0.5306122448979591 12.0 1.745255960410087 49 26.0
528 0.0 0.6122448979591836 13.0 1.9128548312514926 49 30.0
529 0.0 0.46938775510204084 12.0 1.7571525357844169 49 23.0
530 0.0 0.5306122448979591 13.0 1.8940921397898263 49 26.0
531 0.0 0.5306122448979591 12.0 1.7571525357844158 49 26.0
532 0.0 0.4897959183673469 13.0 1.8943165981824848 49 24.0
533 0.0 0.5102040816326531 12.0 1.7692094395001197 49 25.0
534 0.0 0.5306122448979591 12.0 1.7571525357844158 49 26.0
535 0.0 0.4693877551020409 13.0 1.8830609037805812 49 23.0
536 0.0 0.5102040816326531 12.0 1.7692094395001199 49 25.0
537 0.0 0.5714285714285715 13.0 1.8929694486000919 49 28.0
538 0.0 0.5102040816326531 12.0 1.7573944844996132 49 25.0
539 0.0 0.5306122448979591 13.0 1.8940921397898263 49 26.0
540 0.0 0.4897959183673469 12.0 1.7692094395001199 49 24.0
541 0.0 0.5306122448979591 13.0 1.9050595005616673 49 26.0
542 0.0 0.5510204081632654 13.0 1.8936431431876215 49 27.0
543 0.0 0.5306122448979591 12.0 1.7571525357844158 49 26.0
544 0.0 0.4693877551020409 13.0 1.883060903780581 49 23.0
545 0.0 0.4693877551020409 12.0 1.768969106762544 49 23.0
546 0.0 0.5510204081632654 13.0 1.8936431431876215 49 27.0
547 0.0 0.5510204081632654 12.0 1.744768662910596 49 27.0
548 0.0 0.4693877551020409 13.0 1.8830609037805812 49 23.0
549 0.0 0.5714285714285715 13.0 1.914854215512677 49 28.0
550 0.0 0.5102040816326531 12.0 1.7454995581446002 49 25.0
551 0.0 0.5918367346938774 13.0 1.88102772603767 49 29.0
552 0.0 0.4489795918367347 12.0 1.7802296725633 49 22.0
553 0.0 0.5102040816326531 13.0 1.9052826669070202 49 25.0
554 0.0 0.5714285714285715 13.0 1.8929694486000919 49 28.0
555 0.0 0.5102040816326531 12.0 1.7454995581446002 49 25.0
556 0.0 0.5510204081632654 13.0 1.8936431431876215 49 27.0
557 0.0 0.489795918367347 13.0 1.883286676924943 49 24.0
558 0.0 0.4897959183673469 12.0 1.7573944844996132 49 24.0
559 0.0 0.4693877551020409 13.0 1.894092139789827 49 23.0
560 0.0 0.6122448979591836 13.0 1.9019324222420497 49 30.0
561 0.0 0.4693877551020409 12.0 1.7452559604100881 49 23.0
562 0.0 0.4489795918367347 13.0 1.8826092762638864 49 22.0
563 0.0 0.5306122448979591 13.0 1.9159640830002362 49 26.0
564 0.0 0.5306122448979591 13.0 1.894092139789826 49 26.0
565 0.0 0.5306122448979591 12.0 1.7571525357844155 49 26.0
566 0.0 0.5306122448979591 13.0 1.8940921397898263 49 26.0
567 0.0 0.5102040816326531 13.0 1.883286676924943 49 25.0
568 0.0 0.4897959183673469 12.0 1.7454995581446002 49 24.0
569 0.0 0.5102040816326531 13.0 1.9052826669070204 49 25.0
570 0.0 0.4489795918367347 13.0 1.8826092762638864 49 22.0
571 0.0 0.6326530612244898 13.0 1.8895973727999624 49 31.0
572 0.0 0.4489795918367347 12.0 1.7566685383820992 49 22.0
573 0.0 0.5918367346938774 13.0 1.9030498257943171 49 29.0
574 0.0 0.5102040816326531 13.0 1.883286676924943 49 25.0
575 0.0 0.5102040816326531 13.0 1.8943165981824848 49 25.0
576 0.0 0.48979591836734687 12.0 1.7573944844996132 49 24.0
577 0.0 0.5714285714285715 13.0 1.914854215512677 49 28.0
578 0.0 0.489795918367347 13.0 1.8943165981824848 49 24.0
579 0.0 0.5306122448979591 13.0 1.8940921397898263 49 26.0
580 0.0 0.4285714285714285 12.0 1.7440374613713614 49 21.0
581 0.0 0.6326530612244898 13.0 1.8895973727999624 49 31.0
582 0.0 0.4489795918367347 13.0 1.893643143187623 49 22.0
583 0.0 0.836734693877551 17.0 2.9321986828395974 49 41.0
584 0.0 0.5714285714285715 13.0 1.914854215512677 49 28.0
585 0.0 0.4693877551020409 13.0 1.883060903780581 49 23.0
586 0.0 0.5306122448979591 13.0 1.9050595005616673 49 26.0
587 0.0 0.5306122448979591 12.0 1.7571525357844158 49 26.0
588 0.0 0.5510204081632654 13.0 1.8936431431876215 49 27.0
589 0.0 0.5306122448979591 13.0 1.8940921397898263 49 26.0
590 0.0 0.4897959183673469 12.0 1.7573944844996132 49 24.0
591 0.0 0.4897959183673469 13.0 1.883286676924943 49 24.0
592 0.0 0.5306122448979591 13.0 1.8830609037805803 49 26.0
593 0.0 0.5306122448979591 13.0 1.9159640830002362 49 26.0
594 0.0 0.5102040816326531 12.0 1.7454995581446002 49 25.0
595 0.0 0.4693877551020409 13.0 1.883060903780581 49 23.0
596 0.0 0.5714285714285715 13.0 1.8929694486000919 49 28.0
597 0.0 0.5306122448979591 12.0 1.768969106762543 49 26.0
598 0.0 0.4693877551020409 13.0 1.8830609037805812 49 23.0
599 0.0 0.489795918367347 13.0 1.8943165981824848 49 24.0
600 0.0 0.4897959183673469 13.0 1.8943165981824848 49 24.0
601 0.0 0.5102040816326531 12.0 1.7692094395001197 49 25.0
602 0.0 0.5510204081632654 13.0 1.8936431431876215 49 27.0
603 0.0 0.5306122448979591 13.0 1.894092139789826 49 26.0
604 0.0 0.5714285714285715 13.0 1.8819316317727028 49 28.0
605 0.0 0.5102040816326531 12.0 1.7573944844996132 49 25.0
606 0.0 0.4897959183673469 13.0 1.8943165981824848 49 24.0
607 0.0 0.5918367346938774 13.0 1.8920708160079829 49 29.0
608 0.0 0.5510204081632654 13.0 1.8936431431876215 49 27.0
609 0.0 0.4489795918367347 12.0 1.7447686629105974 49 22.0
610 0.0 0.5306122448979591 13.0 1.894092139789826 49 26.0
611 0.0 0.5306122448979591 13.0 1.915964083000236 49 26.0
612 0.0 0.510204081632653 13.0 1.883286676924943 49 25.0
613 0.0 0.4897959183673469 12.0 1.7573944844996132 49 24.0
614 0.0 0.5102040816326531 13.0 1.8943165981824848 49 25.0
615 0.0 0.4489795918367347 13.0 1.9046130894247701 49 22.0
616 0.0 0.5510204081632654 13.0 1.8936431431876215 49 27.0
617 0.0 0.4693877551020409 12.0 1.7689691067625437 49 23.0
618 0.0 0.5102040816326531 13.0 1.883286676924943 49 25.0
619 0.0 0.5306122448979591 13.0 1.894092139789826 49 26.0
620 0.0 0.5714285714285715 13.0 1.8929694486000914 49 28.0
621 0.0 0.5714285714285716 12.0 1.7677669529663695 49 28.0
622 0.0 0.5510204081632654 13.0 1.8936431431876215 49 27.0
623 0.0 0.5918367346938774 13.0 1.8920708160079829 49 29.0
624 0.0 0.4897959183673469 13.0 1.8943165981824848 49 24.0
625 0.0 0.4489795918367347 12.0 1.7566685383820992 49 22.0
626 0.0 0.4693877551020409 13.0 1.883060903780581 49 23.0
627 0.0 0.5714285714285715 13.0 1.8929694486000914 49 28.0
628 0.0 0.5918367346938774 13.0 1.8920708160079827 49 29.0
629 0.0 0.4489795918367347 12.0 1.7566685383820992 49 22.0
630 0.0 0.5306122448979591 13.0 1.9050595005616673 49 26.0
631 0.0 0.5102040816326531 13.0 1.8943165981824848 49 25.0
632 0.0 0.5306122448979591 13.0 1.8830609037805803 49 26.0
633 0.0 0.5306122448979591 13.0 1.9050595005616673 49 26.0
634 0.0 0.46938775510204084 12.0 1.7571525357844169 49 23.0
635 0.0 0.5306122448979591 13.0 1.88306090378058 49 26.0
636 0.0 0.5306122448979591 13.0 1.8940921397898263 49 26.0
637 0.0 0.5510204081632654 13.0 1.8936431431876215 49 27.0
638 0.0 0.5510204081632654 13.0 1.8936431431876215 49 27.0
639 0.0 0.5102040816326531 13.0 1.8943165981824848 49 25.0
640 0.0 0.5306122448979591 12.0 1.7689691067625428 49 26.0
641 0.0 0.5102040816326531 13.0 1.9052826669070202 49 25.0
642 0.0 0.5714285714285715 13.0 1.9039432764659776 49 28.0
643 0.0 0.4285714285714285 13.0 1.89296944860009 49 21.0
644 0.0 0.5102040816326531 13.0 1.883286676924943 49 25.0
645 0.0 0.46938775510204084 13.0 1.8830609037805812 49 23.0
646 0.0 0.6122448979591836 12.0 1.7656010134726106 49 30.0
647 0.0 0.5102040816326531 13.0 1.8943165981824848 49 25.0
648 0.0 0.5102040816326531 13.0 1.8943165981824848 49 25.0
649 0.0 0.5102040816326531 13.0 1.9052826669070204 49 25.0
650 0.0 0.5918367346938775 13.0 1.88102772603767 49 29.0
651 0.0 0.510204081632653 13.0 1.8943165981824848 49 25.0
652 0.0 0.5102040816326531 12.0 1.7692094395001197 49 25.0
653 0.0 0.5306122448979591 13.0 1.88306090378058 49 26.0
654 0.0 0.489795918367347 13.0 1.8943165981824848 49 24.0
655 0.0 0.5102040816326531 13.0 1.8943165981824848 49 25.0
656 0.0 0.5102040816326531 13.0 1.8943165981824848 49 25.0
657 0.0 0.5306122448979591 13.0 1.8940921397898263 49 26.0
658 0.0 0.4693877551020409 13.0 1.9050595005616682 49 23.0
659 0.0 0.5306122448979591 12.0 1.7689691067625428 49 26.0
660 0.0 0.5306122448979591 14.0 2.0422826364993987 49 26.0
661 0.0 0.5918367346938774 12.0 1.7549734963209882 49 29.0
662 0.0 0.5102040816326531 13.0 1.8943165981824848 49 25.0
663 0.0 0.5714285714285715 13.0 1.8929694486000919 49 28.0
664 0.0 0.5510204081632654 13.0 1.8936431431876215 49 27.0
665 0.0 0.4897959183673469 13.0 1.8943165981824848 49 24.0
666 0.0 0.489795918367347 13.0 1.883286676924943 49 24.0
667 0.0 0.5102040816326531 12.0 1.7692094395001199 49 25.0
668 0.0 0.5306122448979591 13.0 1.9050595005616673 49 26.0
669 0.0 0.5510204081632654 13.0 1.882609276263885 49 27.0
670 0.0 0.510204081632653 13.0 1.8943165981824848 49 25.0
671 0.0 0.5306122448979591 13.0 1.894092139789826 49 26.0
672 0.0 0.5510204081632654 13.0 1.8936431431876215 49 27.0
673 0.0 0.5102040816326531 12.0 1.7573944844996132 49 25.0
674 0.0 0.4897959183673469 13.0 1.8943165981824848 49 24.0
675 0.0 0.5510204081632654 13.0 1.9155202131731284 49 27.0
676 0.0 0.5102040816326531 13.0 1.9052826669070202 49 25.0
677 0.0 0.5918367346938774 13.0 1.8920708160079829 49 29.0
678 0.0 0.489795918367347 13.0 1.8943165981824848 49 24.0
679 0.0 0.489795918367347 13.0 1.883286676924943 49 24.0
680 0.0 0.5306122448979591 13.0 1.894092139789826 49 26.0
681 0.0 0.5714285714285715 12.0 1.7677669529663693 49 28.0
682 0.0 0.5510204081632654 13.0 1.8936431431876215 49 27.0
683 0.0 0.40816326530612257 13.0 1.8810277260376709 49 20.0
684 0.0 0.9387755102040819 20.0 3.369026585833722 49 46.0
685 0.0 0.5102040816326531 13.0 1.8943165981824848 49 25.0
686 0.0 0.4897959183673469 13.0 1.8943165981824848 49 24.0
687 0.0 0.510204081632653 13.0 1.9161859793566476 49 25.0
688 0.0 0.5714285714285715 13.0 1.8929694486000919 49 28.0
689 0.0 0.5510204081632654 12.0 1.7566685383820977 49 27.0
690 0.0 0.5306122448979591 13.0 1.894092139789826 49 26.0
691 0.0 0.4489795918367347 13.0 1.893643143187623 49 22.0
692 0.0 0.5306122448979591 13.0 1.8830609037805803 49 26.0
693 0.0 0.5306122448979591 13.0 1.9050595005616673 49 26.0
694 0.0 0.6326530612244898 13.0 1.9005906708071538 49 31.0
695 0.0 0.4489795918367347 13.0 1.8826092762638864 49 22.0
696 0.0 0.4693877551020409 13.0 1.894092139789827 49 23.0
697 0.0 0.5714285714285715 12.0 1.7559422921421235 49 28.0
698 0.0 0.510204081632653 13.0 1.8943165981824848 49 25.0
699 0.0 0.5102040816326531 13.0 1.8943165981824848 49 25.0
700 0.0 0.5102040816326531 13.0 1.8943165981824848 49 25.0
701 0.0 0.510204081632653 13.0 1.9052826669070204 49 25.0
702 0.0 0.5714285714285715 13.0 1.8929694486000919 49 28.0
703 0.0 0.5102040816326531 13.0 1.8943165981824848 49 25.0
704 0.0 0.5510204081632654 13.0 1.8936431431876215 49 27.0
705 0.0 0.4693877551020409 12.0 1.7571525357844167 49 23.0
706 0.0 0.510204081632653 13.0 1.883286676924943 49 25.0
707 0.0 0.6122448979591836 13.0 1.9019324222420497 49 30.0
708 0.0 0.489795918367347 13.0 1.9052826669070204 49 24.0
709 0.0 0.5102040816326531 13.0 1.883286676924943 49 25.0
710 0.0 0.5306122448979591 13.0 1.9050595005616673 49 26.0
711 0.0 0.4693877551020409 13.0 1.8830609037805812 49 23.0
712 0.0 0.510204081632653 13.0 1.8943165981824848 49 25.0
713 0.0 0.5306122448979591 13.0 1.9050595005616673 49 26.0
714 0.0 0.4693877551020409 12.0 1.7452559604100881 49 23.0
715 0.0 0.5102040816326531 13.0 1.9052826669070202 49 25.0
716 0.0 0.5714285714285715 13.0 1.9039432764659776 49 28.0
717 0.0 0.5510204081632654 13.0 1.8826092762638853 49 27.0
718 0.0 0.46938775510204084 13.0 1.894092139789827 49 23.0
719 0.0 0.5714285714285715 13.0 1.8929694486000916 49 28.0
720 0.0 0.6122448979591837 13.0 1.901932422242049 49 30.0
721 0.0 0.489795918367347 13.0 1.8943165981824848 49 24.0
722 0.0 0.5510204081632654 13.0 1.9155202131731286 49 27.0
723 0.0 0.5102040816326531 13.0 1.883286676924943 49 25.0
724 0.0 0.5306122448979591 12.0 1.7807072660454146 49 26.0
725 0.0 0.5510204081632654 13.0 1.882609276263885 49 27.0
726 0.0 0.489795918367347 13.0 1.9052826669070204 49 24.0
727 0.0 0.510204081632653 13.0 1.8943165981824848 49 25.0
728 0.0 0.5918367346938774 13.0 1.903049825794317 49 29.0
729 0.0 0.4693877551020409 13.0 1.894092139789827 49 23.0
730 0.0 0.5306122448979591 13.0 1.9050595005616673 49 26.0
731 0.0 0.5306122448979591 13.0 1.894092139789826 49 26.0
732 0.0 0.5102040816326531 13.0 1.9052826669070204 49 25.0
733 0.0 0.5714285714285715 13.0 1.8819316317727033 49 28.0
734 0.0 0.4489795918367347 13.0 1.9046130894247704 49 22.0
735 0.0 0.5510204081632654 12.0 1.7684883433057061 49 27.0
736 0.0 0.489795918367347 13.0 1.8943165981824848 49 24.0
737 0.0 0.5510204081632654 13.0 1.8936431431876217 49 27.0
738 0.0 0.5714285714285715 13.0 1.9039432764659776 49 28.0
739 0.0 0.489795918367347 14.0 2.0322652486366852 49 24.0
740 0.0 0.5510204081632654 15.0 2.1608372652920504 49 27.0
741 0.0 0.6530612244897959 14.0 2.057010577757635 49 32.0
742 0.0 0.5918367346938774 15.0 2.1594594939758527 49 29.0
743 0.0 0.5510204081632654 15.0 2.180034637433121 49 27.0
744 0.0 0.5714285714285715 15.0 2.169869427715257 49 28.0
745 0.0 0.5510204081632654 15.0 2.170457176205394 49 27.0
746 0.0 0.5510204081632654 14.0 2.041866226537583 49 27.0
747 0.0 0.6326530612244898 15.0 2.176521283598942 49 31.0
748 0.0 0.6122448979591836 15.0 2.177693031346592 49 30.0
749 0.0 0.5102040816326531 14.0 2.0322652486366852 49 25.0
750 0.0 0.6326530612244898 15.0 2.195581524629072 49 31.0
751 0.0 0.489795918367347 15.0 2.16142746986407 49 24.0
752 0.0 0.5714285714285715 14.0 2.051422270848529 49 28.0
753 0.0 0.5306122448979591 15.0 2.170848920126318 49 26.0
754 0.0 0.6122448979591836 15.0 2.168105226253754 49 30.0
755 0.0 0.5510204081632654 15.0 2.180034637433121 49 27.0
756 0.0 0.5306122448979591 15.0 2.161230752915323 49 26.0
757 0.0 0.6734693877551021 14.0 2.045195132316646 49 33.0
758 0.0 0.5102040816326531 15.0 2.16142746986407 49 25.0
759 0.0 0.5510204081632654 15.0 2.180034637433121 49 27.0
760 0.0 0.6122448979591836 15.0 2.177693031346592 49 30.0
761 0.0 0.489795918367347 14.0 2.021987975767824 49 24.0
762 0.0 0.5714285714285715 15.0 2.179449471770337 49 28.0
763 0.0 0.5714285714285715 15.0 2.1698694277152564 49 28.0
764 0.0 0.6122448979591836 15.0 2.168105226253754 49 30.0
765 0.0 0.6122448979591836 15.0 2.196743105624516 49 30.0
766 0.0 0.5510204081632654 14.0 2.0316375219039844 49 27.0
767 0.0 0.5918367346938774 15.0 2.1690855153241686 49 29.0
768 0.0 1.2244897959183678 35.0 5.382321781081285 49 60.0
769 0.0 0.6326530612244898 15.0 2.1669282939895633 49 31.0
770 0.0 0.5918367346938774 14.0 2.050593078304204 49 29.0
771 0.0 0.5102040816326531 15.0 2.1710447655793885 49 25.0
772 0.0 0.693877551020408 15.0 2.1718279707872528 49 34.0
773 0.0 0.5102040816326531 14.0 2.0322652486366852 49 25.0
774 0.0 0.5510204081632654 15.0 2.1608372652920504 49 27.0
775 0.0 0.6122448979591836 15.0 2.177693031346592 49 30.0
776 0.0 0.5714285714285715 15.0 2.1794494717703374 49 28.0
777 0.0 0.5918367346938773 14.0 2.0198841483582948 49 29.0
778 0.0 0.5510204081632654 15.0 2.189570206016429 49 27.0
779 0.0 0.44897959183673475 15.0 2.1511743351965147 49 22.0
780 0.0 0.6326530612244898 15.0 2.1765212835989423 49 31.0
781 0.0 0.5714285714285715 15.0 2.1794494717703374 49 28.0
782 0.0 0.6122448979591837 14.0 2.0188314125029967 49 30.0
783 0.0 0.5102040816326531 15.0 2.1806196460676786 49 25.0
784 0.0 0.4693877551020409 15.0 2.170848920126319 49 23.0
785 0.0 0.6734693877551021 15.0 2.173589150671849 49 33.0
786 0.0 0.489795918367347 15.0 2.16142746986407 49 24.0
787 0.0 0.5510204081632654 14.0 2.041866226537583 49 27.0
788 0.0 0.5918367346938774 15.0 2.1690855153241686 49 29.0
789 0.0 0.5714285714285715 15.0 2.160246899469288 49 28.0
790 0.0 0.6122448979591836 15.0 2.177693031346592 49 30.0
791 0.0 0.6122448979591836 15.0 2.177693031346592 49 30.0
792 0.0 0.6122448979591836 14.0 2.0393659812407816 49 30.0
793 0.0 0.46938775510204084 15.0 2.1515695900156873 49 23.0
794 0.0 0.6326530612244898 15.0 2.1669282939895633 49 31.0
795 0.0 0.5306122448979591 15.0 2.1804246606292703 49 26.0
796 0.0 0.4693877551020409 14.0 2.021777691541186 49 23.0
797 0.0 0.6326530612244898 15.0 2.186072177359625 49 31.0
798 0.0 0.5714285714285715 15.0 2.169869427715257 49 28.0
799 0.0 0.5306122448979591 15.0 2.170848920126318 49 26.0
800 0.0 0.5510204081632654 15.0 2.1608372652920504 49 27.0
801 0.0 0.5918367346938774 14.0 2.0404081224408137 49 29.0
802 0.0 0.6734693877551021 15.0 2.163983162885447 49 33.0
803 0.0 0.5510204081632654 15.0 2.180034637433121 49 27.0
804 0.0 0.5102040816326531 15.0 2.16142746986407 49 25.0
805 0.0 0.5918367346938774 15.0 2.178669006401794 49 29.0
806 0.0 0.5306122448979591 14.0 2.021777691541185 49 26.0
807 0.0 0.5510204081632654 15.0 2.1704571762053946 49 27.0
808 0.0 0.6122448979591836 15.0 2.1872388085076984 49 30.0
809 0.0 0.5306122448979591 15.0 2.161230752915323 49 26.0
810 0.0 0.653061224489796 15.0 2.175153446772618 49 32.0
811 0.0 0.489795918367347 15.0 2.16142746986407 49 24.0
812 0.0 0.6326530612244898 15.0 2.195581524629072 49 31.0
813 0.0 0.4897959183673469 14.0 2.021987975767824 49 24.0
814 0.0 0.5510204081632654 15.0 2.1608372652920504 49 27.0
815 0.0 0.5306122448979591 15.0 2.1804246606292703 49 26.0
816 0.0 0.5714285714285715 15.0 2.1602468994692874 49 28.0
817 0.0 0.653061224489796 15.0 2.1847103203110168 49 32.0
818 0.0 0.5918367346938774 15.0 2.1690855153241686 49 29.0
819 0.0 0.5306122448979591 14.0 2.0320560279382724 49 26.0
820 0.0 0.5918367346938774 15.0 2.1690855153241686 49 29.0
821 0.0 0.510204081632653 15.0 2.16142746986407 49 25.0
822 0.0 0.6734693877551021 15.0 2.183152872014472 49 33.0
823 0.0 0.5102040816326531 15.0 2.1710447655793885 49 25.0
824 0.0 0.46938775510204084 15.0 2.170848920126319 49 23.0
825 0.0 0.6734693877551021 15.0 2.163983162885447 49 33.0
826 0.0 0.5306122448979591 14.0 2.0320560279382724 49 26.0
827 0.0 0.5714285714285715 15.0 2.1794494717703374 49 28.0
828 0.0 0.5714285714285715 15.0 2.1794494717703374 49 28.0
829 0.0 0.5102040816326531 15.0 2.16142746986407 49 25.0
830 0.0 0.653061224489796 15.0 2.1847103203110168 49 32.0
831 0.0 0.5510204081632654 15.0 2.1704571762053946 49 27.0
832 0.0 0.6326530612244898 14.0 2.0483110680002974 49 31.0
833 0.0 0.5510204081632654 15.0 2.16083726529205 49 27.0
834 0.0 0.6122448979591836 15.0 2.168105226253754 49 30.0
835 0.0 0.6326530612244898 15.0 2.1765212835989423 49 31.0
836 0.0 0.4693877551020409 15.0 2.161230752915324 49 23.0
837 0.0 0.5510204081632654 14.0 2.041866226537583 49 27.0
838 0.0 0.6122448979591836 15.0 2.177693031346592 49 30.0
839 0.0 0.5714285714285715 15.0 2.169869427715257 49 28.0
840 0.0 0.510204081632653 15.0 2.16142746986407 49 25.0
841 0.0 0.5714285714285715 15.0 2.1984843263788205 49 28.0
842 0.0 0.6122448979591836 15.0 2.1584748331732238 49 30.0
843 0.0 0.5714285714285715 15.0 2.1794494717703374 49 28.0
844 0.0 0.489795918367347 15.0 2.16142746986407 49 24.0
845 0.0 0.5510204081632654 14.0 2.041866226537583 49 27.0
846 0.0 0.5510204081632654 15.0 2.170457176205394 49 27.0
847 0.0 0.6734693877551021 15.0 2.173589150671849 49 33.0
848 0.0 0.5714285714285715 15.0 2.1889875894272834 49 28.0
849 0.0 0.6122448979591836 15.0 2.225012420663948 49 30.0
850 0.0 0.5714285714285716 15.0 2.217355782608346 49 28.0
851 0.0 0.653061224489796 15.0 2.2225269065503195 49 32.0
852 0.0 0.6326530612244898 14.0 2.0786000652584713 49 31.0
853 0.0 0.5918367346938774 15.0 2.197710620802728 49 29.0
854 0.0 0.6734693877551021 15.0 2.220995976865267 49 33.0
855 0.0 0.5918367346938774 15.0 2.178669006401794 49 29.0
856 0.0 0.5510204081632654 15.0 2.180034637433121 49 27.0
857 0.0 0.5918367346938773 15.0 2.207169825694385 49 29.0
858 0.0 0.5306122448979591 15.0 2.170848920126318 49 26.0
859 0.0 0.7142857142857142 15.0 2.1698694277152564 49 35.0
860 0.0 0.5306122448979591 15.0 2.161230752915323 49 26.0
861 0.0 0.5306122448979591 14.0 2.062583743919327 49 26.0
862 0.0 0.6122448979591836 15.0 2.177693031346592 49 30.0
863 0.0 0.6122448979591836 15.0 2.1872388085076984 49 30.0
864 0.0 0.5918367346938774 15.0 2.1690855153241686 49 29.0
865 0.0 0.5918367346938774 15.0 2.2071698256943844 49 29.0
866 0.0 0.5306122448979591 15.0 2.189958530965127 49 26.0
867 0.0 0.6326530612244898 15.0 2.1669282939895633 49 31.0
868 0.0 0.5714285714285715 15.0 2.188987589427284 49 28.0
869 0.0 0.5510204081632654 15.0 2.170457176205394 49 27.0
870 0.0 0.5102040816326531 14.0 2.072864855093789 49 25.0
871 0.0 0.6122448979591836 15.0 2.1584748331732238 49 30.0
872 0.0 0.5510204081632654 15.0 2.1990644269192057 49 27.0
873 0.0 0.653061224489796 15.0 2.175153446772618 49 32.0
874 0.0 0.5714285714285715 15.0 2.1889875894272834 49 28.0
875 0.0 0.6122448979591836 15.0 2.177693031346592 49 30.0
876 0.0 0.5918367346938773 15.0 2.1690855153241686 49 29.0
877 0.0 0.5714285714285715 15.0 2.1794494717703374 49 28.0
878 0.0 0.5714285714285715 15.0 2.1984843263788205 49 28.0
879 0.0 0.6326530612244898 15.0 2.1765212835989423 49 31.0
880 0.0 0.5306122448979591 15.0 2.1804246606292703 49 26.0
881 0.0 0.6326530612244898 15.0 2.195581524629072 49 31.0
882 0.0 0.510204081632653 14.0 2.0322652486366852 49 25.0
883 0.0 0.5918367346938774 15.0 2.1882105260057694 49 29.0
884 0.0 0.5714285714285715 15.0 2.1794494717703374 49 28.0
885 0.0 0.5918367346938774 15.0 2.18821052600577 49 29.0
886 0.0 0.6326530612244898 15.0 2.186072177359625 49 31.0
887 0.0 0.5918367346938774 15.0 2.178669006401794 49 29.0
888 0.0 0.5306122448979591 15.0 2.1804246606292703 49 26.0
889 0.0 0.6122448979591836 15.0 2.177693031346592 49 30.0
890 0.0 0.5918367346938774 14.0 2.0607276965809382 49 29.0
891 0.0 0.6122448979591836 15.0 2.168105226253754 49 30.0
892 0.0 0.6122448979591836 15.0 2.196743105624516 49 30.0
893 0.0 0.5510204081632654 14.0 2.0213570574595408 49 27.0
894 0.0 0.5510204081632654 15.0 2.1990644269192057 49 27.0
895 0.0 0.653061224489796 15.0 2.1847103203110168 49 32.0
896 0.0 0.5510204081632654 15.0 2.160837265292051 49 27.0
897 0.0 0.6122448979591836 15.0 2.1872388085076984 49 30.0
898 0.0 0.5918367346938774 15.0 2.197710620802728 49 29.0
899 0.0 0.5306122448979591 15.0 2.161230752915323 49 26.0
900 0.0 0.653061224489796 15.0 2.1847103203110168 49 32.0
901 0.0 0.5510204081632654 15.0 2.1800346374331214 49 27.0
902 0.0 0.5714285714285716 15.0 2.188987589427284 49 28.0
903 0.0 0.6122448979591836 15.0 2.177693031346592 49 30.0
904 0.0 0.6326530612244898 15.0 2.1765212835989423 49 31.0
905 0.0 0.5714285714285715 15.0 2.1889875894272834 49 28.0
906 0.0 0.5714285714285715 14.0 2.0310096011589907 49 28.0
907 0.0 0.653061224489796 15.0 2.1942255696122337 49 32.0
908 0.0 0.5714285714285715 16.0 2.300362290307044 49 28.0
909 0.0 0.6122448979591836 14.0 2.079826981291675 49 30.0
910 0.0 0.5306122448979591 15.0 2.161230752915323 49 26.0
911 0.0 0.5510204081632654 15.0 2.170457176205394 49 27.0
912 0.0 0.5918367346938774 15.0 2.2071698256943844 49 29.0
913 0.0 0.5714285714285715 15.0 2.169869427715257 49 28.0
914 0.0 0.6326530612244898 15.0 2.2050498629190196 49 31.0
915 0.0 0.6122448979591837 15.0 2.1681052262537546 49 30.0
916 0.0 0.5918367346938774 15.0 2.178669006401794 49 29.0
917 0.0 0.6326530612244898 15.0 2.195581524629072 49 31.0
918 0.0 0.5510204081632654 15.0 2.170457176205394 49 27.0
919 0.0 0.5714285714285715 15.0 2.1794494717703374 49 28.0
920 0.0 0.6326530612244898 15.0 2.195581524629072 49 31.0
921 0.0 0.653061224489796 15.0 2.175153446772618 49 32.0
922 0.0 0.510204081632653 15.0 2.1901526676199983 49 25.0
923 0.0 0.6326530612244898 15.0 2.1765212835989423 49 31.0
924 0.0 0.5306122448979591 15.0 2.1899585309651264 49 26.0
925 0.0 0.6326530612244898 15.0 2.1860721773596254 49 31.0
926 0.0 0.5510204081632654 15.0 2.170457176205394 49 27.0
927 0.0 0.653061224489796 15.0 2.1942255696122337 49 32.0
928 0.0 0.6122448979591836 15.0 2.177693031346592 49 30.0
929 0.0 0.5714285714285715 15.0 2.169869427715257 49 28.0
930 0.0 0.5918367346938774 15.0 2.178669006401794 49 29.0
931 0.0 0.5510204081632654 15.0 2.180034637433121 49 27.0
932 0.0 0.6326530612244898 15.0 2.195581524629072 49 31.0
933 0.0 0.6122448979591836 15.0 2.177693031346592 49 30.0
934 0.0 0.5306122448979591 15.0 2.170848920126318 49 26.0
935 0.0 0.5918367346938773 15.0 2.178669006401794 49 29.0
936 0.0 0.5918367346938774 15.0 2.178669006401794 49 29.0
937 0.0 0.5918367346938774 15.0 2.1882105260057694 49 29.0
938 0.0 0.5510204081632654 15.0 2.189570206016429 49 27.0
939 0.0 0.5510204081632654 15.0 2.170457176205394 49 27.0
940 0.0 0.5918367346938774 15.0 2.1690855153241686 49 29.0
941 0.0 0.6326530612244898 15.0 2.195581524629072 49 31.0
942 0.0 0.5918367346938774 15.0 2.178669006401794 49 29.0
943 0.0 0.5918367346938774 15.0 2.178669006401794 49 29.0
944 0.0 0.5510204081632654 15.0 2.1800346374331214 49 27.0
945 0.0 0.693877551020408 15.0 2.1909290422163856 49 34.0
946 0.0 0.6122448979591836 15.0 2.177693031346592 49 30.0
947 0.0 0.510204081632653 15.0 2.16142746986407 49 25.0
948 0.0 0.5714285714285715 15.0 2.1889875894272834 49 28.0
949 0.0 0.5306122448979591 15.0 2.170848920126318 49 26.0
950 0.0 0.6326530612244898 15.0 2.2050498629190196 49 31.0
951 0.0 0.5918367346938774 15.0 2.1594594939758527 49 29.0
952 0.0 0.6122448979591837 15.0 2.1872388085076984 49 30.0
953 0.0 0.9183673469387753 33.0 4.71185002013486 49 45.0
954 0.0 0.6122448979591836 14.0 2.0291246730488273 49 30.0
955 0.0 0.5510204081632654 13.0 1.9046130894247686 49 27.0
956 0.0 0.5918367346938774 13.0 1.9356132463526334 49 29.0
957 0.0 0.5714285714285715 14.0 2.03100960115899 49 28.0
958 0.0 0.5102040816326531 13.0 1.9052826669070202 49 25.0
959 0.0 0.5102040816326531 13.0 1.883286676924943 49 25.0
960 0.0 0.6734693877551021 14.0 2.0553563671340234 49 33.0
961 0.0 0.4489795918367347 13.0 1.9046130894247701 49 22.0
962 0.0 0.5714285714285715 13.0 1.9148542155126769 49 28.0
963 0.0 0.4897959183673469 14.0 2.0322652486366852 49 24.0
964 0.0 0.6122448979591836 13.0 1.9019324222420497 49 30.0
965 0.0 0.5714285714285715 13.0 1.9364916731037092 49 28.0
966 0.0 0.5510204081632654 14.0 2.0213570574595408 49 27.0
967 0.0 0.5918367346938774 13.0 1.9248199845152048 49 29.0
968 0.0 0.5714285714285715 13.0 1.8819316317727028 49 28.0
969 0.0 0.5918367346938774 14.0 2.0505930783042046 49 29.0
970 0.0 0.5306122448979591 13.0 1.9268069529700171 49 26.0
971 0.0 0.510204081632653 13.0 1.8943165981824848 49 25.0
972 0.0 0.5510204081632654 14.0 2.041866226537583 49 27.0
973 0.0 0.5306122448979591 13.0 1.88306090378058 49 26.0
974 0.0 0.6326530612244898 13.0 1.9439422739952574 49 31.0
975 0.0 0.489795918367347 13.0 1.883286676924943 49 24.0
976 0.0 0.5510204081632654 13.0 1.9046130894247686 49 27.0
977 0.0 0.5918367346938774 14.0 2.050593078304204 49 29.0
978 0.0 0.5102040816326531 13.0 1.8943165981824848 49 25.0
979 0.0 0.5918367346938774 13.0 1.924819984515205 49 29.0
980 0.0 0.5306122448979591 13.0 1.8940921397898263 49 26.0
981 0.0 0.6122448979591836 14.0 2.0596958364708873 49 30.0
982 0.0 0.5306122448979591 13.0 1.88306090378058 49 26.0
983 0.0 0.5510204081632654 13.0 1.926365581539884 49 27.0
984 0.0 0.5306122448979591 13.0 1.9050595005616673 49 26.0
985 0.0 0.5918367346938774 14.0 2.0404081224408137 49 29.0
986 0.0 0.5306122448979591 13.0 1.915964083000236 49 26.0
987 0.0 0.4489795918367347 13.0 1.8826092762638864 49 22.0
988 0.0 0.673469387755102 13.0 1.9298937265866143 49 33.0
989 0.0 0.6122448979591836 14.0 2.0393659812407816 49 30.0
990 0.0 0.5306122448979591 13.0 1.8940921397898263 49 26.0
991 0.0 0.5510204081632654 13.0 1.9155202131731284 49 27.0
992 0.0 0.5510204081632654 14.0 2.05204394537288 49 27.0
993 0.0 0.5102040816326531 13.0 1.9052826669070202 49 25.0
994 0.0 0.5306122448979591 13.0 1.8940921397898263 49 26.0
995 0.0 0.489795918367347 13.0 1.9052826669070204 49 24.0
996 0.0 0.653061224489796 14.0 2.0366539184833212 49 32.0
997 0.0 0.5510204081632654 13.0 1.8936431431876215 49 27.0
998 0.0 0.5510204081632654 13.0 1.9263655815398835 49 27.0
999 0.0 0.5714285714285715 14.0 2.0412414523193156 49 28.0
1000 0.0 0.489795918367347 13.0 1.9052826669070204 49 24.0
1001 0.0 0.5714285714285715 13.0 1.8929694486000916 49 28.0
1002 0.0 0.5918367346938774 13.0 1.9356132463526334 49 29.0
1003 0.0 0.489795918367347 14.0 2.0322652486366852 49 24.0
1004 0.0 0.6326530612244898 13.0 1.9005906708071538 49 31.0
1005 0.0 0.5714285714285715 13.0 1.9039432764659778 49 28.0
1006 0.0 0.5510204081632654 13.0 1.9263655815398837 49 27.0
1007 0.0 0.510204081632653 14.0 2.0322652486366852 49 25.0
1008 0.0 0.5918367346938774 13.0 1.9030498257943171 49 29.0
1009 0.0 0.6122448979591836 13.0 1.9019324222420497 49 30.0
1010 0.0 0.4693877551020409 13.0 1.9050595005616682 49 23.0
1011 0.0 0.5714285714285716 14.0 2.051422270848529 49 28.0
1012 0.0 0.5306122448979591 13.0 1.915964083000236 49 26.0
1013 0.0 0.5510204081632654 13.0 1.8826092762638849 49 27.0
1014 0.0 0.489795918367347 14.0 2.0424908096446837 49 24.0
1015 0.0 0.653061224489796 13.0 1.9208398814945853 49 32.0
1016 0.0 0.5306122448979591 13.0 1.8940921397898263 49 26.0
1017 0.0 0.5714285714285715 13.0 1.9039432764659778 49 28.0
1018 0.0 0.4897959183673469 14.0 2.042490809644683 49 24.0
1019 0.0 0.5102040816326531 13.0 1.9161859793566476 49 25.0
1020 0.0 0.6326530612244898 13.0 1.9005906708071538 49 31.0
1021 0.0 0.6326530612244898 14.0 2.038114708407221 49 31.0
1022 0.0 0.5102040816326531 13.0 1.9052826669070202 49 25.0
1023 0.0 0.5306122448979591 13.0 1.9050595005616675 49 26.0
1024 0.0 0.5510204081632654 14.0 2.05204394537288 49 27.0
1025 0.0 0.5306122448979591 13.0 1.9050595005616673 49 26.0
1026 0.0 0.6122448979591836 13.0 1.9128548312514926 49 30.0
1027 0.0 0.510204081632653 14.0 2.021987975767824 49 25.0
1028 0.0 0.5306122448979591 13.0 1.894092139789826 49 26.0
1029 0.0 0.5918367346938774 13.0 1.9356132463526334 49 29.0
1030 0.0 0.5306122448979591 14.0 2.0320560279382724 49 26.0
1031 0.0 0.5306122448979591 13.0 1.9050595005616673 49 26.0
1032 0.0 0.5714285714285715 13.0 1.9039432764659776 49 28.0
1033 0.0 0.5918367346938774 14.0 2.0607276965809387 49 29.0
1034 0.0 0.5306122448979591 13.0 1.8940921397898263 49 26.0
1035 0.0 0.5714285714285715 13.0 1.9039432764659776 49 28.0
1036 0.0 0.5510204081632654 14.0 2.0418662265375827 49 27.0
1037 0.0 0.5714285714285715 13.0 1.8929694486000914 49 28.0
1038 0.0 0.5510204081632654 13.0 1.926365581539884 49 27.0
1039 0.0 0.5306122448979591 14.0 2.0422826364993987 49 26.0
1040 0.0 0.5714285714285715 13.0 1.9039432764659778 49 28.0
1041 0.0 0.6122448979591836 13.0 1.9019324222420497 49 30.0
1042 0.0 0.5714285714285715 14.0 2.0615528128088307 49 28.0
1043 0.0 0.4693877551020409 13.0 1.894092139789827 49 23.0
1044 0.0 0.5714285714285715 13.0 1.8929694486000916 49 28.0
1045 0.0 0.6122448979591836 14.0 2.049556115872128 49 30.0
1046 0.0 0.4897959183673469 13.0 1.883286676924943 49 24.0
1047 0.0 0.5306122448979591 13.0 1.915964083000236 49 26.0
1048 0.0 0.5510204081632654 14.0 2.05204394537288 49 27.0
1049 0.0 0.6326530612244898 13.0 1.9115207465852557 49 31.0
1050 0.0 0.5102040816326531 13.0 1.8943165981824848 49 25.0
1051 0.0 0.510204081632653 14.0 2.021987975767824 49 25.0
1052 0.0 0.653061224489796 13.0 1.9424106629838773 49 32.0
1053 0.0 0.5102040816326531 13.0 1.8943165981824848 49 25.0
1054 0.0 0.5510204081632654 14.0 2.031637521903984 49 27.0
1055 0.0 0.5306122448979591 13.0 1.9159640830002362 49 26.0
1056 0.0 0.6122448979591836 13.0 1.923715226354681 49 30.0
1057 0.0 0.5306122448979591 14.0 2.0320560279382724 49 26.0
1058 0.0 0.5918367346938773 13.0 1.903049825794317 49 29.0
1059 0.0 0.4897959183673469 13.0 1.9052826669070204 49 24.0
1060 0.0 0.5918367346938774 14.0 2.0404081224408137 49 29.0
1061 0.0 0.6122448979591836 13.0 1.9237152263546815 49 30.0
1062 0.0 0.4693877551020409 13.0 1.894092139789827 49 23.0
1063 0.0 0.5510204081632654 14.0 2.0418662265375827 49 27.0
1064 0.0 0.5510204081632654 13.0 1.8936431431876217 49 27.0
1065 0.0 0.6326530612244898 14.0 2.0584569215699378 49 31.0
1066 0.0 0.5306122448979591 13.0 1.9050595005616673 49 26.0
1067 0.0 0.5306122448979591 13.0 1.8830609037805803 49 26.0
1068 0.0 0.5714285714285715 14.0 2.061552812808831 49 28.0
1069 0.0 0.5510204081632654 13.0 1.9155202131731288 49 27.0
1070 0.0 0.5714285714285715 14.0 2.0412414523193156 49 28.0
1071 0.0 0.5102040816326531 13.0 1.9052826669070202 49 25.0
1072 0.0 0.653061224489796 13.0 1.9208398814945853 49 32.0
1073 0.0 0.489795918367347 14.0 2.0322652486366852 49 24.0
1074 0.0 0.5918367346938774 13.0 1.903049825794317 49 29.0
1075 0.0 0.5102040816326531 13.0 1.8943165981824848 49 25.0
1076 0.0 0.6122448979591836 14.0 2.0596958364708877 49 30.0
1077 0.0 0.4693877551020409 13.0 1.9050595005616682 49 23.0
1078 0.0 0.5714285714285715 13.0 1.9039432764659774 49 28.0
1079 0.0 0.5714285714285715 14.0 2.0412414523193156 49 28.0
1080 0.0 0.4897959183673469 13.0 1.883286676924943 49 24.0
1081 0.0 0.5918367346938774 13.0 1.9356132463526334 49 29.0
1082 0.0 0.5714285714285715 14.0 2.0310096011589907 49 28.0
1083 0.0 0.5714285714285715 13.0 1.9039432764659776 49 28.0
1084 0.0 0.5510204081632654 13.0 1.9046130894247684 49 27.0
1085 0.0 0.5102040816326531 14.0 2.0526654316156008 49 25.0
1086 0.0 0.5918367346938774 13.0 1.9139658581391799 49 29.0
1087 0.0 0.6122448979591836 14.0 2.0495561158721274 49 30.0
1088 0.0 0.6122448979591836 13.0 1.9128548312514926 49 30.0
1089 0.0 0.5102040816326531 13.0 1.883286676924943 49 25.0
1090 0.0 0.5918367346938774 14.0 2.0607276965809382 49 29.0
1091 0.0 0.5918367346938774 13.0 1.9139658581391799 49 29.0
1092 0.0 0.4693877551020409 13.0 1.9050595005616682 49 23.0
1093 0.0 0.5918367346938774 14.0 2.050593078304204 49 29.0
1094 0.0 0.5102040816326531 13.0 1.8943165981824848 49 25.0
1095 0.0 0.6122448979591836 14.0 2.0596958364708877 49 30.0
1096 0.0 0.5102040816326531 13.0 1.9161859793566476 49 25.0
1097 0.0 0.5306122448979591 13.0 1.8830609037805803 49 26.0
1098 0.0 0.5306122448979591 14.0 2.042282636499399 49 26.0
1099 0.0 0.5510204081632654 13.0 1.9263655815398835 49 27.0
1100 0.0 0.6326530612244898 13.0 1.9005906708071538 49 31.0
1101 0.0 0.6326530612244898 14.0 2.0381147084072215 49 31.0
1102 0.0 0.5714285714285715 13.0 1.9039432764659776 49 28.0
1103 0.0 0.5714285714285715 14.0 2.0310096011589907 49 28.0
1104 0.0 0.4489795918367347 13.0 1.893643143187623 49 22.0
1105 0.0 0.5510204081632654 13.0 1.9263655815398837 49 27.0
1106 0.0 0.5918367346938774 14.0 2.0404081224408137 49 29.0
1107 0.0 0.5306122448979591 13.0 1.8940921397898263 49 26.0
1108 0.0 0.5306122448979591 14.0 2.0524582904443154 49 26.0
1109 0.0 0.510204081632653 13.0 1.8943165981824848 49 25.0
1110 0.0 0.5306122448979591 13.0 1.915964083000236 49 26.0
1111 0.0 1.3877551020408163 37.0 5.582025940950307 49 68.0
1112 0.0 0.5306122448979591 13.0 1.88306090378058 49 26.0
1113 0.0 0.5306122448979591 14.0 2.042282636499399 49 26.0
1114 0.0 0.6326530612244898 13.0 1.9223886785175675 49 31.0
1115 0.0 0.4285714285714285 14.0 2.0207259421636894 49 21.0
1116 0.0 0.6122448979591836 13.0 1.9128548312514926 49 30.0
1117 0.0 0.4897959183673469 13.0 1.9052826669070204 49 24.0
1118 0.0 0.653061224489796 14.0 2.036653918483321 49 32.0
1119 0.0 0.5306122448979591 13.0 1.8940921397898265 49 26.0
1120 0.0 0.4897959183673469 14.0 2.0322652486366852 49 24.0
1121 0.0 0.5714285714285715 13.0 1.9039432764659776 49 28.0
1122 0.0 0.5102040816326531 13.0 1.8943165981824848 49 25.0
1123 0.0 0.6122448979591836 14.0 2.039365981240782 49 30.0
1124 0.0 0.5102040816326531 13.0 1.9052826669070202 49 25.0
1125 0.0 0.5714285714285715 14.0 2.0412414523193156 49 28.0
1126 0.0 0.6122448979591836 13.0 1.9019324222420493 49 30.0
1127 0.0 0.5714285714285715 13.0 1.9039432764659778 49 28.0
1128 0.0 0.489795918367347 14.0 2.021987975767824 49 24.0
1129 0.0 0.5714285714285715 13.0 1.9148542155126766 49 28.0
1130 0.0 0.5510204081632654 14.0 2.031637521903984 49 27.0
1131 0.0 0.5510204081632654 13.0 1.9155202131731286 49 27.0
1132 0.0 0.653061224489796 13.0 1.9099631367315617 49 32.0
1133 0.0 0.5306122448979591 14.0 2.0320560279382724 49 26.0
1134 0.0 0.5510204081632654 13.0 1.9046130894247684 49 27.0
1135 0.0 0.5714285714285715 14.0 2.051422270848529 49 28.0
1136 0.0 0.4693877551020409 13.0 1.894092139789827 49 23.0
1137 0.0 0.5714285714285715 13.0 1.9039432764659776 49 28.0
1138 0.0 0.6122448979591836 14.0 2.049556115872128 49 30.0
1139 0.0 0.5306122448979591 13.0 1.8940921397898263 49 26.0
1140 0.0 0.5918367346938774 14.0 2.0404081224408137 49 29.0
1141 0.0 0.5102040816326531 13.0 1.9052826669070204 49 25.0
1142 0.0 0.489795918367347 13.0 1.8943165981824848 49 24.0
1143 0.0 0.5714285714285715 14.0 2.0412414523193156 49 28.0
1144 0.0 0.489795918367347 13.0 1.9161859793566476 49 24.0
1145 0.0 0.5510204081632654 14.0 2.0316375219039844 49 27.0
1146 0.0 0.5510204081632654 13.0 1.8936431431876215 49 27.0
1147 0.0 0.5918367346938774 14.0 2.050593078304204 49 29.0
1148 0.0 0.6122448979591836 13.0 1.9019324222420497 49 30.0
1149 0.0 0.5306122448979591 13.0 1.9050595005616673 49 26.0
1150 0.0 0.5918367346938774 14.0 2.050593078304204 49 29.0
1151 0.0 0.5306122448979591 13.0 1.9050595005616673 49 26.0
1152 0.0 0.9795918367346939 21.0 3.5677361865192103 49 48.0
1153 0.0 0.5510204081632654 13.0 1.9155202131731284 49 27.0
1154 0.0 0.5306122448979591 13.0 1.894092139789826 49 26.0
1155 0.0 0.6122448979591836 14.0 2.049556115872128 49 30.0
1156 0.0 0.5714285714285715 13.0 1.9039432764659776 49 28.0
1157 0.0 0.5306122448979591 14.0 2.0320560279382724 49 26.0
1158 0.0 0.6122448979591836 13.0 1.9019324222420497 49 30.0
1159 0.0 0.4489795918367347 14.0 2.041866226537585 49 22.0
1160 0.0 0.5306122448979591 13.0 1.8940921397898265 49 26.0
1161 0.0 0.5918367346938774 14.0 2.0404081224408137 49 29.0
1162 0.0 0.5102040816326531 13.0 1.9161859793566476 49 25.0
1163 0.0 0.653061224489796 14.0 2.036653918483321 49 32.0
1164 0.0 0.4693877551020409 13.0 1.8830609037805812 49 23.0
1165 0.0 0.653061224489796 14.0 2.057010577757635 49 32.0
1166 0.0 0.5510204081632654 13.0 1.8826092762638846 49 27.0
1167 0.0 0.5510204081632654 13.0 1.8936431431876215 49 27.0
1168 0.0 0.6122448979591836 14.0 2.049556115872128 49 30.0
1169 0.0 0.5102040816326531 13.0 1.8943165981824848 49 25.0
1170 0.0 0.5306122448979591 13.0 1.915964083000236 49 26.0
1171 0.0 0.5306122448979591 14.0 2.0524582904443154 49 26.0
1172 0.0 0.5306122448979591 13.0 1.9050595005616673 49 26.0
1173 0.0 0.5918367346938774 14.0 2.050593078304204 49 29.0
1174 0.0 0.4693877551020409 13.0 1.8830609037805812 49 23.0
1175 0.0 0.5918367346938774 13.0 1.9139658581391799 49 29.0
1176 0.0 0.5918367346938774 14.0 2.0404081224408137 49 29.0
1177 0.0 0.653061224489796 13.0 1.8990240959521287 49 32.0
1178 0.0 0.5306122448979591 14.0 2.0320560279382724 49 26.0
1179 0.0 0.5714285714285715 13.0 1.914854215512677 49 28.0
1180 0.0 0.5102040816326531 14.0 2.0322652486366852 49 25.0
1181 0.0 0.6122448979591836 13.0 1.8909469247202164 49 30.0
1182 0.0 0.489795918367347 13.0 1.9052826669070204 49 24.0
1183 0.0 0.5102040816326531 14.0 2.0424908096446837 49 25.0
1184 0.0 0.5102040816326531 13.0 1.9052826669070204 49 25.0
1185 0.0 0.653061224489796 14.0 2.046857554970578 49 32.0
1186 0.0 0.5102040816326531 13.0 1.8943165981824848 49 25.0
1187 0.0 0.5714285714285715 14.0 2.0412414523193156 49 28.0
1188 0.0 0.5306122448979591 13.0 1.915964083000236 49 26.0
1189 0.0 0.5102040816326531 13.0 1.883286676924943 49 25.0
1190 0.0 0.5510204081632654 14.0 2.0418662265375827 49 27.0
1191 0.0 0.5510204081632654 13.0 1.9155202131731284 49 27.0
1192 0.0 0.5510204081632654 14.0 2.041866226537583 49 27.0
1193 0.0 0.6734693877551021 13.0 1.8972321407562043 49 33.0
1194 0.0 0.5306122448979591 13.0 1.894092139789826 49 26.0
1195 0.0 0.5306122448979591 14.0 2.0422826364993987 49 26.0
1196 0.0 0.5714285714285715 13.0 1.914854215512677 49 28.0
1197 0.0 0.5918367346938774 14.0 2.0404081224408137 49 29.0
1198 0.0 0.4693877551020409 13.0 1.894092139789827 49 23.0
1199 0.0 0.5510204081632654 13.0 1.9155202131731286 49 27.0
1200 0.0 0.5918367346938774 14.0 2.0404081224408137 49 29.0
1201 0.0 0.5714285714285715 13.0 1.8929694486000916 49 28.0
1202 0.0 0.5918367346938774 14.0 2.050593078304204 49 29.0
1203 0.0 0.5306122448979591 13.0 1.9050595005616673 49 26.0
1204 0.0 0.6326530612244898 13.0 1.9005906708071536 49 31.0
1205 0.0 0.5510204081632654 14.0 2.0418662265375827 49 27.0
1206 0.0 0.5714285714285715 13.0 1.9039432764659776 49 28.0
1207 0.0 0.5510204081632654 14.0 2.031637521903984 49 27.0
1208 0.0 0.5306122448979591 13.0 1.9050595005616673 49 26.0
1209 0.0 0.5306122448979591 14.0 2.042282636499399 49 26.0
1210 0.0 0.5714285714285715 13.0 1.914854215512677 49 28.0
1211 0.0 0.5510204081632654 13.0 1.9046130894247684 49 27.0
1212 0.0 0.5714285714285715 14.0 2.0310096011589907 49 28.0
1213 0.0 1.163265306122449 31.0 4.7537131924050975 49 57.0
1214 0.0 0.5306122448979591 14.0 2.0320560279382724 49 26.0
1215 0.0 0.5714285714285715 13.0 1.9148542155126766 49 28.0
1216 0.0 0.6326530612244898 14.0 2.038114708407221 49 31.0
1217 0.0 0.5714285714285715 13.0 1.9148542155126769 49 28.0
1218 0.0 0.4693877551020409 13.0 1.9050595005616682 49 23.0
1219 0.0 0.5918367346938774 14.0 2.0198841483582943 49 29.0
1220 0.0 0.6122448979591836 13.0 1.9128548312514928 49 30.0
1221 0.0 0.5510204081632654 14.0 2.041866226537583 49 27.0
1222 0.0 0.5306122448979591 13.0 1.9050595005616673 49 26.0
1223 0.0 0.5918367346938774 14.0 2.0404081224408137 49 29.0
1224 0.0 0.5306122448979591 13.0 1.9050595005616673 49 26.0
1225 0.0 0.5918367346938774 13.0 1.9030498257943171 49 29.0
1226 0.0 0.5714285714285715 14.0 2.0412414523193156 49 28.0
1227 0.0 0.5102040816326531 13.0 1.9161859793566476 49 25.0
1228 0.0 0.5918367346938774 14.0 2.0505930783042046 49 29.0
1229 0.0 0.4285714285714285 13.0 1.8929694486000903 49 21.0
1230 0.0 0.6326530612244898 14.0 2.0483110680002974 49 31.0
1231 0.0 0.5510204081632654 13.0 1.9046130894247686 49 27.0
1232 0.0 0.5918367346938774 13.0 1.9139658581391799 49 29.0
1233 0.0 1.3469387755102045 35.0 5.317232286036922 49 66.0
1234 0.0 0.5102040816326531 13.0 1.8943165981824848 49 25.0
1235 0.0 0.5714285714285715 14.0 2.0514222708485295 49 28.0
1236 0.0 0.5918367346938774 13.0 1.9030498257943171 49 29.0
1237 0.0 0.5714285714285715 14.0 2.0615528128088307 49 28.0
1238 0.0 0.5306122448979591 13.0 1.8940921397898263 49 26.0
1239 0.0 0.6326530612244898 14.0 2.0584569215699378 49 31.0
1240 0.0 0.4693877551020409 13.0 1.915964083000237 49 23.0
1241 0.0 0.6938775510204082 14.0 2.0534937873521497 49 34.0
1242 0.0 0.5714285714285715 13.0 1.8929694486000914 49 28.0
1243 0.0 0.5510204081632654 13.0 1.9155202131731286 49 27.0
1244 0.0 0.6326530612244898 14.0 2.0483110680002974 49 31.0
1245 0.0 0.5102040816326531 13.0 1.9052826669070202 49 25.0
1246 0.0 0.6122448979591836 14.0 2.049556115872128 49 30.0
1247 0.0 0.5714285714285715 13.0 1.9039432764659778 49 28.0
1248 0.0 0.5918367346938774 14.0 2.0505930783042046 49 29.0
1249 0.0 0.489795918367347 13.0 1.9052826669070204 49 24.0
1250 0.0 0.5918367346938774 14.0 2.0607276965809387 49 29.0
1251 0.0 0.5714285714285715 13.0 1.9039432764659776 49 28.0
1252 0.0 0.5714285714285715 13.0 1.9039432764659776 49 28.0
1253 0.0 0.5306122448979591 14.0 2.0524582904443154 49 26.0
1254 0.0 0.6122448979591836 13.0 1.9019324222420497 49 30.0
1255 0.0 0.6326530612244898 14.0 2.0584569215699378 49 31.0
1256 0.0 0.4897959183673469 13.0 1.8943165981824848 49 24.0
1257 0.0 0.653061224489796 14.0 2.077167747279967 49 32.0
1258 0.0 0.5102040816326531 13.0 1.8943165981824848 49 25.0
1259 0.0 0.5918367346938774 14.0 2.0505930783042046 49 29.0
1260 0.0 0.5306122448979591 13.0 1.9050595005616673 49 26.0
1261 0.0 0.6326530612244898 14.0 2.0685530122831883 49 31.0
1262 0.0 0.5306122448979591 13.0 1.9050595005616673 49 26.0
1263 0.0 0.6326530612244898 14.0 2.0483110680002974 49 31.0
1264 0.0 0.5306122448979591 13.0 1.8940921397898263 49 26.0
1265 0.0 0.5714285714285715 14.0 2.0716338157760097 49 28.0
1266 0.0 0.5510204081632654 13.0 1.9046130894247686 49 27.0
1267 0.0 0.5918367346938774 14.0 2.050593078304204 49 29.0
1268 0.0 0.5306122448979591 13.0 1.9050595005616673 49 26.0
1269 0.0 0.653061224489796 14.0 2.057010577757635 49 32.0
1270 0.0 0.5510204081632654 13.0 1.9046130894247684 49 27.0
1271 0.0 0.6122448979591836 13.0 1.9128548312514928 49 30.0
1272 0.0 0.5510204081632654 14.0 2.031637521903984 49 27.0
1273 0.0 0.5510204081632654 13.0 1.9155202131731284 49 27.0
1274 0.0 0.5714285714285715 14.0 2.0412414523193156 49 28.0
1275 0.0 0.6326530612244898 13.0 1.9115207465852555 49 31.0
1276 0.0 0.5510204081632654 14.0 2.062171433321721 49 27.0
1277 0.0 0.5918367346938774 13.0 1.9030498257943171 49 29.0
1278 0.0 0.5714285714285715 14.0 2.0615528128088307 49 28.0
1279 0.0 0.5306122448979591 13.0 1.8940921397898263 49 26.0
1280 0.0 0.5918367346938774 14.0 2.0505930783042046 49 29.0
1281 0.0 0.4693877551020409 13.0 1.894092139789827 49 23.0
1282 0.0 0.6326530612244898 14.0 2.0584569215699378 49 31.0
1283 0.0 0.5714285714285715 13.0 1.8929694486000916 49 28.0
1284 0.0 0.6326530612244898 14.0 2.0584569215699378 49 31.0
1285 0.0 0.5918367346938774 13.0 1.9139658581391799 49 29.0
1286 0.0 0.5510204081632654 14.0 2.0418662265375827 49 27.0
1287 0.0 0.5714285714285715 13.0 1.9148542155126766 49 28.0
1288 0.0 0.5918367346938774 14.0 2.03017207139094 49 29.0
1289 0.0 0.5102040816326531 13.0 1.9161859793566476 49 25.0
1290 0.0 0.6326530612244898 14.0 2.0483110680002974 49 31.0
1291 0.0 0.5510204081632654 13.0 1.926365581539884 49 27.0
1292 0.0 0.6122448979591836 14.0 2.049556115872128 49 30.0
1293 0.0 0.5510204081632654 13.0 1.9046130894247684 49 27.0
1294 0.0 0.5510204081632654 14.0 2.041866226537583 49 27.0
1295 0.0 0.5714285714285715 13.0 1.9039432764659774 49 28.0
1296 0.0 0.5918367346938774 14.0 2.050593078304204 49 29.0
1297 0.0 0.489795918367347 13.0 1.9052826669070204 49 24.0
1298 0.0 0.6326530612244898 15.0 2.186072177359625 49 31.0
