##bucket, min, mean, max, stddev, count, total
0 0.0 0.12244897959183673 2.0 0.3890508247230518 49 6.0
1 0.0 0.08163265306122446 2.0 0.34379831138556327 49 4.0
2 0.0 0.12244897959183673 1.0 0.331200660553418 49 6.0
3 0.0 0.14285714285714288 1.0 0.35355339059327356 49 7.0
4 0.0 0.08163265306122447 1.0 0.27664166758624387 49 4.0
5 0.0 0.14285714285714288 1.0 0.35355339059327356 49 7.0
6 0.0 0.18367346938775514 1.0 0.3912303982179759 49 9.0
7 0.0 0.24489795918367344 1.0 0.43448303787844433 49 12.0
8 0.0 0.24489795918367346 1.0 0.4344830378784444 49 12.0
9 0.0 0.20408163265306123 2.0 0.4555030111835471 49 10.0
10 0.0 0.22448979591836732 1.0 0.4215697907053755 49 11.0
11 0.0 0.326530612244898 2.0 0.5159035400004869 49 16.0
12 0.0 0.326530612244898 2.0 0.5159035400004869 49 16.0
13 0.0 0.326530612244898 2.0 0.5159035400004869 49 16.0
14 0.0 0.3673469387755102 2.0 0.5281207860194957 49 18.0
15 0.0 0.42857142857142855 2.0 0.540061724867322 49 21.0
16 0.0 0.3673469387755102 2.0 0.5281207860194957 49 18.0
17 0.0 0.42857142857142855 1.0 0.5000000000000002 49 21.0
18 0.0 0.34693877551020413 1.0 0.48092880658867043 49 17.0
19 0.0 0.4897959183673469 2.0 0.544764818507026 49 24.0
20 0.0 0.3673469387755102 2.0 0.5281207860194957 49 18.0
21 0.0 0.6122448979591836 1.0 0.49228745543179364 49 30.0
22 0.0 0.3673469387755102 2.0 0.5281207860194957 49 18.0
23 0.0 0.6122448979591837 1.0 0.4922874554317936 49 30.0
24 0.0 0.48979591836734687 2.0 0.5447648185070261 49 24.0
25 0.0 0.653061224489796 2.0 0.522454958511707 49 32.0
26 0.0 0.6326530612244898 3.0 0.6018678409411681 49 31.0
27 0.0 0.5714285714285715 2.0 0.5400617248673216 49 28.0
28 0.0 0.673469387755102 2.0 0.5159035400004869 49 33.0
29 0.0 0.6326530612244898 2.0 0.5281207860194957 49 31.0
30 0.0 0.6122448979591836 3.0 0.6060915267313263 49 30.0
31 0.0 0.7346938775510204 2.0 0.4905570899532504 49 36.0
32 0.0 0.7142857142857143 2.0 0.4999999999999998 49 35.0
33 0.0 0.7142857142857142 3.0 0.5773502691896254 49 35.0
34 0.0 0.8775510204081634 3.0 0.4844521416518046 49 43.0
35 0.0 0.7755102040816326 3.0 0.5502009527757783 49 38.0
36 0.0 0.9183673469387755 3.0 0.44892161035630507 49 45.0
37 0.0 0.7959183673469388 3.0 0.5392738882336248 49 39.0
38 0.0 0.9591836734693877 4.0 0.6757459974437323 49 47.0
39 0.0 0.8571428571428572 4.0 0.707106781186547 49 42.0
40 0.0 0.9795918367346937 4.0 0.6288148879163927 49 48.0
41 0.0 1.0 4.0 0.6454972243679028 49 49.0
42 0.0 0.9387755102040818 4.0 0.6585388898066348 49 46.0
43 0.0 1.0612244897959182 4.0 0.555583899503716 49 52.0
44 0.0 1.0612244897959182 5.0 0.6894491540747731 49 52.0
45 0.0 1.1020408163265305 4.0 0.5861206488138653 49 54.0
46 0.0 1.0816326530612246 4.0 0.5337264707490453 49 53.0
47 1.0 1.1020408163265305 4.0 0.510102030610204 49 54.0
48 1.0 1.163265306122449 4.0 0.5532833351724874 49 57.0
49 1.0 1.1020408163265305 4.0 0.510102030610204 49 54.0
50 1.0 1.183673469387755 3.0 0.4412798331631105 49 58.0
51 1.0 1.163265306122449 3.0 0.42558483170760664 49 57.0
52 1.0 1.183673469387755 4.0 0.5273151092940495 49 58.0
53 1.0 1.2244897959183674 4.0 0.5502009527757783 49 60.0
54 1.0 1.3265306122448979 3.0 0.5548181046538592 49 65.0
55 1.0 1.1428571428571428 3.0 0.4082482904638628 49 56.0
56 1.0 1.306122448979592 3.0 0.5084322977157767 49 64.0
57 1.0 1.3265306122448979 4.0 0.6254250255506522 49 65.0
58 1.0 1.3265306122448979 4.0 0.591176619901673 49 65.0
59 1.0 1.2653061224489797 4.0 0.6046869094857287 49 62.0
60 1.0 1.4081632653061225 4.0 0.6095889102139097 49 69.0
61 1.0 1.3673469387755102 4.0 0.6018678409411681 49 67.0
62 1.0 1.4081632653061225 4.0 0.6428571428571426 49 69.0
63 1.0 1.4897959183673468 5.0 0.7107053122190145 49 73.0
64 1.0 1.3877551020408163 4.0 0.6395417151696804 49 68.0
65 1.0 1.3673469387755102 4.0 0.6018678409411682 49 67.0
66 1.0 1.5714285714285714 4.0 0.6454972243679032 49 77.0
67 1.0 1.4081632653061225 4.0 0.6095889102139098 49 69.0
68 1.0 1.6326530612244898 5.0 0.7272630642524415 49 80.0
69 1.0 1.510204081632653 5.0 0.7107053122190146 49 74.0
70 1.0 1.6122448979591837 4.0 0.6395417151696804 49 79.0
71 1.0 1.530612244897959 5.0 0.7388628880563279 49 75.0
72 1.0 1.5918367346938775 4.0 0.6095889102139098 49 78.0
73 1.0 1.5918367346938775 4.0 0.6428571428571426 49 78.0
74 1.0 1.653061224489796 5.0 0.6937524897301648 49 81.0
75 1.0 1.693877551020408 5.0 0.7130942443748544 49 83.0
76 1.0 1.6734693877551021 5.0 0.7184402985530766 49 82.0
77 1.0 1.693877551020408 5.0 0.6832545167753212 49 83.0
78 1.0 1.7959183673469388 5.0 0.6763748910162758 49 88.0
79 1.0 1.693877551020408 5.0 0.6832545167753212 49 83.0
80 1.0 1.7346938775510203 5.0 0.7004614611121742 49 85.0
81 1.0 1.816326530612245 8.0 1.0542269953966894 49 89.0
82 1.0 2.020408163265306 8.0 0.923981329139632 49 99.0
83 1.0 1.9183673469387754 8.0 0.9965928350693503 49 94.0
84 1.0 1.857142857142857 8.0 1.0000000000000004 49 91.0
85 1.0 1.7551020408163267 5.0 0.7225709954996908 49 86.0
86 1.0 1.8571428571428572 5.0 0.6123724356957945 49 91.0
87 1.0 2.0 5.0 0.5773502691896257 49 98.0
88 1.0 2.0 5.0 0.5400617248673217 49 98.0
89 1.0 1.9387755102040818 5.0 0.5918953759360024 49 95.0
90 1.0 2.020408163265306 5.0 0.5200078492343227 49 99.0
91 1.0 2.0 5.0 0.5400617248673217 49 98.0
92 1.0 2.0 5.0 0.5 49 98.0
93 1.0 2.020408163265306 5.0 0.5200078492343227 49 99.0
94 1.0 2.061224489795918 5.0 0.47470004850897357 49 101.0
95 1.0 2.0816326530612246 5.0 0.49315036136209495 49 102.0
96 2.0 2.1020408163265305 5.0 0.4674798551445685 49 103.0
97 2.0 2.061224489795918 5.0 0.4285714285714287 49 101.0
98 2.0 2.2244897959183674 5.0 0.5502009527757783 49 109.0
99 2.0 2.142857142857143 5.0 0.5000000000000006 49 105.0
100 2.0 2.2857142857142856 6.0 0.6770032003863297 49 112.0
101 2.0 2.204081632653061 5.0 0.5766133827767776 49 108.0
102 2.0 2.306122448979592 5.0 0.6832545167753215 49 113.0
103 2.0 2.306122448979592 5.0 0.6832545167753215 49 113.0
104 2.0 2.3469387755102042 5.0 0.6937524897301645 49 115.0
105 2.0 2.306122448979592 5.0 0.6192765144590454 49 113.0
106 2.0 2.3469387755102042 5.0 0.6630428721735391 49 115.0
107 2.0 2.3469387755102042 5.0 0.6308400618805604 49 115.0
108 2.0 2.4081632653061225 5.0 0.6428571428571426 49 118.0
109 2.0 2.4489795918367347 5.0 0.7089083300456861 49 120.0
110 2.0 2.4693877551020407 5.0 0.6801360408136046 49 121.0
111 2.0 2.4693877551020407 5.0 0.7101068234288918 49 121.0
112 2.0 2.489795918367347 5.0 0.6494372236659935 49 122.0
113 2.0 2.489795918367347 5.0 0.7107053122190146 49 122.0
114 2.0 2.6530612244897958 5.0 0.6937524897301651 49 130.0
115 2.0 4.612244897959183 109.0 15.236765194930392 49 226.0
116 2.0 2.63265306122449 5.0 0.7272630642524414 49 129.0
117 2.0 2.4489795918367347 5.0 0.647470220994626 49 120.0
118 2.0 2.693877551020408 6.0 0.7417344996878673 49 132.0
119 2.0 2.489795918367347 5.0 0.6494372236659935 49 122.0
120 2.0 2.857142857142857 5.0 0.5773502691896258 49 140.0
121 2.0 2.5510204081632653 6.0 0.7377111135633179 49 125.0
122 2.0 2.63265306122449 5.0 0.6675164651845803 49 129.0
123 2.0 2.9183673469387754 5.0 0.49315036136209495 49 143.0
124 2.0 2.6530612244897958 5.0 0.6308400618805605 49 130.0
125 2.0 2.6530612244897958 5.0 0.6630428721735392 49 130.0
126 2.0 2.877551020408163 5.0 0.5639390134441437 49 141.0
127 2.0 2.7346938775510203 5.0 0.6046869094857287 49 134.0
128 2.0 2.7551020408163263 5.0 0.5961897155023292 49 135.0
129 2.0 2.795918367346939 5.0 0.5766133827767776 49 137.0
130 2.0 2.877551020408163 5.0 0.5257000515671338 49 141.0
131 2.0 2.9591836734693877 5.0 0.4982964175346751 49 145.0
132 2.0 2.795918367346939 5.0 0.5766133827767776 49 137.0
133 2.0 2.9183673469387754 5.0 0.5337264707490453 49 143.0
134 2.0 2.9183673469387754 5.0 0.5337264707490453 49 143.0
135 2.0 2.9183673469387754 5.0 0.49315036136209495 49 143.0
136 2.0 2.979591836734694 5.0 0.5200078492343227 49 146.0
137 2.0 3.0408163265306123 5.0 0.4061600502198091 49 149.0
138 2.0 3.0408163265306123 5.0 0.4545686450484949 49 149.0
139 2.0 2.979591836734694 4.0 0.3220892680587782 49 146.0
140 2.0 3.020408163265306 4.0 0.24914820876733754 49 148.0
141 2.0 3.061224489795918 5.0 0.4285714285714287 49 150.0
142 3.0 3.0816326530612246 4.0 0.2766416675862442 49 151.0
143 3.0 3.0816326530612246 5.0 0.34379831138556344 49 151.0
144 3.0 3.2448979591836733 5.0 0.5216405309573013 49 159.0
145 3.0 3.0816326530612246 4.0 0.2766416675862442 49 151.0
146 3.0 3.2448979591836733 5.0 0.4800439322299036 49 159.0
147 3.0 3.204081632653061 5.0 0.4555030111835472 49 157.0
148 3.0 3.2244897959183674 5.0 0.4683884660215714 49 158.0
149 3.0 3.142857142857143 4.0 0.3535533905932737 49 154.0
150 3.0 3.3469387755102042 5.0 0.5224549585117072 49 164.0
151 3.0 3.3877551020408165 5.0 0.5329292687047472 49 166.0
152 3.0 3.2857142857142856 5.0 0.4999999999999996 49 161.0
153 3.0 3.306122448979592 5.0 0.5478777856668501 49 162.0
154 3.0 3.510204081632653 6.0 0.6494372236659933 49 172.0
155 3.0 3.4285714285714284 5.0 0.5773502691896256 49 168.0
156 3.0 3.4693877551020407 5.0 0.5810206829482111 49 170.0
157 3.0 3.4081632653061225 5.0 0.5369034420847468 49 167.0
158 3.0 3.489795918367347 5.0 0.5817519868033629 49 171.0
159 3.0 3.5714285714285716 5.0 0.5773502691896257 49 175.0
160 3.0 3.4081632653061225 5.0 0.5743970515149914 49 167.0
161 3.0 3.63265306122449 5.0 0.5281207860194957 49 178.0
162 3.0 3.3877551020408165 5.0 0.5329292687047472 49 166.0
163 3.0 3.673469387755102 5.0 0.5548181046538592 49 180.0
164 3.0 3.5306122448979593 5.0 0.5810206829482111 49 173.0
165 3.0 3.63265306122449 5.0 0.6018678409411683 49 178.0
166 3.0 3.795918367346939 5.0 0.5392738882336248 49 186.0
167 3.0 5.16326530612245 84.0 11.516920412259212 49 253.0
168 3.0 3.795918367346939 5.0 0.5392738882336248 49 186.0
169 3.0 5.632653061224492 95.0 13.042708495475887 49 276.0
170 3.0 3.693877551020408 5.0 0.5846680551337465 49 181.0
171 3.0 3.7346938775510203 6.0 0.7004614611121741 49 183.0
172 3.0 3.8979591836734695 6.0 0.5494276552006825 49 191.0
173 3.0 3.8979591836734695 5.0 0.46747985514456847 49 191.0
174 3.0 3.8979591836734695 6.0 0.6206481141779557 49 191.0
175 3.0 3.836734693877551 6.0 0.5897364798333736 49 188.0
176 3.0 3.8979591836734695 6.0 0.5494276552006825 49 191.0
177 3.0 5.0 60.0 8.036375634160796 49 245.0
178 3.0 4.040816326530612 6.0 0.5758755534498965 49 198.0
179 3.0 4.061224489795919 6.0 0.5167270098621597 49 199.0
180 3.0 4.061224489795919 6.0 0.47470004850897357 49 199.0
181 3.0 4.061224489795919 6.0 0.555583899503716 49 199.0
182 3.0 4.122448979591836 7.0 0.5997448437052382 49 202.0
183 3.0 4.142857142857143 6.0 0.6123724356957942 49 203.0
184 3.0 4.204081632653061 6.0 0.5766133827767776 49 206.0
185 4.0 4.224489795918367 7.0 0.6213327786047567 49 207.0
186 4.0 4.204081632653061 6.0 0.5392738882336248 49 206.0
187 4.0 4.183673469387755 6.0 0.5273151092940497 49 205.0
188 4.0 4.346938775510204 7.0 0.6308400618805604 49 213.0
189 4.0 4.183673469387755 6.0 0.5273151092940497 49 205.0
190 4.0 4.326530612244898 7.0 0.6578929466499094 49 212.0
191 4.0 4.36734693877551 7.0 0.6675164651845802 49 214.0
192 4.0 4.408163265306122 7.0 0.7336656637205045 49 216.0
193 4.0 4.326530612244898 7.0 0.6578929466499094 49 212.0
194 4.0 4.489795918367347 7.0 0.7394381025366448 49 220.0
195 4.0 4.571428571428571 11.0 1.1180339887498942 49 224.0
196 4.0 4.489795918367347 6.0 0.6165241607725737 49 220.0
197 4.0 4.469387755102041 7.0 0.6801360408136046 49 219.0
198 4.0 4.510204081632653 7.0 0.6494372236659931 49 221.0
199 4.0 4.408163265306122 6.0 0.60958891021391 49 216.0
200 4.0 4.469387755102041 6.0 0.6158341503036935 49 219.0
201 4.0 5.877551020408164 70.0 9.375572544875203 49 288.0
202 4.0 4.6938775510204085 6.0 0.5846680551337463 49 230.0
203 4.0 5.979591836734694 76.0 10.233706146680126 49 293.0
204 4.0 4.6938775510204085 7.0 0.7130942443748545 49 230.0
205 4.0 4.673469387755102 7.0 0.7184402985530766 49 229.0
206 4.0 4.795918367346939 7.0 0.676374891016276 49 235.0
207 4.0 4.6938775510204085 7.0 0.6520506636966267 49 230.0
208 4.0 4.755102040816326 6.0 0.5216405309573011 49 233.0
209 4.0 4.714285714285714 7.0 0.7071067811865472 49 231.0
210 4.0 4.836734693877551 7.0 0.6875966227711269 49 237.0
211 4.0 4.857142857142857 7.0 0.577350269189626 49 238.0
212 4.0 4.877551020408164 7.0 0.5639390134441435 49 239.0
213 4.0 4.8979591836734695 7.0 0.6206481141779561 49 240.0
214 4.0 5.020408163265306 7.0 0.5947617141331807 49 246.0
215 4.0 4.836734693877551 7.0 0.7172557300662895 49 237.0
216 4.0 4.938775510204081 7.0 0.6894491540747739 49 242.0
217 4.0 5.020408163265306 8.0 0.6919114803200183 49 246.0
218 4.0 5.081632653061225 7.0 0.5714285714285716 49 249.0
219 4.0 5.081632653061225 8.0 0.6402061742737503 49 249.0
220 4.0 5.183673469387755 8.0 0.6974199293274668 49 254.0
221 4.0 5.142857142857143 8.0 0.5773502691896263 49 252.0
222 4.0 5.142857142857143 7.0 0.5 49 252.0
223 4.0 5.163265306122449 8.0 0.6565991539589376 49 253.0
224 4.0 5.183673469387755 8.0 0.6011610082358374 49 254.0
225 5.0 5.224489795918367 8.0 0.6540038902295415 49 256.0
226 5.0 5.387755102040816 8.0 0.6395417151696807 49 264.0
227 5.0 5.204081632653061 8.0 0.5766133827767778 49 255.0
228 5.0 6.591836734693878 64.0 8.40118634317732 49 323.0
229 5.0 6.775510204081632 81.0 10.836407203886145 49 332.0
230 5.0 5.489795918367347 8.0 0.6494372236659931 49 269.0
231 5.0 7.224489795918367 94.0 12.670940023867027 49 354.0
232 5.0 5.489795918367347 9.0 0.8196149751456432 49 269.0
233 5.0 5.469387755102041 8.0 0.7932538689979847 49 268.0
234 5.0 5.530612244897959 8.0 0.7388628880563284 49 271.0
235 5.0 5.489795918367347 8.0 0.6807608788331332 49 269.0
236 5.0 5.510204081632653 8.0 0.7937896703890308 49 270.0
237 5.0 5.6938775510204085 8.0 0.6520506636966266 49 279.0
238 5.0 5.489795918367347 8.0 0.6807608788331332 49 269.0
239 5.0 5.73469387755102 8.0 0.6382107216038196 49 281.0
240 5.0 5.653061224489796 9.0 0.8049591192560462 49 277.0
241 5.0 5.63265306122449 8.0 0.6675164651845804 49 276.0
242 5.0 5.795918367346939 8.0 0.7065052440456093 49 284.0
243 5.0 5.755102040816326 8.0 0.6301657270412402 49 282.0
244 5.0 5.73469387755102 8.0 0.6700593942604901 49 281.0
245 5.0 5.775510204081633 8.0 0.6540038902295413 49 283.0
246 5.0 5.877551020408164 8.0 0.6335302236023844 49 288.0
247 5.0 5.816326530612245 9.0 0.6974199293274671 49 285.0
248 5.0 5.959183673469388 9.0 0.6757459974437322 49 292.0
249 5.0 5.857142857142857 8.0 0.67700320038633 49 287.0
250 5.0 6.020408163265306 8.0 0.6288148879163931 49 295.0
251 5.0 7.3061224489795915 67.0 8.734996855639231 49 358.0
252 5.0 7.2653061224489806 66.0 8.58723740550495 49 356.0
253 5.0 7.53061224489796 76.0 10.016865030238431 49 369.0
254 5.0 6.204081632653061 10.0 0.7354021529276431 49 304.0
255 5.0 6.163265306122449 9.0 0.7172557300662894 49 302.0
256 5.0 7.775510204081633 89.0 11.864276396888643 49 381.0
257 5.0 6.204081632653061 9.0 0.6116777418411966 49 304.0
258 6.0 6.428571428571429 10.0 0.7905694150420952 49 315.0
259 5.0 6.163265306122449 9.0 0.6565991539589375 49 302.0
260 5.0 6.285714285714286 10.0 0.7905694150420944 49 308.0
261 6.0 6.3061224489795915 9.0 0.7130942443748545 49 309.0
262 6.0 6.428571428571429 9.0 0.7905694150420952 49 315.0
263 6.0 6.408163265306122 9.0 0.7336656637205049 49 314.0
264 6.0 6.510204081632653 10.0 0.7670954139803337 49 319.0
265 6.0 6.448979591836735 10.0 0.8674969858207943 49 316.0
266 6.0 6.530612244897959 10.0 0.7665409539050116 49 320.0
267 6.0 6.489795918367347 10.0 0.767095413980334 49 318.0
268 6.0 6.6938775510204085 10.0 0.9175166127617956 49 328.0
269 6.0 6.510204081632653 9.0 0.7107053122190141 49 319.0
270 6.0 6.63265306122449 10.0 0.7272630642524414 49 325.0
271 6.0 6.673469387755102 10.0 0.7742672638813856 49 327.0
272 6.0 6.673469387755102 10.0 0.7742672638813856 49 327.0
273 6.0 6.63265306122449 10.0 0.7272630642524412 49 325.0
274 6.0 6.836734693877551 10.0 0.8253014291636677 49 335.0
275 6.0 6.836734693877551 10.0 0.6875966227711264 49 335.0
276 6.0 6.857142857142857 10.0 0.7359800721939871 49 336.0
277 6.0 6.857142857142857 10.0 0.8660254037844386 49 336.0
278 6.0 6.877551020408164 10.0 0.665602892785446 49 337.0
279 6.0 6.938775510204081 10.0 0.6585388898066344 49 340.0
280 6.0 6.918367346938775 10.0 0.7022800573215536 49 339.0
281 6.0 6.8979591836734695 10.0 0.8227215496748091 49 338.0
282 6.0 7.1020408163265305 10.0 0.6844979291173833 49 348.0
283 6.0 7.081632653061225 11.0 0.7022800573215537 49 347.0
284 6.0 7.163265306122449 11.0 0.8501700510170064 49 351.0
285 6.0 7.061224489795919 10.0 0.689449154074774 49 346.0
286 6.0 7.224489795918367 11.0 0.8232381723628796 49 354.0
287 6.0 7.224489795918367 11.0 0.7709654694615323 49 354.0
288 7.0 7.183673469387755 11.0 0.7266782124777069 49 352.0
289 7.0 8.571428571428573 70.0 8.983781683307614 49 420.0
290 7.0 7.551020408163265 12.0 1.0420577497151948 49 370.0
291 7.0 8.734693877551019 72.0 9.273114161839233 49 428.0
292 7.0 7.469387755102041 11.0 0.9151967187515512 49 366.0
293 7.0 7.489795918367347 11.0 0.9381375383259787 49 367.0
294 7.0 8.877551020408163 73.0 9.391114268865243 49 435.0
295 7.0 7.612244897959184 11.0 0.8854454277041451 49 373.0
296 7.0 7.612244897959184 11.0 0.8370664681546166 49 373.0
297 7.0 7.489795918367347 10.0 0.7670954139803341 49 367.0
298 7.0 7.673469387755102 11.0 0.7468755781599105 49 376.0
299 7.0 7.653061224489796 11.0 0.7231591689755924 49 375.0
300 7.0 7.673469387755102 11.0 0.7742672638813856 49 376.0
301 7.0 7.63265306122449 12.0 0.8340133280065236 49 374.0
302 7.0 7.795918367346939 11.0 0.7354021529276431 49 382.0
303 7.0 9.081632653061225 68.0 8.628530037743676 49 445.0
304 7.0 7.938775510204081 11.0 0.7474446263020121 49 389.0
305 7.0 7.836734693877551 12.0 0.8253014291636677 49 384.0
306 7.0 8.061224489795919 11.0 0.8757892456071201 49 395.0
307 7.0 7.959183673469388 12.0 0.7894930776947263 49 390.0
308 7.0 7.959183673469388 12.0 0.865042958313569 49 390.0
309 7.0 8.040816326530612 11.0 0.6757459974437322 49 394.0
310 7.0 8.142857142857142 12.0 0.7905694150420949 49 399.0
311 7.0 8.224489795918368 12.0 0.9189057378763295 49 403.0
312 7.0 8.204081632653061 11.0 0.6448382173309927 49 402.0
313 7.0 10.591836734693876 71.0 11.717007523515647 49 519.0
314 7.0 8.448979591836734 13.0 1.0420577497151953 49 414.0
315 7.0 8.285714285714286 12.0 0.9354143466934854 49 406.0
316 7.0 8.408163265306122 12.0 0.9335944726998877 49 412.0
317 7.0 8.408163265306122 12.0 0.9335944726998878 49 412.0
318 8.0 8.408163265306122 12.0 0.8396022705954976 49 412.0
319 8.0 8.408163265306122 12.0 0.8396022705954975 49 412.0
320 7.0 8.448979591836734 12.0 0.8180572639337849 49 414.0
321 8.0 8.46938775510204 12.0 0.7932538689979848 49 415.0
322 8.0 8.714285714285714 12.0 0.841625411530173 49 427.0
323 8.0 8.428571428571429 12.0 0.7637626158259736 49 413.0
324 8.0 9.857142857142858 69.0 8.65784807751518 49 483.0
325 8.0 8.510204081632653 12.0 0.8196149751456433 49 417.0
326 8.0 8.816326530612244 13.0 0.8820777882306056 49 432.0
327 8.0 8.571428571428571 12.0 0.7359800721939873 49 420.0
328 8.0 8.775510204081632 13.0 0.8481672919312799 49 430.0
329 8.0 8.693877551020408 12.0 0.7693092581620723 49 426.0
330 8.0 8.83673469387755 12.0 0.7172557300662893 49 433.0
331 8.0 8.755102040816327 13.0 0.8786972422498066 49 429.0
332 8.0 8.857142857142858 13.0 0.8164965809277259 49 434.0
333 8.0 8.877551020408163 12.0 0.665602892785446 49 435.0
334 8.0 8.959183673469388 13.0 0.7348237791433794 49 439.0
335 8.0 8.918367346938776 13.0 0.8375742428256127 49 437.0
336 8.0 8.979591836734693 13.0 0.7213932098830058 49 440.0
337 8.0 8.938775510204081 12.0 0.6261044663002236 49 438.0
338 8.0 9.306122448979592 13.0 0.8466621136521211 49 456.0
339 8.0 9.16326530612245 13.0 0.6875966227711264 49 449.0
340 8.0 9.10204081632653 13.0 0.770413794636354 49 446.0
341 8.0 9.122448979591837 14.0 0.8571428571428573 49 447.0
342 8.0 9.285714285714286 13.0 0.7359800721939869 49 455.0
343 9.0 9.183673469387756 12.0 0.56544486128752 49 450.0
344 9.0 9.26530612244898 12.0 0.6700593942604903 49 454.0
345 9.0 9.387755102040817 13.0 0.730762345391562 49 460.0
346 9.0 9.489795918367347 13.0 0.7937896703890313 49 465.0
347 9.0 9.306122448979592 13.0 0.7130942443748545 49 456.0
348 9.0 9.551020408163266 13.0 0.7377111135633178 49 468.0
349 9.0 9.387755102040817 13.0 0.730762345391562 49 460.0
350 9.0 9.693877551020408 14.0 0.8709210075319943 49 475.0
351 9.0 9.387755102040817 13.0 0.730762345391562 49 460.0
352 9.0 9.63265306122449 14.0 0.8825596663262206 49 472.0
353 9.0 9.551020408163266 13.0 0.8674969858207942 49 468.0
354 9.0 9.857142857142858 14.0 0.8660254037844389 49 483.0
355 9.0 9.714285714285714 13.0 0.7637626158259732 49 476.0
356 9.0 9.714285714285714 13.0 0.7905694150420947 49 476.0
357 9.0 9.73469387755102 14.0 0.8107483735229248 49 477.0
358 9.0 9.816326530612244 14.0 0.8081220356417684 49 481.0
359 9.0 9.755102040816327 13.0 0.6931393632385539 49 478.0
360 9.0 9.816326530612244 13.0 0.6668792178171864 49 481.0
361 9.0 10.0 14.0 0.7359800721939872 49 490.0
362 9.0 10.122448979591837 14.0 0.7255070945329807 49 496.0
363 9.0 9.918367346938776 14.0 0.7592961294810465 49 486.0
364 9.0 10.020408163265307 14.0 0.8033729913715711 49 491.0
365 9.0 10.061224489795919 14.0 0.7190318509781664 49 493.0
366 9.0 10.204081632653061 14.0 0.8411200825074147 49 500.0
367 9.0 11.367346938775508 69.0 8.442683907657912 49 557.0
368 9.0 10.306122448979592 15.0 0.9175166127617946 49 505.0
369 9.0 10.26530612244898 14.0 0.8844845533812715 49 503.0
370 10.0 10.551020408163266 14.0 0.9142671129060129 49 517.0
371 9.0 10.346938775510203 14.0 0.7514158970504521 49 507.0
372 10.0 10.36734693877551 14.0 0.7272630642524414 49 508.0
373 10.0 10.408163265306122 15.0 0.8878430639040037 49 510.0
374 10.0 10.489795918367347 14.0 0.7937896703890313 49 514.0
375 10.0 12.591836734693874 116.0 15.098176445279401 49 617.0
376 10.0 10.46938775510204 15.0 0.8190960672271221 49 513.0
377 10.0 10.387755102040817 14.0 0.7016743822995891 49 509.0
378 10.0 10.612244897959183 15.0 0.8370664681546163 49 520.0
379 10.0 10.551020408163266 14.0 0.7089083300456862 49 517.0
380 10.0 10.63265306122449 15.0 0.8086479856067477 49 521.0
381 10.0 10.571428571428571 15.0 0.8416254115301732 49 518.0
382 10.0 10.73469387755102 14.0 0.7004614611121739 49 526.0
383 10.0 10.795918367346939 15.0 0.7900314296684317 49 529.0
384 10.0 10.73469387755102 14.0 0.6700593942604901 49 526.0
385 10.0 10.73469387755102 14.0 0.7004614611121739 49 526.0
386 10.0 12.489795918367346 82.0 10.163501793549464 49 612.0
387 10.0 10.938775510204081 15.0 0.6894491540747738 49 536.0
388 10.0 11.0 15.0 0.7637626158259734 49 539.0
389 10.0 10.83673469387755 15.0 0.7731682324347391 49 531.0
390 10.0 12.0 63.0 7.472170590486631 49 588.0
391 10.0 11.877551020408163 53.0 6.04025611026147 49 582.0
392 10.0 11.061224489795919 15.0 0.7190318509781662 49 542.0
393 10.0 11.040816326530612 15.0 0.7059031943035046 49 541.0
394 10.0 11.224489795918368 15.0 0.7434521426664759 49 550.0
395 10.0 11.10204081632653 15.0 0.6206481141779556 49 544.0
396 10.0 11.204081632653061 15.0 0.7065052440456093 49 549.0
397 10.0 11.142857142857142 15.0 0.6454972243679026 49 546.0
398 11.0 11.346938775510203 15.0 0.6937524897301649 49 556.0
399 11.0 11.224489795918368 16.0 0.7709654694615322 49 550.0
400 11.0 11.306122448979592 16.0 0.7959292690688945 49 554.0
401 11.0 11.26530612244898 15.0 0.6700593942604901 49 552.0
402 11.0 11.612244897959183 15.0 0.9086695065362561 49 569.0
403 11.0 11.428571428571429 16.0 0.816496580927726 49 560.0
404 11.0 11.408163265306122 16.0 0.8144110179279554 49 559.0
405 11.0 11.408163265306122 15.0 0.7046975517594636 49 559.0
406 11.0 11.63265306122449 16.0 0.8086479856067477 49 570.0
407 11.0 11.489795918367347 15.0 0.7107053122190143 49 563.0
408 11.0 11.653061224489797 16.0 0.8049591192560459 49 571.0
409 11.0 11.63265306122449 16.0 0.8086479856067477 49 570.0
410 11.0 11.795918367346939 16.0 0.7900314296684317 49 578.0
411 11.0 11.591836734693878 15.0 0.7336656637205047 49 568.0
412 11.0 11.816326530612244 16.0 0.7819172320796677 49 579.0
413 11.0 11.693877551020408 16.0 0.7959292690688945 49 573.0
414 11.0 11.83673469387755 16.0 0.7996597916069843 49 580.0
415 11.0 12.755102040816327 58.0 6.641192827863882 49 625.0
416 11.0 14.653061224489798 149.0 19.61031937145187 49 718.0
417 11.0 11.918367346938776 16.0 0.7862552250456367 49 584.0
418 11.0 12.061224489795919 16.0 0.8516690296438061 49 591.0
419 11.0 11.83673469387755 17.0 0.920754644650929 49 580.0
420 11.0 11.857142857142858 16.0 0.763762615825973 49 581.0
421 11.0 11.979591836734693 16.0 0.6919114803200188 49 587.0
422 11.0 12.142857142857142 16.0 0.7637626158259733 49 595.0
423 11.0 12.061224489795919 17.0 0.8516690296438062 49 591.0
424 11.0 12.183673469387756 16.0 0.6974199293274669 49 597.0
425 11.0 12.10204081632653 16.0 0.6533534635243922 49 593.0
426 12.0 12.26530612244898 16.0 0.6700593942604901 49 601.0
427 12.0 12.224489795918368 16.0 0.6540038902295414 49 599.0
428 12.0 12.285714285714286 17.0 0.7905694150420945 49 602.0
429 12.0 13.775510204081632 88.0 10.844094602828866 49 675.0
430 11.0 12.448979591836734 17.0 1.0618620533798933 49 610.0
431 12.0 12.428571428571429 17.0 0.9574271077563381 49 609.0
432 12.0 12.408163265306122 17.0 0.8878430639040036 49 608.0
433 12.0 12.408163265306122 16.0 0.7884152709427831 49 608.0
434 12.0 12.795918367346939 17.0 1.040424429354328 49 627.0
435 12.0 12.448979591836734 17.0 0.8180572639337849 49 610.0
436 12.0 12.53061224489796 17.0 0.8190960672271221 49 614.0
437 12.0 13.653061224489797 71.0 8.392831813538276 49 669.0
438 12.0 12.673469387755102 16.0 0.6888321972137824 49 621.0
439 12.0 12.46938775510204 17.0 0.8190960672271221 49 611.0
440 12.0 12.612244897959183 16.0 0.7016743822995891 49 618.0
441 12.0 12.673469387755102 17.0 0.8511696634152136 49 621.0
442 12.0 12.816326530612244 17.0 0.7819172320796677 49 628.0
443 12.0 12.693877551020408 17.0 0.7959292690688945 49 622.0
444 12.0 12.693877551020408 17.0 0.7959292690688945 49 622.0
445 12.0 12.673469387755102 17.0 0.8263311256703942 49 621.0
446 12.0 12.83673469387755 17.0 0.7996597916069843 49 629.0
447 12.0 12.816326530612244 17.0 0.8581343471876243 49 628.0
448 12.0 12.918367346938776 17.0 0.7862552250456368 49 633.0
449 12.0 12.959183673469388 18.0 0.865042958313569 49 635.0
450 12.0 13.16326530612245 18.0 0.9207546446509292 49 645.0
451 12.0 12.979591836734693 18.0 0.8536635734284554 49 636.0
452 12.0 13.040816326530612 18.0 0.8154544661687481 49 639.0
453 12.0 13.0 17.0 0.67700320038633 49 637.0
454 12.0 13.204081632653061 18.0 0.8159756899139905 49 647.0
455 12.0 14.244897959183673 72.0 8.469382632569552 49 698.0
456 12.0 13.10204081632653 18.0 0.8476658628056143 49 642.0
457 12.0 13.122448979591837 17.0 0.6961995960577833 49 643.0
458 12.0 13.244897959183673 18.0 0.804430757453626 49 649.0
459 12.0 13.224489795918368 18.0 0.8232381723628799 49 648.0
460 13.0 13.36734693877551 18.0 0.8086479856067477 49 655.0
461 13.0 13.204081632653061 18.0 0.7632057345154578 49 647.0
462 13.0 13.428571428571429 19.0 0.9354143466934851 49 658.0
463 13.0 13.326530612244898 18.0 0.8007224628952493 49 653.0
464 13.0 13.816326530612244 35.0 3.1929183971965958 49 677.0
465 12.0 13.428571428571429 18.0 1.0606601717798214 49 658.0
466 13.0 16.26530612244898 76.0 11.50683765963395 49 797.0
467 12.0 13.428571428571429 18.0 0.978945010372561 49 658.0
468 12.0 13.673469387755102 18.0 0.8987898137227089 49 670.0
469 12.0 13.387755102040817 19.0 0.9534220500083772 49 656.0
470 12.0 13.673469387755102 18.0 0.8263311256703942 49 670.0
471 12.0 13.510204081632653 18.0 0.8446510369079409 49 662.0
472 12.0 13.673469387755102 18.0 0.8263311256703941 49 670.0
473 12.0 13.53061224489796 18.0 0.8441475191064685 49 663.0
474 12.0 13.775510204081632 19.0 0.9413046381319429 49 675.0
475 12.0 13.63265306122449 19.0 0.9507426384810191 49 668.0
476 13.0 13.714285714285714 18.0 0.7905694150420944 49 672.0
477 12.0 13.73469387755102 18.0 0.8107483735229251 49 673.0
478 12.0 13.795918367346939 19.0 0.9569829290695904 49 676.0
479 12.0 13.816326530612244 19.0 0.9281134401694279 49 677.0
480 12.0 13.816326530612244 19.0 0.928113440169428 49 677.0
481 12.0 13.83673469387755 19.0 0.9431096343018266 49 678.0
482 13.0 14.10204081632653 19.0 0.9841429850209709 49 691.0
483 12.0 13.979591836734693 19.0 0.9011519460845508 49 685.0
484 13.0 13.979591836734693 19.0 0.8033729913715713 49 685.0
485 12.0 13.979591836734693 19.0 0.9011519460845508 49 685.0
486 13.0 14.142857142857142 19.0 0.8416254115301736 49 693.0
487 12.0 14.0 19.0 0.8897565210026093 49 686.0
488 13.0 14.10204081632653 19.0 0.8476658628056145 49 691.0
489 12.0 14.081632653061224 19.0 0.8620889042967464 49 690.0
490 13.0 15.591836734693878 79.0 9.284661112436417 49 764.0
491 14.0 14.285714285714286 20.0 0.9128709291752772 49 700.0
492 14.0 15.36734693877551 67.0 7.571035479463332 49 753.0
493 13.0 14.183673469387756 20.0 0.9053882543729311 49 695.0
494 13.0 14.489795918367347 19.0 0.8689660757568883 49 710.0
495 13.0 14.306122448979592 20.0 0.9399486163405656 49 701.0
496 13.0 14.489795918367347 20.0 0.960087864459807 49 710.0
497 13.0 14.183673469387756 19.0 0.7819172320796677 49 695.0
498 13.0 14.775510204081632 20.0 1.1594773629105661 49 724.0
499 13.0 14.36734693877551 20.0 0.9507426384810191 49 704.0
500 13.0 14.63265306122449 20.0 1.2364916354855982 49 717.0
501 13.0 17.10204081632653 133.0 17.06878839915025 49 838.0
502 13.0 14.857142857142858 28.0 2.140872096444188 49 728.0
503 13.0 14.775510204081632 26.0 1.906844100016756 49 724.0
504 13.0 14.857142857142858 24.0 1.6329931618554518 49 728.0
505 13.0 14.714285714285714 24.0 1.6583123951776997 49 721.0
506 13.0 14.938775510204081 21.0 1.3135220348568277 49 732.0
507 13.0 14.73469387755102 20.0 1.2209202506729913 49 722.0
508 13.0 14.83673469387755 21.0 1.296581061476525 49 727.0
509 13.0 14.83673469387755 20.0 1.1244802276220447 49 727.0
510 13.0 14.959183673469388 20.0 1.1895234282663607 49 733.0
511 13.0 16.653061224489797 103.0 12.648371140862636 49 816.0
512 14.0 15.10204081632653 20.0 1.1225881175358363 49 740.0
513 13.0 15.040816326530612 20.0 1.135766695406481 49 737.0
514 13.0 15.326530612244898 20.0 1.1616754262350433 49 751.0
515 13.0 15.10204081632653 21.0 1.2623539182677674 49 740.0
516 13.0 15.040816326530612 20.0 1.135766695406481 49 737.0
517 14.0 15.10204081632653 21.0 1.2289036095775174 49 740.0
518 13.0 15.204081632653061 20.0 1.1361409800419195 49 745.0
519 14.0 15.204081632653061 21.0 1.1898808034969768 49 745.0
520 14.0 15.306122448979592 21.0 1.1402500024236841 49 750.0
521 13.0 15.244897959183673 20.0 1.109252981456777 49 747.0
522 13.0 16.285714285714285 55.0 5.769893124371254 49 798.0
523 14.0 15.26530612244898 21.0 1.1506431209705006 49 748.0
524 14.0 15.448979591836734 21.0 1.1558046347638067 49 757.0
525 13.0 15.428571428571429 21.0 1.2747548783981961 49 756.0
526 14.0 16.836734693877553 79.0 9.138624392232831 49 825.0
527 14.0 15.346938775510203 20.0 1.0714285714285712 49 752.0
528 14.0 15.53061224489796 21.0 1.2599940611025147 49 761.0
529 14.0 15.53061224489796 21.0 1.2093738189714571 49 761.0
530 14.0 15.877551020408163 21.0 1.4235029133154893 49 778.0
531 14.0 15.591836734693878 21.0 1.256953448934811 49 764.0
532 14.0 15.551020408163266 22.0 1.2757550785351255 49 762.0
533 14.0 15.714285714285714 21.0 1.2416387021459445 49 770.0
534 14.0 15.755102040816327 21.0 1.2337377531458682 49 772.0
535 14.0 15.693877551020408 22.0 1.2616801237611208 49 769.0
536 14.0 15.857142857142858 21.0 1.1547005383792517 49 777.0
537 14.0 15.693877551020408 21.0 1.1583767671590615 49 769.0
538 14.0 16.020408163265305 22.0 1.266389156854495 49 785.0
539 14.0 15.83673469387755 22.0 1.2965810614765252 49 776.0
540 14.0 15.857142857142858 21.0 1.190238071423808 49 777.0
541 14.0 15.89795918367347 21.0 1.3109299809547366 49 779.0
542 14.0 16.122448979591837 22.0 1.3011637909519123 49 790.0
543 14.0 15.979591836734693 21.0 1.249829920401961 49 783.0
544 14.0 16.102040816326532 22.0 1.3577692789888811 49 789.0
545 15.0 16.163265306122447 22.0 1.2474463711837849 49 792.0
546 14.0 16.346938775510203 22.0 1.4075839289388046 49 801.0
547 14.0 16.163265306122447 22.0 1.312550614508355 49 792.0
548 15.0 16.26530612244898 22.0 1.2545834335893058 49 797.0
549 15.0 16.20408163265306 22.0 1.2579678029255272 49 794.0
550 14.0 16.285714285714285 22.0 1.258305739211792 49 798.0
551 14.0 18.877551020408163 139.0 17.5720334777799 49 925.0
552 15.0 16.346938775510203 22.0 1.2998560883190629 49 801.0
553 15.0 16.306122448979593 23.0 1.357142857142856 49 799.0
554 14.0 16.489795918367346 22.0 1.2268260026655475 49 808.0
555 14.0 16.306122448979593 22.0 1.1938048701639683 49 799.0
556 15.0 18.346938775510203 118.0 14.562438870269649 49 899.0
557 14.0 16.367346938775512 21.0 1.0934250003052417 49 802.0
558 15.0 16.571428571428573 21.0 1.0801234497346435 49 812.0
559 14.0 16.3265306122449 21.0 1.106566670344977 49 800.0
560 15.0 16.489795918367346 22.0 1.292968950703378 49 808.0
561 14.0 17.551020408163264 63.0 6.757900390437463 49 860.0
562 16.0 18.040816326530614 69.0 7.566260590260417 49 884.0
563 15.0 16.693877551020407 22.0 1.2780858348955055 49 818.0
564 15.0 16.816326530612244 22.0 1.3018171496629096 49 824.0
565 15.0 16.591836734693878 22.0 1.2062056096657472 49 813.0
566 16.0 16.857142857142858 23.0 1.3228756555322958 49 826.0
567 15.0 16.73469387755102 22.0 1.271080744289441 49 820.0
568 15.0 16.79591836734694 23.0 1.3689958582347668 49 823.0
569 15.0 16.959183673469386 22.0 1.3686852522504553 49 831.0
570 15.0 17.102040816326532 22.0 1.2787509849977257 49 838.0
571 15.0 16.836734693877553 23.0 1.359334070656018 49 825.0
572 16.0 16.959183673469386 22.0 1.206910374908272 49 831.0
573 15.0 17.20408163265306 23.0 1.2744213039116796 49 843.0
574 15.0 17.122448979591837 23.0 1.3939251094963288 49 839.0
575 16.0 17.122448979591837 22.0 1.2184801506594265 49 839.0
576 15.0 17.163265306122447 23.0 1.4193152512084575 49 841.0
577 15.0 17.102040816326532 23.0 1.294940441989252 49 838.0
578 15.0 17.448979591836736 23.0 1.323839499489331 49 855.0
579 15.0 17.857142857142858 49.0 4.7037219305566955 49 875.0
580 15.0 17.26530612244898 23.0 1.303449113635332 49 846.0
581 16.0 17.224489795918366 23.0 1.2952687321306615 49 844.0
582 15.0 17.346938775510203 23.0 1.3315251344505175 49 850.0
583 15.0 17.224489795918366 23.0 1.2952687321306615 49 844.0
584 16.0 17.346938775510203 23.0 1.2340823245122137 49 850.0
585 16.0 17.3265306122449 23.0 1.1970059019285173 49 849.0
586 16.0 19.367346938775512 100.0 11.824575181852941 49 949.0
587 15.0 17.408163265306122 24.0 1.3680638287213736 49 853.0
588 16.0 17.551020408163264 24.0 1.3394841122890673 49 860.0
589 15.0 17.346938775510203 23.0 1.283728625400816 49 850.0
590 15.0 17.693877551020407 24.0 1.4606517043294547 49 867.0
591 15.0 18.285714285714285 55.0 5.503786575319457 49 896.0
592 16.0 17.653061224489797 24.0 1.3315251344505175 49 865.0
593 16.0 19.73469387755102 124.0 15.264031127408762 49 967.0
594 16.0 18.183673469387756 24.0 1.50932475779396 49 891.0
595 16.0 19.163265306122447 91.0 10.571870968864165 49 939.0
596 16.0 18.714285714285715 59.0 6.034622330077225 49 917.0
597 15.0 19.73469387755102 115.0 13.96838023030958 49 967.0
598 15.0 18.122448979591837 24.0 1.6910629431073878 49 888.0
599 15.0 17.897959183673468 24.0 1.4612337532484845 49 877.0
600 16.0 17.93877551020408 24.0 1.4202136468577844 49 879.0
601 16.0 17.857142857142858 24.0 1.3994046353122225 49 875.0
602 16.0 18.306122448979593 34.0 2.4765910848100376 49 897.0
603 16.0 18.06122448979592 31.0 2.095711526599283 49 885.0
604 16.0 18.102040816326532 28.0 1.8056035228235052 49 887.0
605 16.0 19.244897959183675 74.0 8.110000545224237 49 943.0
606 16.0 18.142857142857142 24.0 1.2583057392117918 49 889.0
607 16.0 18.040816326530614 23.0 1.1172731625381016 49 884.0
608 16.0 17.979591836734695 24.0 1.0305701479918645 49 881.0
609 16.0 18.89795918367347 58.0 5.799586544024723 49 926.0
610 16.0 18.346938775510203 24.0 1.0114144470361637 49 899.0
611 16.0 18.183673469387756 24.0 1.0139335404698855 49 891.0
612 17.0 18.142857142857142 25.0 1.0992421631894103 49 889.0
613 16.0 18.20408163265306 24.0 0.9995747395087302 49 892.0
614 16.0 18.306122448979593 24.0 1.0042427004268157 49 897.0
615 16.0 18.224489795918366 24.0 1.005512019703746 49 893.0
616 16.0 18.408163265306122 24.0 1.0189530441205075 49 902.0
617 16.0 18.285714285714285 24.0 0.9789450103725614 49 896.0
618 17.0 18.53061224489796 24.0 0.9811141799065012 49 908.0
619 17.0 18.6734693877551 29.0 1.8527879342363236 49 915.0
620 17.0 18.510204081632654 24.0 1.002547774829872 49 907.0
621 16.0 18.448979591836736 24.0 1.021869701613092 49 904.0
622 17.0 18.6734693877551 25.0 1.0875767233863098 49 915.0
623 16.0 18.489795918367346 24.0 1.002547774829872 49 906.0
624 17.0 18.632653061224488 25.0 1.0934250003052417 49 913.0
625 17.0 18.489795918367346 24.0 0.9600878644598078 49 906.0
626 16.0 19.979591836734695 67.0 6.965659205219942 49 979.0
627 16.0 18.591836734693878 24.0 1.0391977544188187 49 911.0
628 17.0 18.693877551020407 24.0 1.0042427004268157 49 916.0
629 17.0 18.714285714285715 25.0 1.080123449734644 49 917.0
630 17.0 20.346938775510203 92.0 10.503076970599619 49 997.0
631 17.0 18.73469387755102 25.0 1.1138430134015298 49 918.0
632 17.0 20.857142857142854 116.0 13.913422775626888 49 1022.0
633 17.0 18.775510204081634 24.0 0.9845749108635868 49 920.0
634 17.0 19.0 24.0 0.9574271077563381 49 931.0
635 16.0 18.93877551020408 25.0 1.087967586551987 49 928.0
636 17.0 18.979591836734695 25.0 1.07023743312655 49 930.0
637 17.0 19.0 24.0 0.8660254037844386 49 931.0
638 17.0 19.122448979591837 24.0 0.9710958814063388 49 937.0
639 17.0 20.571428571428573 93.0 10.614455552060432 49 1008.0
640 17.0 19.224489795918366 26.0 1.177308125245344 49 942.0
641 17.0 19.122448979591837 25.0 0.9923174278178434 49 937.0
642 17.0 19.408163265306122 26.0 1.2062056096657476 49 951.0
643 18.0 19.20408163265306 25.0 1.0202040612204073 49 941.0
644 17.0 19.20408163265306 25.0 0.9995747395087302 49 941.0
645 17.0 19.26530612244898 25.0 1.0160280139691362 49 944.0
646 18.0 20.653061224489797 86.0 9.57982041500118 49 1012.0
647 17.0 20.877551020408163 95.0 10.858239293007763 49 1023.0
648 17.0 20.06122448979592 46.0 4.109988662115879 49 983.0
649 18.0 20.224489795918366 56.0 5.397782361467411 49 991.0
650 17.0 20.346938775510203 52.0 4.767734526691561 49 997.0
651 17.0 20.122448979591837 52.0 4.789888016528608 49 986.0
652 18.0 20.26530612244898 56.0 5.325940880117184 49 993.0
653 17.0 20.163265306122447 52.0 4.7799360995358775 49 988.0
654 18.0 20.408163265306122 56.0 5.3147529236508975 49 1000.0
655 17.0 20.285714285714285 53.0 4.911720676097127 49 994.0
656 17.0 20.244897959183675 52.0 4.776376818280157 49 992.0
657 18.0 20.428571428571427 56.0 5.279678020485718 49 1001.0
658 17.0 20.836734693877553 52.0 4.73615059399293 49 1021.0
659 17.0 21.93877551020408 94.0 11.710764569519837 49 1075.0
660 18.0 24.20408163265306 220.0 28.615977174646062 49 1186.0
661 18.0 20.0 29.0 1.695582495781317 49 980.0
662 17.0 20.020408163265305 26.0 1.2988744473319862 49 981.0
663 17.0 19.979591836734695 27.0 1.4214106244380285 49 979.0
664 18.0 20.020408163265305 26.0 1.2330483215451473 49 981.0
665 18.0 20.040816326530614 26.0 1.3378961044844102 49 982.0
666 18.0 20.224489795918366 27.0 1.3733369658494978 49 991.0
667 18.0 20.06122448979592 26.0 1.231668300607386 49 983.0
668 18.0 20.183673469387756 26.0 1.3177232478115917 49 989.0
669 17.0 20.142857142857142 26.0 1.384437310486346 49 987.0
670 17.0 22.510204081632654 131.0 15.879917150523257 49 1103.0
671 17.0 20.142857142857142 27.0 1.3693063937629153 49 987.0
672 17.0 20.183673469387756 26.0 1.379514851130569 49 989.0
673 17.0 22.387755102040817 125.0 15.034427611500295 49 1097.0
674 19.0 20.714285714285715 27.0 1.3994046353122223 49 1015.0
675 17.0 20.612244897959183 34.0 2.3524484277964888 49 1010.0
676 18.0 21.306122448979593 66.0 6.671469358496718 49 1044.0
677 18.0 20.428571428571427 26.0 1.2747548783981968 49 1001.0
678 18.0 20.551020408163264 27.0 1.4297614091430886 49 1007.0
679 18.0 20.428571428571427 26.0 1.290994448735806 49 1001.0
680 18.0 20.489795918367346 27.0 1.3862787264771086 49 1004.0
681 18.0 20.571428571428573 26.0 1.2747548783981966 49 1008.0
682 18.0 20.755102040816325 26.0 1.3154627234820262 49 1017.0
683 18.0 20.6734693877551 27.0 1.3599594831899844 49 1013.0
684 18.0 20.612244897959183 27.0 1.381670584995634 49 1010.0
685 18.0 20.571428571428573 26.0 1.2747548783981966 49 1008.0
686 19.0 23.244897959183675 137.0 16.64147756391252 49 1139.0
687 18.0 20.897959183673468 31.0 2.0740951637519727 49 1024.0
688 19.0 20.836734693877553 26.0 1.2306322693286271 49 1021.0
689 18.0 20.714285714285715 26.0 1.2747548783981966 49 1015.0
690 19.0 21.346938775510203 27.0 1.521389447294852 49 1046.0
691 18.0 20.897959183673468 27.0 1.3423377921742798 49 1024.0
692 18.0 20.93877551020408 27.0 1.3135220348568277 49 1026.0
693 19.0 20.897959183673468 27.0 1.3881176997284201 49 1024.0
694 18.0 21.040816326530614 27.0 1.4136121532188002 49 1031.0
695 19.0 22.183673469387756 77.0 8.128328726814416 49 1087.0
696 19.0 21.06122448979592 27.0 1.344869313125909 49 1032.0
697 19.0 20.93877551020408 27.0 1.3755023819394454 49 1026.0
698 19.0 21.26530612244898 27.0 1.3350329303691597 49 1042.0
699 19.0 21.387755102040817 31.0 1.9980858186713386 49 1048.0
700 19.0 21.142857142857142 27.0 1.3385315336840844 49 1036.0
701 19.0 21.183673469387756 27.0 1.2857142857142858 49 1038.0
702 19.0 21.346938775510203 28.0 1.4075839289388046 49 1046.0
703 19.0 21.26530612244898 27.0 1.303449113635332 49 1042.0
704 19.0 21.428571428571427 28.0 1.4860462083439179 49 1050.0
705 18.0 22.448979591836736 79.0 8.35429336850669 49 1100.0
706 19.0 21.79591836734694 28.0 1.6327327786660655 49 1068.0
707 18.0 21.510204081632654 28.0 1.5016997172591888 49 1054.0
708 18.0 21.489795918367346 28.0 1.515509388780879 49 1053.0
709 19.0 21.510204081632654 28.0 1.3711681300323195 49 1054.0
710 19.0 21.693877551020407 28.0 1.516631157542007 49 1063.0
711 19.0 21.714285714285715 29.0 1.7440374613713627 49 1064.0
712 19.0 21.53061224489796 28.0 1.4009229222243484 49 1055.0
713 19.0 21.571428571428573 28.0 1.384437310486346 49 1057.0
714 19.0 21.836734693877553 28.0 1.4909021147098356 49 1070.0
715 19.0 21.693877551020407 28.0 1.4463183379511837 49 1063.0
716 20.0 24.122448979591837 93.0 12.108249001302823 49 1182.0
717 19.0 21.93877551020408 28.0 1.599585405468478 49 1075.0
718 19.0 22.0 28.0 1.567907310185565 49 1078.0
719 19.0 21.897959183673468 28.0 1.432435250997168 49 1073.0
720 19.0 21.836734693877553 28.0 1.4339185642774812 49 1070.0
721 19.0 21.836734693877553 28.0 1.4626878622293025 49 1070.0
722 19.0 22.387755102040817 28.0 1.6048926045405167 49 1097.0
723 20.0 21.959183673469386 28.0 1.3987968591118676 49 1076.0
724 19.0 22.102040816326532 29.0 1.5171917308960392 49 1083.0
725 19.0 22.081632653061224 29.0 1.483755576988642 49 1082.0
726 20.0 22.163265306122447 28.0 1.3896483184531234 49 1086.0
727 19.0 22.020408163265305 29.0 1.4928970147329785 49 1079.0
728 20.0 22.06122448979592 28.0 1.2814081327668743 49 1081.0
729 20.0 22.122448979591837 29.0 1.3939251094963288 49 1084.0
730 20.0 22.346938775510203 28.0 1.3315251344505175 49 1095.0
731 19.0 22.244897959183675 29.0 1.5347449875698405 49 1090.0
732 20.0 22.20408163265306 29.0 1.4430810764462538 49 1088.0
733 20.0 22.26530612244898 29.0 1.4109026396259237 49 1091.0
734 20.0 22.571428571428573 29.0 1.4142135623730951 49 1106.0
735 20.0 22.3265306122449 29.0 1.390260094101713 49 1094.0
736 20.0 23.387755102040817 70.0 6.939669560248687 49 1146.0
737 20.0 22.46938775510204 29.0 1.4009229222243482 49 1101.0
738 20.0 22.775510204081634 29.0 1.5714285714285705 49 1116.0
739 20.0 22.571428571428573 29.0 1.4719601443879746 49 1106.0
740 20.0 22.53061224489796 30.0 1.5955934216920489 49 1104.0
741 20.0 22.53061224489796 29.0 1.4009229222243482 49 1104.0
742 20.0 23.93877551020408 83.0 8.745018018052008 49 1173.0
743 21.0 22.877551020408163 32.0 1.9539772800327948 49 1121.0
744 20.0 24.020408163265305 85.0 9.058811998818166 49 1177.0
745 20.0 22.857142857142858 31.0 1.8819316317727024 49 1120.0
746 21.0 23.020408163265305 29.0 1.6392299502912857 49 1128.0
747 20.0 22.877551020408163 29.0 1.5225068836903004 49 1121.0
748 21.0 24.612244897959183 116.0 13.406802263730734 49 1206.0
749 21.0 22.979591836734695 29.0 1.5611133302652858 49 1126.0
750 21.0 24.89795918367347 112.0 12.821279346525161 49 1220.0
751 21.0 22.877551020408163 29.0 1.4087916373797151 49 1121.0
752 21.0 24.89795918367347 119.0 13.805561829022619 49 1220.0
753 20.0 23.06122448979592 29.0 1.6508604229475061 49 1130.0
754 21.0 23.46938775510204 30.0 1.7332777332788514 49 1150.0
755 20.0 23.020408163265305 30.0 1.4928970147329783 49 1128.0
756 21.0 23.142857142857142 30.0 1.4433756729740645 49 1134.0
757 20.0 22.979591836734695 29.0 1.4359926287874787 49 1126.0
758 21.0 23.224489795918366 30.0 1.475710367394419 49 1138.0
759 20.0 23.122448979591837 30.0 1.549632390025996 49 1133.0
760 20.0 24.06122448979592 61.0 5.599137445719154 49 1179.0
761 21.0 23.224489795918366 30.0 1.5581145941282277 49 1138.0
762 21.0 23.489795918367346 30.0 1.5291943546029918 49 1151.0
763 20.0 23.26530612244898 30.0 1.482895678001906 49 1140.0
764 21.0 23.653061224489797 38.0 2.5702709034276556 49 1159.0
765 21.0 23.367346938775512 30.0 1.4676210562082603 49 1145.0
766 21.0 23.510204081632654 30.0 1.5562032988922092 49 1152.0
767 20.0 25.816326530612244 142.0 17.01797269235743 49 1265.0
768 20.0 23.489795918367346 30.0 1.6088615149072525 49 1151.0
769 20.0 23.53061224489796 30.0 1.4734036674811628 49 1153.0
770 21.0 23.979591836734695 31.0 1.6392299502912857 49 1175.0
771 20.0 23.53061224489796 30.0 1.5824827647340347 49 1153.0
772 21.0 23.755102040816325 31.0 1.5881148710145045 49 1164.0
773 20.0 23.591836734693878 30.0 1.6062166643355191 49 1156.0
774 21.0 23.836734693877553 31.0 1.5987878061142426 49 1168.0
775 21.0 25.244897959183675 94.0 10.141767211727487 49 1237.0
776 21.0 23.897959183673468 31.0 1.5711579853617472 49 1171.0
777 21.0 23.816326530612244 30.0 1.5230652944494736 49 1167.0
778 21.0 24.081632653061224 30.0 1.483755576988642 49 1180.0
779 21.0 23.897959183673468 30.0 1.5033975128463706 49 1171.0
780 22.0 24.040816326530614 31.0 1.5540160830553078 49 1178.0
781 21.0 24.040816326530614 31.0 1.682745569912822 49 1178.0
782 21.0 24.081632653061224 31.0 1.565736444055926 49 1180.0
783 22.0 26.0 128.0 14.945735177635123 49 1274.0
784 21.0 24.142857142857142 31.0 1.6329931618554518 49 1183.0
785 21.0 24.571428571428573 49.0 3.8890872965260113 49 1204.0
786 22.0 24.591836734693878 31.0 1.836191340643938 49 1205.0
787 21.0 26.346938775510203 136.0 16.06179605514299 49 1291.0
788 22.0 24.26530612244898 31.0 1.776882923878236 49 1189.0
789 21.0 24.653061224489797 48.0 3.750283436000556 49 1208.0
790 21.0 24.26530612244898 31.0 1.5244604264580741 49 1189.0
791 22.0 24.244897959183675 32.0 1.6011794122471357 49 1188.0
792 21.0 24.285714285714285 31.0 1.5942605391424156 49 1190.0
793 21.0 24.285714285714285 31.0 1.4999999999999991 49 1190.0
794 22.0 26.877551020408163 137.0 16.1434102307273 49 1317.0
795 22.0 24.489795918367346 31.0 1.6847656733651901 49 1200.0
796 22.0 24.53061224489796 31.0 1.5289162939852552 49 1202.0
797 21.0 24.387755102040817 32.0 1.6178216647008752 49 1195.0
798 21.0 24.632653061224488 32.0 1.5902551885234795 49 1207.0
799 22.0 24.53061224489796 31.0 1.5559300650565697 49 1202.0
800 22.0 24.591836734693878 32.0 1.631951379827982 49 1205.0
801 22.0 24.632653061224488 32.0 1.6544621174143521 49 1207.0
802 22.0 25.836734693877553 55.0 5.328175652351649 49 1266.0
803 21.0 24.714285714285715 39.0 2.4324199198877365 49 1211.0
804 22.0 25.836734693877553 78.0 7.84045847611262 49 1266.0
805 21.0 24.653061224489797 32.0 1.6272551071277879 49 1208.0
806 22.0 24.775510204081634 31.0 1.229249536005081 49 1214.0
807 22.0 24.591836734693878 31.0 1.1711526968998462 49 1205.0
808 22.0 24.79591836734694 31.0 1.1722412976277305 49 1215.0
809 22.0 26.693877551020407 119.0 13.512654688649972 49 1308.0
810 22.0 25.06122448979592 31.0 1.1069508282007932 49 1228.0
811 22.0 25.95918367346939 82.0 8.25873069261017 49 1272.0
812 22.0 27.204081632653065 151.0 18.06813446355758 49 1333.0
813 22.0 24.775510204081634 33.0 1.4181165050053917 49 1214.0
814 22.0 24.979591836734695 30.0 1.0101525445522108 49 1224.0
815 22.0 24.897959183673468 31.0 1.1409955075719274 49 1220.0
816 22.0 24.979591836734695 30.0 1.0702374331265496 49 1224.0
817 22.0 24.918367346938776 31.0 1.0961435180873436 49 1221.0
818 23.0 25.408163265306122 31.0 1.4849013343616864 49 1245.0
819 22.0 25.081632653061224 34.0 1.7540041654012393 49 1229.0
820 22.0 25.0 31.0 1.136515141415488 49 1225.0
821 22.0 24.959183673469386 31.0 1.135766695406481 49 1223.0
822 22.0 25.244897959183675 30.0 0.9689042833036102 49 1237.0
823 22.0 25.081632653061224 31.0 1.1149875689493427 49 1229.0
824 23.0 25.20408163265306 31.0 1.0988553104013647 49 1235.0
825 22.0 26.020408163265305 48.0 4.625517069827471 49 1275.0
826 23.0 25.816326530612244 41.0 2.472123491620743 49 1265.0
827 22.0 25.306122448979593 35.0 1.793554218498531 49 1240.0
828 22.0 25.346938775510203 33.0 1.5619301682021944 49 1242.0
829 23.0 26.408163265306122 82.0 8.200402346193494 49 1294.0
830 22.0 25.306122448979593 31.0 1.1402500024236835 49 1240.0
831 23.0 25.408163265306122 32.0 1.135017755862193 49 1245.0
832 23.0 25.285714285714285 32.0 1.172603939955857 49 1239.0
833 22.0 25.346938775510203 31.0 1.0714285714285712 49 1242.0
834 22.0 25.79591836734694 32.0 1.2906650713994752 49 1264.0
835 22.0 25.53061224489796 32.0 1.259994061102514 49 1251.0
836 23.0 25.53061224489796 31.0 1.1199337929896895 49 1251.0
837 23.0 25.551020408163264 31.0 1.021869701613092 49 1252.0
838 23.0 25.693877551020407 32.0 1.1583767671590608 49 1259.0
839 23.0 25.612244897959183 32.0 1.1331432413610276 49 1255.0
840 23.0 26.53061224489796 63.0 5.431781632271337 49 1300.0
841 23.0 25.877551020408163 34.0 1.5630186214131783 49 1268.0
842 23.0 25.93877551020408 32.0 1.1973610438742999 49 1271.0
843 23.0 25.877551020408163 32.0 1.0922578499989615 49 1268.0
844 23.0 25.877551020408163 32.0 1.1660591226653219 49 1268.0
845 23.0 25.775510204081634 32.0 1.1413680775435124 49 1263.0
846 23.0 26.102040816326532 32.0 1.2118322552919545 49 1279.0
847 23.0 25.755102040816325 33.0 1.2505101000008285 49 1262.0
848 23.0 27.26530612244898 91.0 9.369221575198763 49 1336.0
849 23.0 25.979591836734695 32.0 1.07023743312655 49 1273.0
850 23.0 26.612244897959183 33.0 1.5918585381377888 49 1304.0
851 23.0 26.06122448979592 32.0 1.0489709891386045 49 1277.0
852 23.0 26.0 33.0 1.224744871391589 49 1274.0
853 23.0 26.081632653061224 32.0 1.1149875689493427 49 1278.0
854 23.0 26.244897959183675 33.0 1.2337377531458686 49 1286.0
855 24.0 26.081632653061224 32.0 1.0574484757715457 49 1278.0
856 23.0 26.163265306122447 33.0 1.230632269328627 49 1282.0
857 24.0 26.163265306122447 32.0 1.0477543202708632 49 1282.0
858 23.0 26.428571428571427 33.0 1.2247448713915887 49 1295.0
859 25.0 27.93877551020408 72.0 8.466621136521207 49 1369.0
860 23.0 26.367346938775512 32.0 1.1491641446253524 49 1292.0
861 23.0 26.387755102040817 33.0 1.366509033550642 49 1293.0
862 23.0 26.53061224489796 33.0 1.3401187885209802 49 1300.0
863 23.0 28.3265306122449 113.0 12.417037614876257 49 1388.0
864 23.0 26.46938775510204 33.0 1.2264793926847173 49 1297.0
865 23.0 28.0 100.0 10.571187255932987 49 1372.0
866 23.0 26.816326530612244 34.0 1.4673313274410096 49 1314.0
867 23.0 27.510204081632654 76.0 7.196997200741641 49 1348.0
868 23.0 26.6734693877551 33.0 1.1970059019285164 49 1307.0
869 23.0 26.551020408163264 33.0 1.2086704901425769 49 1301.0
870 24.0 27.285714285714285 50.0 3.505947327993771 49 1337.0
871 23.0 26.6734693877551 33.0 1.313198307917874 49 1307.0
872 24.0 27.122448979591837 49.0 3.3642275801265806 49 1329.0
873 23.0 26.6734693877551 32.0 1.0682492511511699 49 1307.0
874 24.0 27.040816326530614 33.0 1.171878543078544 49 1325.0
875 23.0 26.571428571428573 33.0 1.2076147288491195 49 1302.0
876 23.0 26.877551020408163 33.0 1.1660591226653219 49 1317.0
877 24.0 26.79591836734694 33.0 1.1543322715740385 49 1313.0
878 23.0 27.040816326530614 34.0 1.3063815112979922 49 1325.0
879 24.0 26.755102040816325 34.0 1.2505101000008285 49 1311.0
880 24.0 26.959183673469386 34.0 1.2409536600512363 49 1321.0
881 23.0 26.877551020408163 33.0 1.1660591226653216 49 1317.0
882 24.0 27.918367346938776 48.0 3.2328827093238157 49 1368.0
883 24.0 26.979591836734695 33.0 1.108486128284265 49 1322.0
884 25.0 27.183673469387756 33.0 1.054226995396689 49 1332.0
885 24.0 27.102040816326532 33.0 1.1038738220312985 49 1328.0
886 24.0 28.346938775510203 83.0 8.048164957533704 49 1389.0
887 25.0 27.183673469387756 33.0 1.0342765061415944 49 1332.0
888 24.0 27.244897959183675 33.0 1.0903098230338395 49 1335.0
889 24.0 28.244897959183675 83.0 8.061044732345229 49 1384.0
890 24.0 27.448979591836736 33.0 1.1736911946539272 49 1345.0
891 24.0 27.285714285714285 34.0 1.2076147288491195 49 1337.0
892 24.0 27.285714285714285 35.0 1.3228756555322947 49 1337.0
893 24.0 27.367346938775512 34.0 1.1671524741691566 49 1341.0
894 24.0 27.387755102040817 33.0 1.1693361102674926 49 1342.0
895 24.0 27.408163265306122 34.0 1.1888083555066606 49 1343.0
896 24.0 27.510204081632654 34.0 1.2268260026655475 49 1348.0
897 24.0 27.3265306122449 34.0 1.1970059019285164 49 1339.0
898 25.0 27.918367346938776 35.0 1.426486573921476 49 1368.0
899 24.0 27.408163265306122 34.0 1.2233554836823939 49 1343.0
900 25.0 27.73469387755102 34.0 1.1506431209705006 49 1359.0
901 24.0 27.448979591836736 34.0 1.2257858786950369 49 1345.0
902 25.0 27.857142857142858 35.0 1.3070322617798433 49 1365.0
903 24.0 27.551020408163264 34.0 1.1913092323468453 49 1350.0
904 25.0 27.79591836734694 34.0 1.1543322715740385 49 1362.0
905 24.0 27.551020408163264 34.0 1.2086704901425769 49 1350.0
906 25.0 27.979591836734695 35.0 1.330566857871225 49 1371.0
907 24.0 28.79591836734694 62.0 5.192059609942592 49 1411.0
908 24.0 28.285714285714285 58.0 4.509249752822892 49 1386.0
909 24.0 28.20408163265306 43.0 2.4578072191550357 49 1382.0
910 26.0 28.20408163265306 37.0 1.7075761554117026 49 1382.0
911 25.0 27.93877551020408 34.0 1.449255027955543 49 1369.0
912 25.0 28.040816326530614 35.0 1.2409536600512363 49 1374.0
913 25.0 27.979591836734695 34.0 1.0895296370140526 49 1371.0
914 25.0 28.489795918367346 34.0 1.487761867420206 49 1396.0
915 25.0 28.040816326530614 34.0 1.0984683213735498 49 1374.0
916 25.0 28.489795918367346 45.0 2.6545750521473304 49 1396.0
917 25.0 28.06122448979592 35.0 1.2146358038747334 49 1375.0
918 25.0 28.285714285714285 34.0 1.1726039399558574 49 1386.0
919 24.0 28.163265306122447 35.0 1.2804123485475007 49 1380.0
920 25.0 28.20408163265306 34.0 1.1176536403841515 49 1382.0
921 25.0 28.224489795918366 34.0 1.1042589166957357 49 1383.0
922 25.0 28.510204081632654 36.0 1.401226382191564 49 1397.0
923 25.0 28.959183673469386 58.0 4.406241707668175 49 1419.0
924 25.0 28.387755102040817 35.0 1.3356697216910238 49 1391.0
925 25.0 29.285714285714285 77.0 7.0710678118654755 49 1435.0
926 25.0 29.387755102040817 56.0 4.4008348002141044 49 1440.0
927 25.0 28.53061224489796 36.0 1.6214967470458497 49 1398.0
928 26.0 29.632653061224488 78.0 7.19575649703531 49 1452.0
929 25.0 28.53061224489796 35.0 1.259994061102514 49 1398.0
930 26.0 28.877551020408163 36.0 1.4380637019563327 49 1415.0
931 25.0 28.46938775510204 35.0 1.2093738189714567 49 1395.0
932 26.0 28.551020408163264 35.0 1.1913092323468455 49 1399.0
933 28.0 28.73469387755102 35.0 1.0757847950078432 49 1408.0
934 27.0 28.775510204081634 36.0 1.2292495360050808 49 1410.0
935 27.0 28.6734693877551 35.0 1.1252361808016285 49 1405.0
936 27.0 28.816326530612244 35.0 1.1667881375053184 49 1412.0
937 27.0 28.714285714285715 35.0 1.1180339887498953 49 1407.0
938 27.0 29.020408163265305 36.0 1.2160351543432608 49 1422.0
939 27.0 28.73469387755102 35.0 1.0949792654825632 49 1408.0
940 27.0 29.877551020408163 74.0 6.53399014468834 49 1464.0
941 27.0 30.693877551020407 96.0 10.155466675705284 49 1504.0
942 27.0 30.224489795918366 52.0 4.878803243464053 49 1481.0
943 28.0 29.510204081632654 43.0 2.558665415305994 49 1446.0
944 27.0 29.224489795918366 39.0 1.8514105672258048 49 1432.0
945 28.0 29.102040816326532 36.0 1.4469061527846185 49 1426.0
946 28.0 29.612244897959183 36.0 1.630648216336736 49 1451.0
947 28.0 29.081632653061224 36.0 1.151751106899793 49 1425.0
948 28.0 29.163265306122447 36.0 1.1609432008699903 49 1429.0
949 28.0 29.102040816326532 35.0 0.984142985020971 49 1426.0
950 28.0 29.346938775510203 36.0 1.1465713455080482 49 1438.0
951 28.0 31.081632653061227 77.0 9.329247769545958 49 1523.0
952 28.0 29.632653061224488 40.0 2.2610273987634883 49 1452.0
953 28.0 30.73469387755102 94.0 9.38255364627189 49 1506.0
954 29.0 29.693877551020407 36.0 1.211130354129512 49 1455.0
955 28.0 29.428571428571427 36.0 1.3385315336840844 49 1442.0
956 28.0 29.306122448979593 36.0 1.2111303541295118 49 1436.0
957 27.0 29.306122448979593 36.0 1.1218303799418803 49 1436.0
958 28.0 29.571428571428573 36.0 1.154700538379252 49 1449.0
959 28.0 29.6734693877551 40.0 1.8862192686036539 49 1454.0
960 28.0 29.877551020408163 44.0 2.4120587080094777 49 1464.0
961 27.0 29.53061224489796 36.0 1.1920228048770458 49 1447.0
962 28.0 30.163265306122447 37.0 1.5987878061142426 49 1478.0
963 28.0 29.591836734693878 37.0 1.2734200561699132 49 1450.0
964 28.0 29.510204081632654 37.0 1.2268260026655478 49 1446.0
965 27.0 29.653061224489797 36.0 1.1998440941806294 49 1453.0
966 27.0 30.306122448979593 57.0 4.07841922825015 49 1485.0
967 26.0 29.632653061224488 37.0 1.3180458633747092 49 1452.0
968 28.0 29.79591836734694 36.0 1.1176536403841515 49 1460.0
969 27.0 29.816326530612244 36.0 1.1305136993817444 49 1461.0
970 27.0 30.040816326530614 36.0 1.206910374908272 49 1472.0
971 27.0 29.714285714285715 36.0 1.1365151414154884 49 1456.0
972 27.0 29.877551020408163 36.0 1.1480536620229709 49 1464.0
973 26.0 29.816326530612244 37.0 1.285714285714285 49 1461.0
974 27.0 29.979591836734695 38.0 1.3917883567309979 49 1469.0
975 27.0 31.97959183673469 131.0 14.484891260549109 49 1567.0
976 26.0 30.102040816326532 37.0 1.5974575888890818 49 1475.0
977 28.0 30.102040816326532 37.0 1.1769469323774342 49 1475.0
978 29.0 30.591836734693878 38.0 1.7785570854269614 49 1499.0
979 28.0 30.06122448979592 37.0 1.1798333792197468 49 1473.0
980 27.0 30.408163265306122 43.0 2.2165886641689863 49 1490.0
981 26.0 30.020408163265305 36.0 1.2160351543432606 49 1471.0
982 26.0 30.163265306122447 36.0 1.1962953017460167 49 1478.0
983 26.0 30.163265306122447 37.0 1.264036833184168 49 1478.0
984 27.0 30.346938775510203 37.0 1.2170836113459098 49 1487.0
985 27.0 30.775510204081634 57.0 4.016970801707268 49 1508.0
986 27.0 31.285714285714285 69.0 5.642103626603586 49 1533.0
987 27.0 30.346938775510203 37.0 1.5485345277627711 49 1487.0
988 27.0 30.428571428571427 37.0 1.2583057392117913 49 1491.0
989 27.0 30.387755102040817 37.0 1.2044418923754037 49 1489.0
990 27.0 30.612244897959183 38.0 1.396667559624997 49 1500.0
991 26.0 30.367346938775512 37.0 1.269742059616512 49 1488.0
992 27.0 30.897959183673468 51.0 3.2226082730658803 49 1514.0
993 26.0 30.428571428571427 37.0 1.2747548783981957 49 1491.0
994 27.0 31.020408163265305 37.0 1.3461332883232522 49 1520.0
995 27.0 30.612244897959183 38.0 1.304101327393253 49 1500.0
996 27.0 30.612244897959183 37.0 1.2717495581974898 49 1500.0
997 27.0 30.612244897959183 37.0 1.2044418923754037 49 1500.0
998 27.0 30.714285714285715 37.0 1.2247448713915885 49 1505.0
999 28.0 30.653061224489797 37.0 1.1998440941806294 49 1502.0
1000 27.0 30.816326530612244 38.0 1.3489729023062178 49 1510.0
1001 28.0 30.755102040816325 37.0 1.127878026888287 49 1507.0
1002 28.0 32.142857142857146 74.0 6.2449979983983965 49 1575.0
1003 27.0 30.918367346938776 44.0 2.253115756512501 49 1515.0
1004 28.0 31.081632653061224 39.0 1.7300859166271378 49 1523.0
1005 27.0 30.775510204081634 37.0 1.2460822960123354 49 1508.0
1006 28.0 31.122448979591837 38.0 1.2687371191665429 49 1525.0
1007 28.0 30.979591836734695 37.0 1.1271238455756787 49 1518.0
1008 27.0 30.918367346938776 38.0 1.32030196504874 49 1515.0
1009 28.0 31.040816326530614 38.0 1.2409536600512363 49 1521.0
1010 27.0 31.551020408163264 39.0 1.7327870672440289 49 1546.0
1011 27.0 32.91836734693877 121.0 12.927420364438982 49 1613.0
1012 28.0 31.183673469387756 38.0 1.2361477357054838 49 1528.0
1013 28.0 31.06122448979592 38.0 1.2146358038747331 49 1522.0
1014 29.0 31.53061224489796 38.0 1.174415471917955 49 1545.0
1015 28.0 31.122448979591837 38.0 1.2354596489637715 49 1525.0
1016 28.0 31.387755102040817 38.0 1.3199799008983095 49 1538.0
1017 29.0 31.816326530612244 49.0 2.8260209761824377 49 1559.0
1018 28.0 31.73469387755102 38.0 1.4255921314212092 49 1555.0
1019 28.0 31.46938775510204 38.0 1.3555755360781658 49 1542.0
1020 29.0 31.46938775510204 38.0 1.2926400764895614 49 1542.0
1021 28.0 31.448979591836736 37.0 1.2086704901425764 49 1541.0
1022 29.0 32.44897959183673 66.0 5.062366148394267 49 1590.0
1023 28.0 31.632653061224488 38.0 1.3492880460793082 49 1550.0
1024 30.0 32.755102040816325 60.0 5.441088326508836 49 1605.0
1025 30.0 32.08163265306123 49.0 2.841923752011109 49 1572.0
1026 31.0 32.36734693877551 44.0 2.251794446945042 49 1586.0
1027 30.0 31.857142857142858 39.0 1.6832508230603465 49 1561.0
1028 30.0 31.857142857142858 39.0 1.5411035007422444 49 1561.0
1029 31.0 32.61224489795919 65.0 4.953182169620072 49 1598.0
1030 30.0 32.0 38.0 1.4288690166235205 49 1568.0
1031 31.0 31.979591836734695 39.0 1.391788356730998 49 1567.0
1032 31.0 32.30612244897959 48.0 2.6864170812987846 49 1583.0
1033 31.0 32.04081632653061 39.0 1.499432999412741 49 1570.0
1034 31.0 32.36734693877551 38.0 1.409696739713611 49 1586.0
1035 31.0 32.02040816326531 39.0 1.4788762050732887 49 1569.0
1036 31.0 32.44897959183673 46.0 2.5088279508716465 49 1590.0
1037 31.0 32.714285714285715 63.0 4.632314036562433 49 1603.0
1038 31.0 32.734693877551024 47.0 2.539484119233025 49 1604.0
1039 31.0 32.204081632653065 39.0 1.4857600725545417 49 1578.0
1040 30.0 34.734693877551024 112.0 12.120532699727768 49 1702.0
1041 31.0 32.3469387755102 40.0 1.8433554143662774 49 1585.0
1042 31.0 32.87755102040816 40.0 1.9857057211189064 49 1611.0
1043 31.0 32.265306122448976 39.0 1.5107325789728858 49 1581.0
1044 31.0 33.83673469387755 110.0 11.16793575893263 49 1658.0
1045 31.0 32.224489795918366 38.0 1.342654493321112 49 1579.0
1046 31.0 32.44897959183673 38.0 1.385358324432647 49 1590.0
1047 31.0 33.204081632653065 72.0 5.830878978324275 49 1627.0
1048 31.0 32.42857142857143 38.0 1.3693063937629149 49 1589.0
1049 31.0 32.59183673469388 40.0 1.7310686408850986 49 1597.0
1050 31.0 32.87755102040816 38.0 1.5894529072035086 49 1611.0
1051 31.0 33.53061224489796 71.0 5.642480397308757 49 1643.0
1052 31.0 32.6530612244898 38.0 1.4075839289388046 49 1600.0
1053 32.0 33.61224489795919 81.0 7.052825457841384 49 1647.0
1054 31.0 32.775510204081634 38.0 1.2790834303393603 49 1606.0
1055 32.0 32.734693877551024 39.0 1.4968788389523717 49 1604.0
1056 31.0 32.714285714285715 39.0 1.5679073101855652 49 1603.0
1057 31.0 33.0 47.0 2.4748737341529163 49 1617.0
1058 31.0 33.224489795918366 39.0 1.7590871937178207 49 1628.0
1059 31.0 32.816326530612244 40.0 1.5230652944494738 49 1608.0
1060 32.0 32.95918367346939 39.0 1.5269684518879958 49 1615.0
1061 32.0 32.89795918367347 39.0 1.417816660091372 49 1612.0
1062 31.0 33.265306122448976 43.0 2.038948975617113 49 1630.0
1063 32.0 32.91836734693877 40.0 1.483755576988642 49 1613.0
1064 32.0 33.0 38.0 1.3385315336840842 49 1617.0
1065 32.0 34.142857142857146 93.0 8.701053576052352 49 1673.0
1066 32.0 33.95918367346939 56.0 3.4937991718273134 49 1664.0
1067 32.0 33.0 39.0 1.4433756729740645 49 1617.0
1068 32.0 33.224489795918366 40.0 1.531139365016143 49 1628.0
1069 32.0 33.204081632653065 39.0 1.4139128897721898 49 1627.0
1070 31.0 33.244897959183675 39.0 1.4510141890659614 49 1629.0
1071 32.0 33.44897959183673 46.0 2.309953322849075 49 1639.0
1072 32.0 33.16326530612245 39.0 1.2965810614765254 49 1625.0
1073 32.0 33.87755102040816 70.0 5.441479015630862 49 1660.0
1074 32.0 34.95918367346939 87.0 7.812807817065168 49 1713.0
1075 32.0 33.755102040816325 60.0 4.064739701818239 49 1654.0
1076 32.0 34.285714285714285 81.0 6.973162840490673 49 1680.0
1077 32.0 33.36734693877551 40.0 1.3492880460793077 49 1635.0
1078 32.0 33.42857142857143 39.0 1.307032261779843 49 1638.0
1079 32.0 33.44897959183673 43.0 1.871510358081985 49 1639.0
1080 32.0 33.36734693877551 40.0 1.3492880460793077 49 1635.0
1081 32.0 33.38775510204081 40.0 1.3511773651556052 49 1636.0
1082 32.0 33.755102040816325 40.0 1.4220087353942017 49 1654.0
1083 32.0 33.44897959183673 40.0 1.3394841122890668 49 1639.0
1084 32.0 33.63265306122449 40.0 1.523344423068046 49 1648.0
1085 32.0 33.53061224489796 40.0 1.308657722253457 49 1643.0
1086 32.0 34.265306122448976 62.0 4.309754005954021 49 1679.0
1087 32.0 33.63265306122449 41.0 1.5096064270616534 49 1648.0
1088 32.0 33.714285714285715 40.0 1.35400640077266 49 1652.0
1089 32.0 34.6530612244898 73.0 6.173029444041783 49 1698.0
1090 33.0 34.204081632653065 40.0 1.6580559881571986 49 1676.0
1091 32.0 33.673469387755105 41.0 1.4914723584157932 49 1650.0
1092 32.0 33.816326530612244 40.0 1.3177232478115914 49 1657.0
1093 32.0 33.673469387755105 40.0 1.359959483189984 49 1650.0
1094 32.0 34.02040816326531 40.0 1.3615217576662662 49 1667.0
1095 33.0 33.857142857142854 40.0 1.3228756555322951 49 1659.0
1096 32.0 33.87755102040816 40.0 1.3637059351454839 49 1660.0
1097 33.0 34.95918367346939 90.0 8.139305825420738 49 1713.0
1098 32.0 34.714285714285715 59.0 3.829708431025352 49 1701.0
1099 33.0 34.224489795918366 49.0 2.543499116394981 49 1677.0
1100 32.0 34.142857142857146 44.0 2.091650066335189 49 1673.0
1101 33.0 34.183673469387756 44.0 2.017356659382882 49 1675.0
1102 33.0 34.204081632653065 41.0 1.4139128897721895 49 1676.0
1103 33.0 34.10204081632653 40.0 1.4030457636748654 49 1671.0
1104 33.0 34.12244897959184 41.0 1.3788983081495478 49 1672.0
1105 33.0 34.10204081632653 40.0 1.1769469323774342 49 1671.0
1106 33.0 34.857142857142854 43.0 2.091650066335188 49 1708.0
1107 33.0 34.673469387755105 49.0 3.1779694454035217 49 1699.0
1108 33.0 34.36734693877551 43.0 1.7162686943752479 49 1684.0
1109 33.0 34.16326530612245 41.0 1.21358523213092 49 1674.0
1110 31.0 34.183673469387756 41.0 1.33343962161389 49 1675.0
1111 31.0 34.04081632653061 41.0 1.2740876420905622 49 1668.0
1112 31.0 35.02040816326531 74.0 5.821976310778438 49 1716.0
1113 31.0 34.16326530612245 42.0 1.3896483184531232 49 1674.0
1114 31.0 34.51020408163265 41.0 1.292968950703378 49 1691.0
1115 30.0 34.30612244897959 42.0 1.4463183379511844 49 1681.0
1116 31.0 34.204081632653065 41.0 1.207262603246401 49 1676.0
1117 30.0 34.285714285714285 41.0 1.2909944487358052 49 1680.0
1118 31.0 34.51020408163265 41.0 1.3089825721336632 49 1691.0
1119 30.0 34.36734693877551 42.0 1.3948398586549338 49 1684.0
1120 30.0 34.38775510204081 41.0 1.319979900898309 49 1685.0
1121 31.0 34.40816326530612 42.0 1.3680638287213736 49 1686.0
1122 31.0 34.97959183673469 42.0 1.6644543139615775 49 1714.0
1123 30.0 35.326530612244895 79.0 6.491622020927053 49 1731.0
1124 31.0 34.89795918367347 47.0 2.2383485165703423 49 1710.0
1125 32.0 34.775510204081634 41.0 1.6741329363092323 49 1704.0
1126 33.0 34.857142857142854 42.0 1.3070322617798429 49 1708.0
1127 33.0 34.63265306122449 42.0 1.2532271267781094 49 1697.0
1128 33.0 34.755102040816325 41.0 1.127878026888287 49 1703.0
1129 33.0 34.714285714285715 41.0 1.154700538379252 49 1701.0
1130 34.0 35.08163265306123 42.0 1.2388962610235899 49 1719.0
1131 34.0 34.93877551020408 42.0 1.2484684494963232 49 1712.0
1132 33.0 34.87755102040816 42.0 1.2850527398584408 49 1709.0
1133 33.0 34.95918367346939 41.0 1.09846832137355 49 1713.0
1134 33.0 35.204081632653065 42.0 1.2072626032464016 49 1725.0
1135 34.0 35.0 42.0 1.224744871391589 49 1715.0
1136 34.0 35.08163265306123 42.0 1.2047948423880714 49 1719.0
1137 34.0 34.95918367346939 42.0 1.2069103749082708 49 1713.0
1138 34.0 36.89795918367347 75.0 5.9345208243771435 49 1808.0
1139 34.0 35.08163265306123 42.0 1.2219645162244133 49 1719.0
1140 34.0 35.30612244897959 42.0 1.2780858348955062 49 1730.0
1141 34.0 35.10204081632653 42.0 1.176946932377434 49 1720.0
1142 34.0 36.244897959183675 79.0 6.359148961158565 49 1776.0
1143 34.0 35.265306122448976 42.0 1.1323925667232488 49 1728.0
1144 34.0 36.224489795918366 82.0 6.780072842905306 49 1775.0
1145 34.0 35.55102040816327 52.0 2.6697473701472525 49 1742.0
1146 34.0 36.224489795918366 62.0 3.990954909346303 49 1775.0
1147 34.0 35.44897959183673 42.0 1.1913092323468457 49 1737.0
1148 34.0 35.3469387755102 43.0 1.3315251344505175 49 1732.0
1149 34.0 35.38775510204081 42.0 1.1331432413610283 49 1734.0
1150 34.0 36.142857142857146 67.0 4.650268809434568 49 1771.0
1151 34.0 35.46938775510204 42.0 1.174415471917955 49 1738.0
1152 34.0 35.48979591836735 43.0 1.386278726477109 49 1739.0
1153 34.0 35.48979591836735 42.0 1.1387575279588684 49 1739.0
1154 35.0 36.0 43.0 1.4142135623730951 49 1764.0
1155 35.0 35.714285714285715 42.0 1.154700538379252 49 1750.0
1156 34.0 36.46938775510204 78.0 6.201821106256902 49 1787.0
1157 34.0 35.59183673469388 43.0 1.3215894367978975 49 1744.0
1158 34.0 37.16326530612245 103.0 9.674595036261012 49 1821.0
1159 34.0 35.69387755102041 43.0 1.2616801237611206 49 1749.0
1160 34.0 35.734693877551024 43.0 1.3658866199298538 49 1751.0
1161 35.0 35.816326530612244 43.0 1.2191778204278192 49 1755.0
1162 35.0 37.89795918367347 88.0 9.016755001013353 49 1857.0
1163 35.0 35.755102040816325 42.0 1.1092529814567769 49 1752.0
1164 35.0 35.89795918367347 42.0 1.0848367380851924 49 1759.0
1165 35.0 35.87755102040816 42.0 1.1297612775350763 49 1758.0
1166 34.0 36.08163265306123 44.0 1.3668201340745476 49 1768.0
1167 34.0 36.285714285714285 61.0 3.78593889720018 49 1778.0
1168 34.0 36.10204081632653 43.0 1.278750984997725 49 1769.0
1169 35.0 35.857142857142854 42.0 1.0801234497346437 49 1757.0
1170 35.0 36.714285714285715 45.0 1.9039432764659776 49 1799.0
1171 35.0 36.10204081632653 43.0 1.2289036095775177 49 1769.0
1172 35.0 36.795918367346935 67.0 4.605158302729375 49 1803.0
1173 35.0 36.87755102040816 72.0 5.2505263746489605 49 1807.0
1174 35.0 36.326530612244895 43.0 1.2481278497220154 49 1780.0
1175 35.0 37.16326530612245 88.0 7.5286866350632256 49 1821.0
1176 35.0 37.30612244897959 88.0 7.492229534748692 49 1828.0
1177 35.0 37.285714285714285 88.0 7.4944423853057005 49 1827.0
1178 35.0 37.755102040816325 88.0 7.454111315925192 49 1850.0
1179 35.0 38.04081632653061 89.0 9.178687232917785 49 1864.0
1180 35.0 37.775510204081634 88.0 8.047425328747613 49 1851.0
1181 35.0 38.46938775510204 88.0 10.388499331825889 49 1885.0
1182 36.0 37.93877551020408 89.0 7.67411276974224 49 1859.0
1183 35.0 37.63265306122449 88.0 7.490810696977947 49 1844.0
1184 35.0 37.57142857142857 89.0 7.610300037887251 49 1841.0
1185 35.0 37.38775510204081 86.0 7.207682031839976 49 1832.0
1186 36.0 38.142857142857146 88.0 7.43303437365926 49 1869.0
1187 35.0 37.63265306122449 88.0 7.462947020533682 49 1844.0
1188 35.0 37.61224489795919 89.0 7.612534418451509 49 1843.0
1189 35.0 37.69387755102041 89.0 7.566934874925284 49 1847.0
1190 35.0 37.97959183673469 89.0 7.553944322665611 49 1861.0
1191 35.0 38.59183673469388 88.0 8.606969964673343 49 1891.0
1192 36.0 38.265306122448976 92.0 8.395870786196241 49 1875.0
1193 36.0 38.0 89.0 7.667572410265628 49 1862.0
1194 36.0 38.89795918367347 89.0 9.11099358366763 49 1906.0
1195 36.0 38.265306122448976 88.0 7.707613957974942 49 1875.0
1196 36.0 38.265306122448976 92.0 8.05909297575334 49 1875.0
1197 36.0 37.89795918367347 88.0 7.394381025366457 49 1857.0
1198 35.0 38.44897959183673 88.0 7.729977426901591 49 1884.0
1199 36.0 38.44897959183673 88.0 8.162570123460387 49 1884.0
1200 35.0 38.10204081632653 93.0 8.114403084328881 49 1867.0
1201 36.0 39.06122448979592 88.0 8.783052248661692 49 1914.0
1202 36.0 38.755102040816325 89.0 7.562326064790119 49 1899.0
1203 36.0 38.204081632653065 92.0 7.950313389621645 49 1872.0
1204 36.0 38.06122448979592 89.0 7.5205500775799585 49 1865.0
1205 36.0 38.08163265306123 89.0 7.51896694670073 49 1866.0
1206 36.0 39.326530612244895 92.0 9.898206392873334 49 1927.0
1207 36.0 38.12244897959184 89.0 7.51840146202752 49 1868.0
1208 36.0 38.285714285714285 89.0 7.491662031885845 49 1876.0
1209 36.0 38.265306122448976 93.0 8.064261461855645 49 1875.0
1210 36.0 38.795918367346935 89.0 7.4609527760555165 49 1901.0
1211 36.0 38.46938775510204 92.0 7.903327465948361 49 1885.0
1212 36.0 38.42857142857143 89.0 7.500000000000001 49 1883.0
1213 36.0 38.44897959183673 89.0 7.4862686090651875 49 1884.0
1214 36.0 38.87755102040816 102.0 9.304194065628916 49 1905.0
1215 33.0 37.38775510204081 45.0 1.6048926045405172 49 1832.0
1216 32.0 37.44897959183673 45.0 1.5687206104789655 49 1835.0
1217 32.0 37.36734693877551 45.0 1.550455276564226 49 1831.0
1218 33.0 38.12244897959184 45.0 2.016935103290226 49 1868.0
1219 33.0 37.61224489795919 45.0 1.4551106276759547 49 1843.0
1220 33.0 37.69387755102041 45.0 1.6099182385120914 49 1847.0
1221 33.0 37.6530612244898 45.0 1.465591752048799 49 1845.0
1222 33.0 37.91836734693877 45.0 1.6687911629614511 49 1858.0
1223 33.0 38.775510204081634 94.0 8.196201625657787 49 1900.0
1224 33.0 38.87755102040816 65.0 5.6481289418901985 49 1905.0
1225 33.0 39.08163265306123 102.0 9.284477939671403 49 1915.0
1226 34.0 39.51020408163265 102.0 9.237880458966206 49 1936.0
1227 33.0 39.57142857142857 99.0 9.912113800799505 49 1939.0
1228 33.0 39.46938775510204 103.0 9.857531048256805 49 1934.0
1229 34.0 39.244897959183675 103.0 9.553643746944795 49 1923.0
1230 33.0 40.38775510204081 100.0 9.915930630662402 49 1979.0
1231 33.0 39.08163265306123 102.0 9.277743832001665 49 1915.0
1232 34.0 39.183673469387756 103.0 9.402290211671295 49 1920.0
1233 33.0 40.06122448979592 127.0 13.077347085809151 49 1963.0
1234 34.0 39.40816326530612 59.0 3.823819901545545 49 1931.0
1235 33.0 38.06122448979592 45.0 1.573321370875773 49 1865.0
1236 34.0 37.93877551020408 46.0 1.5466113935701775 49 1859.0
1237 34.0 37.97959183673469 45.0 1.298874447331986 49 1861.0
1238 34.0 38.244897959183675 45.0 1.36214616575122 49 1874.0
1239 34.0 38.53061224489796 63.0 3.8029705539240775 49 1888.0
1240 34.0 38.714285714285715 61.0 3.5648749393679062 49 1897.0
1241 34.0 38.95918367346939 64.0 4.27667697943094 49 1909.0
1242 34.0 38.714285714285715 46.0 1.695582495781317 49 1897.0
1243 33.0 38.6530612244898 66.0 4.260042157499556 49 1894.0
1244 34.0 38.30612244897959 46.0 1.4463183379511844 49 1877.0
1245 34.0 38.16326530612245 45.0 1.2965810614765254 49 1870.0
1246 34.0 38.51020408163265 46.0 1.5016997172591888 49 1887.0
1247 34.0 38.61224489795919 55.0 2.7295934261550463 49 1892.0
1248 34.0 38.42857142857143 46.0 1.443375672974064 49 1883.0
1249 34.0 38.40816326530612 45.0 1.3057304364948827 49 1882.0
1250 34.0 38.87755102040816 46.0 1.628299893821063 49 1905.0
1251 34.0 38.42857142857143 46.0 1.3994046353122218 49 1883.0
1252 34.0 38.48979591836735 46.0 1.4160162572570725 49 1886.0
1253 34.0 38.46938775510204 46.0 1.4157159675161797 49 1885.0
1254 34.0 39.69387755102041 82.0 6.338388601847259 49 1945.0
1255 34.0 38.38775510204081 46.0 1.351177365155605 49 1881.0
1256 35.0 39.326530612244895 72.0 4.926069067987684 49 1927.0
1257 34.0 38.673469387755105 46.0 1.4199142447996764 49 1895.0
1258 35.0 38.91836734693877 46.0 1.426486573921476 49 1907.0
1259 34.0 38.673469387755105 46.0 1.3902600941017123 49 1895.0
1260 35.0 38.734693877551024 46.0 1.3505478857992166 49 1898.0
1261 34.0 38.69387755102041 45.0 1.310281166274581 49 1896.0
1262 35.0 39.0 46.0 1.35400640077266 49 1911.0
1263 34.0 49.3061224489796 557.0 74.04480740336462 49 2416.0
1264 35.0 38.87755102040816 45.0 1.3011637909519125 49 1905.0
1265 34.0 38.93877551020408 46.0 1.390565880995127 49 1908.0
1266 35.0 39.816326530612244 51.0 2.579352869323971 49 1951.0
1267 35.0 38.93877551020408 46.0 1.3448693131259084 49 1908.0
1268 34.0 40.02040816326531 68.0 5.109182077064649 49 1961.0
1269 34.0 39.0 45.0 1.2909944487358056 49 1911.0
1270 35.0 39.61224489795919 57.0 2.8490958107398754 49 1941.0
1271 35.0 40.16326530612245 93.0 7.816507475570293 49 1968.0
1272 35.0 39.83673469387755 69.0 4.515468500865986 49 1952.0
1273 34.0 39.93877551020408 80.0 6.004887465172662 49 1957.0
1274 35.0 41.183673469387756 109.0 10.24425340818727 49 2018.0
1275 35.0 40.6530612244898 108.0 9.90486206451189 49 1992.0
1276 36.0 40.755102040816325 109.0 10.032303267123527 49 1997.0
1277 35.0 40.673469387755105 107.0 9.777499158574155 49 1993.0
1278 35.0 40.95918367346939 108.0 9.89519913828896 49 2007.0
1279 35.0 40.63265306122449 104.0 9.346777246621377 49 1991.0
1280 35.0 40.816326530612244 105.0 9.475128559786922 49 2000.0
1281 35.0 40.734693877551024 108.0 9.90743725315331 49 1996.0
1282 35.0 42.16326530612245 105.0 11.484313465867821 49 2066.0
1283 35.0 40.91836734693877 107.0 9.859083659866421 49 2005.0
1284 35.0 40.775510204081634 105.0 9.478627946865625 49 1998.0
1285 36.0 40.91836734693877 108.0 9.909668541997005 49 2005.0
1286 35.0 41.12244897959184 105.0 9.446411693206631 49 2015.0
1287 35.0 41.08163265306123 108.0 9.897046560072605 49 2013.0
1288 35.0 41.02040816326531 105.0 9.48131890420659 49 2010.0
1289 35.0 41.142857142857146 108.0 9.88475256813914 49 2016.0
1290 35.0 41.326530612244895 106.0 9.540238805322698 49 2025.0
1291 35.0 41.10204081632653 105.0 9.42568498386011 49 2014.0
1292 36.0 41.02040816326531 105.0 9.443890873465866 49 2010.0
1293 35.0 41.12244897959184 109.0 9.999234664590634 49 2015.0
1294 36.0 41.38775510204081 105.0 9.395957301171727 49 2028.0
1295 35.0 42.06122448979592 108.0 11.108195479137061 49 2061.0
1296 36.0 42.10204081632653 109.0 10.56575620017955 49 2063.0
1297 35.0 41.326530612244895 104.0 9.352779789769373 49 2025.0
1298 36.0 42.89795918367347 108.0 11.098507591036705 49 2102.0
tot,0.0,19.73398689729924,557.0,13.031499613862525,63651
