##bucket, min, mean, max, stddev, count, total
0 0.0 0.30769230769230765 2.0 0.630425171956115 13 4.0
1 0.0 0.23076923076923073 3.0 0.8320502943378436 13 3.0
2 0.0 0.15384615384615385 1.0 0.3755338080994053 13 2.0
3 0.0 0.15384615384615385 1.0 0.37553380809940534 13 2.0
4 0.0 0.38461538461538464 1.0 0.5063696835418334 13 5.0
5 0.0 0.23076923076923075 1.0 0.4385290096535146 13 3.0
6 0.0 0.15384615384615385 1.0 0.3755338080994053 13 2.0
7 0.0 0.1538461538461539 2.0 0.5547001962252291 13 2.0
8 0.0 0.3076923076923077 1.0 0.48038446141526137 13 4.0
9 0.0 0.38461538461538464 1.0 0.5063696835418334 13 5.0
10 0.0 0.3076923076923077 2.0 0.6304251719561151 13 4.0
11 0.0 0.30769230769230776 3.0 0.8548504142651104 13 4.0
12 0.0 0.7692307692307693 2.0 0.599144689515278 13 10.0
13 0.0 0.3076923076923077 2.0 0.6304251719561151 13 4.0
14 0.0 0.23076923076923075 2.0 0.599144689515278 13 3.0
15 0.0 0.7692307692307693 4.0 1.091928428198338 13 10.0
16 0.0 0.5384615384615385 4.0 1.1266014242982163 13 7.0
17 0.0 0.7692307692307693 2.0 0.599144689515278 13 10.0
18 0.0 0.38461538461538464 2.0 0.650443635587991 13 5.0
19 0.0 0.7692307692307693 2.0 0.599144689515278 13 10.0
20 0.0 0.38461538461538464 3.0 0.8697184926229038 13 5.0
21 0.0 0.8461538461538461 3.0 0.8006407690254358 13 11.0
22 0.0 0.5384615384615385 2.0 0.6602252917735246 13 7.0
23 0.0 0.7692307692307693 2.0 0.599144689515278 13 10.0
24 0.0 0.5384615384615385 3.0 0.8770580193070292 13 7.0
25 0.0 1.0 4.0 1.0 13 13.0
26 0.0 0.7692307692307693 4.0 1.091928428198338 13 10.0
27 0.0 0.923076923076923 4.0 1.0377490433255419 13 12.0
28 0.0 1.0769230769230769 4.0 0.9540735874430287 13 14.0
29 0.0 0.5384615384615385 2.0 0.6602252917735246 13 7.0
30 0.0 1.0 4.0 1.0 13 13.0
31 0.0 1.0769230769230769 3.0 0.6405126152203485 13 14.0
32 0.0 0.7692307692307693 3.0 0.8320502943378437 13 10.0
33 0.0 0.5384615384615385 3.0 0.8770580193070292 13 7.0
34 0.0 0.8461538461538461 2.0 0.5547001962252291 13 11.0
35 1.0 1.1538461538461537 3.0 0.5547001962252293 13 15.0
36 0.0 1.0769230769230769 3.0 0.6405126152203485 13 14.0
37 0.0 1.1538461538461537 3.0 0.6887372317211946 13 15.0
38 0.0 0.7692307692307693 3.0 0.9268086959962984 13 10.0
39 0.0 1.2307692307692308 4.0 1.091928428198338 13 16.0
40 0.0 1.0769230769230769 3.0 0.75955452531275 13 14.0
41 0.0 1.1538461538461537 4.0 0.9870962335856489 13 15.0
42 0.0 1.1538461538461537 3.0 0.6887372317211946 13 15.0
43 1.0 1.3076923076923077 3.0 0.7510676161988106 13 17.0
44 1.0 1.2307692307692308 3.0 0.599144689515278 13 16.0
45 1.0 1.3846153846153846 3.0 0.7679476477883046 13 18.0
46 1.0 1.2307692307692308 3.0 0.599144689515278 13 16.0
47 1.0 1.3846153846153846 4.0 0.9607689228305225 13 18.0
48 1.0 1.2307692307692308 3.0 0.599144689515278 13 16.0
49 1.0 1.3076923076923077 3.0 0.7510676161988106 13 17.0
50 1.0 1.3846153846153846 4.0 0.9607689228305225 13 18.0
51 1.0 1.6923076923076923 4.0 0.9473309334313417 13 22.0
52 1.0 1.3846153846153846 3.0 0.7679476477883046 13 18.0
53 1.0 1.3076923076923077 4.0 0.8548504142651105 13 17.0
54 1.0 1.4615384615384615 4.0 0.8770580193070292 13 19.0
55 1.0 1.3076923076923077 4.0 0.8548504142651105 13 17.0
56 1.0 1.3846153846153846 3.0 0.650443635587991 13 18.0
57 1.0 1.4615384615384615 4.0 0.8770580193070292 13 19.0
58 1.0 1.4615384615384615 4.0 0.8770580193070292 13 19.0
59 1.0 1.3846153846153846 4.0 0.8697184926229038 13 18.0
60 1.0 1.7692307692307692 4.0 0.8320502943378437 13 23.0
61 1.0 1.4615384615384615 5.0 1.1266014242982163 13 19.0
62 1.0 1.6153846153846154 5.0 1.12089707663561 13 21.0
63 1.0 1.7692307692307692 5.0 1.091928428198338 13 23.0
64 1.0 1.5384615384615385 4.0 0.8770580193070292 13 20.0
65 1.0 1.5384615384615385 4.0 0.8770580193070292 13 20.0
66 1.0 1.692307692307692 5.0 1.109400392450458 13 22.0
67 1.0 1.6923076923076923 5.0 1.109400392450458 13 22.0
68 1.0 1.8461538461538463 5.0 1.0681880176381127 13 24.0
69 1.0 1.6153846153846154 5.0 1.12089707663561 13 21.0
70 1.0 2.0 7.0 1.5811388300841898 13 26.0
71 1.0 1.923076923076923 8.0 1.8912755158683456 13 25.0
72 1.0 2.076923076923077 8.0 1.84668795692624 13 27.0
73 1.0 2.230769230769231 9.0 2.1273554065179203 13 29.0
74 1.0 1.7692307692307692 5.0 1.091928428198338 13 23.0
75 1.0 2.0 5.0 1.0 13 26.0
76 1.0 1.923076923076923 6.0 1.3821202589704018 13 25.0
77 1.0 1.8461538461538463 5.0 1.0681880176381127 13 24.0
78 1.0 2.1538461538461537 6.0 1.2142318453899053 13 28.0
79 1.0 1.923076923076923 5.0 1.1151635501529555 13 25.0
80 1.0 2.0 5.0 1.0801234497346435 13 26.0
81 1.0 2.076923076923077 5.0 0.9540735874430285 13 27.0
82 1.0 2.3076923076923075 6.0 1.1821319289469758 13 30.0
83 1.0 2.0 6.0 1.2909944487358056 13 26.0
84 1.0 2.076923076923077 6.0 1.255755978254962 13 27.0
85 1.0 2.3076923076923075 7.0 1.4935759876113537 13 30.0
86 1.0 2.615384615384616 10.0 2.256046007896025 13 34.0
87 2.0 2.6153846153846154 9.0 1.9381460874790266 13 34.0
88 1.0 2.4615384615384617 10.0 2.295480509442581 13 32.0
89 1.0 2.4615384615384617 10.0 2.331501112137293 13 32.0
90 1.0 2.615384615384616 11.0 2.534379001467011 13 34.0
91 1.0 2.6923076923076925 10.0 2.2503560971771916 13 35.0
92 1.0 2.3846153846153846 10.0 2.3287500774185546 13 31.0
93 1.0 2.3076923076923075 8.0 1.7974340685458339 13 30.0
94 1.0 2.3076923076923075 6.0 1.1821319289469758 13 30.0
95 2.0 2.3076923076923075 6.0 1.1094003924504585 13 30.0
96 2.0 2.5384615384615383 9.0 1.9414506867883015 13 33.0
97 2.0 2.4615384615384617 7.0 1.3913653136029496 13 32.0
98 2.0 2.3846153846153846 6.0 1.1208970766356097 13 31.0
99 2.0 2.4615384615384617 7.0 1.3913653136029496 13 32.0
100 2.0 2.6923076923076925 10.0 2.213015114597254 13 35.0
101 2.0 2.6153846153846154 9.0 1.9381460874790266 13 34.0
102 2.0 2.3846153846153846 5.0 0.8697184926229038 13 31.0
103 2.0 2.5384615384615383 6.0 1.1266014242982163 13 33.0
104 2.0 2.6923076923076925 8.0 1.6525039276108333 13 35.0
105 2.0 2.846153846153846 10.0 2.1926450482675737 13 37.0
106 2.0 3.0 11.0 2.449489742783178 13 39.0
107 2.0 2.8461538461538463 9.0 1.9081471748860575 13 37.0
108 2.0 2.5384615384615383 6.0 1.1266014242982163 13 33.0
109 2.0 2.6923076923076925 7.0 1.3774744634423888 13 35.0
110 2.0 2.6923076923076925 6.0 1.1094003924504585 13 35.0
111 2.0 2.846153846153846 9.0 1.9081471748860577 13 37.0
112 2.0 3.153846153846154 10.0 2.1152680620571416 13 41.0
113 2.0 2.846153846153846 10.0 2.1926450482675737 13 37.0
114 2.0 3.153846153846154 10.0 2.1152680620571416 13 41.0
115 2.0 2.923076923076923 9.0 1.8912755158683456 13 38.0
116 2.0 3.0 10.0 2.160246899469287 13 39.0
117 2.0 2.846153846153846 9.0 1.9081471748860577 13 37.0
118 2.0 2.923076923076923 6.0 1.0377490433255416 13 38.0
119 2.0 2.769230769230769 6.0 1.091928428198338 13 36.0
120 2.0 2.8461538461538463 6.0 1.0681880176381127 13 37.0
121 2.0 2.923076923076923 6.0 1.0377490433255416 13 38.0
122 2.0 2.923076923076923 6.0 1.0377490433255416 13 38.0
123 2.0 2.923076923076923 6.0 1.0377490433255416 13 38.0
124 2.0 3.230769230769231 9.0 1.7867030229749135 13 42.0
125 2.0 3.230769230769231 10.0 2.0878156908535677 13 42.0
126 2.0 3.1538461538461537 7.0 1.2142318453899053 13 41.0
127 2.0 3.0 6.0 1.0 13 39.0
128 2.0 2.6923076923076925 5.0 0.8548504142651103 13 35.0
129 2.0 2.8461538461538463 5.0 0.8006407690254358 13 37.0
130 2.0 3.0 5.0 0.7071067811865476 13 39.0
131 3.0 3.1538461538461537 5.0 0.5547001962252293 13 41.0
132 2.0 3.1538461538461537 5.0 0.6887372317211946 13 41.0
133 3.0 3.1538461538461537 4.0 0.3755338080994053 13 41.0
134 2.0 3.0 5.0 0.7071067811865476 13 39.0
135 2.0 2.8461538461538463 4.0 0.5547001962252291 13 37.0
136 2.0 2.8461538461538463 4.0 0.5547001962252291 13 37.0
137 2.0 3.076923076923077 5.0 0.6405126152203484 13 40.0
138 3.0 3.230769230769231 5.0 0.599144689515278 13 42.0
139 3.0 3.230769230769231 6.0 0.8320502943378436 13 42.0
140 3.0 3.230769230769231 5.0 0.599144689515278 13 42.0
141 3.0 3.076923076923077 4.0 0.2773500981126146 13 40.0
142 3.0 3.3076923076923075 4.0 0.4803844614152615 13 43.0
143 3.0 3.1538461538461537 4.0 0.37553380809940534 13 41.0
144 3.0 3.3076923076923075 5.0 0.6304251719561152 13 43.0
145 3.0 3.1538461538461537 5.0 0.5547001962252293 13 41.0
146 3.0 3.4615384615384617 5.0 0.6602252917735248 13 45.0
147 3.0 3.3846153846153846 5.0 0.650443635587991 13 44.0
148 3.0 3.230769230769231 5.0 0.599144689515278 13 42.0
149 3.0 3.3846153846153846 5.0 0.650443635587991 13 44.0
150 3.0 3.6923076923076925 6.0 0.8548504142651103 13 48.0
151 3.0 3.4615384615384617 5.0 0.6602252917735248 13 45.0
152 3.0 3.3846153846153846 5.0 0.650443635587991 13 44.0
153 3.0 3.6923076923076925 6.0 0.8548504142651103 13 48.0
154 3.0 3.6923076923076925 5.0 0.6304251719561152 13 48.0
155 3.0 3.5384615384615383 5.0 0.6602252917735248 13 46.0
156 3.0 3.6923076923076925 5.0 0.6304251719561152 13 48.0
157 3.0 3.6153846153846154 5.0 0.6504436355879909 13 47.0
158 3.0 3.6153846153846154 5.0 0.6504436355879909 13 47.0
159 3.0 3.769230769230769 6.0 0.8320502943378437 13 49.0
160 3.0 3.8461538461538463 6.0 0.8987170342729172 13 50.0
161 3.0 3.923076923076923 6.0 0.7595545253127501 13 51.0
162 3.0 3.6153846153846154 6.0 0.8697184926229041 13 47.0
163 3.0 3.8461538461538463 6.0 0.8006407690254358 13 50.0
164 4.0 4.153846153846154 6.0 0.5547001962252291 13 54.0
165 3.0 9.230769230769234 78.0 20.67266248839212 13 120.0
166 3.0 4.0 6.0 0.816496580927726 13 52.0
167 3.0 4.076923076923077 6.0 0.6405126152203485 13 53.0
168 3.0 3.769230769230769 6.0 0.9268086959962983 13 49.0
169 3.0 4.153846153846154 6.0 0.6887372317211945 13 54.0
170 3.0 4.3076923076923075 7.0 1.1094003924504585 13 56.0
171 3.0 4.230769230769231 7.0 0.9268086959962986 13 55.0
172 3.0 4.076923076923077 7.0 0.9540735874430287 13 53.0
173 3.0 4.153846153846154 7.0 1.1435437497937309 13 54.0
174 3.0 4.230769230769231 7.0 1.0127393670836669 13 55.0
175 3.0 4.3076923076923075 6.0 0.7510676161988107 13 56.0
176 4.0 4.384615384615385 7.0 0.8697184926229042 13 57.0
177 3.0 4.230769230769231 7.0 0.9268086959962986 13 55.0
178 3.0 4.3076923076923075 7.0 1.0315534712764842 13 56.0
179 3.0 4.153846153846154 7.0 0.9870962335856487 13 54.0
180 3.0 4.230769230769231 6.0 0.7250110520819841 13 55.0
181 3.0 4.3076923076923075 7.0 0.9473309334313421 13 56.0
182 4.0 4.538461538461538 7.0 0.8770580193070292 13 59.0
183 4.0 4.538461538461538 7.0 0.9674179220468453 13 59.0
184 4.0 4.538461538461538 7.0 0.8770580193070292 13 59.0
185 3.0 4.461538461538462 8.0 1.265924208854583 13 58.0
186 4.0 4.538461538461538 7.0 0.8770580193070292 13 59.0
187 4.0 4.6923076923076925 7.0 0.947330933431342 13 61.0
188 4.0 4.769230769230769 7.0 0.8320502943378436 13 62.0
189 4.0 4.615384615384615 7.0 0.960768922830523 13 60.0
190 4.0 10.461538461538462 79.0 20.62609748439819 13 136.0
191 4.0 5.0 8.0 1.1547005383792515 13 65.0
192 4.0 4.538461538461538 6.0 0.6602252917735248 13 59.0
193 4.0 4.6923076923076925 6.0 0.7510676161988107 13 61.0
194 4.0 4.769230769230769 6.0 0.5991446895152781 13 62.0
195 4.0 4.6923076923076925 6.0 0.7510676161988107 13 61.0
196 4.0 4.615384615384615 6.0 0.7679476477883044 13 60.0
197 4.0 4.769230769230769 6.0 0.7250110520819842 13 62.0
198 4.0 4.6923076923076925 6.0 0.7510676161988107 13 61.0
199 4.0 5.0 6.0 0.7071067811865476 13 65.0
200 4.0 4.461538461538462 5.0 0.5188745216627708 13 58.0
201 4.0 5.076923076923077 6.0 0.6405126152203485 13 66.0
202 4.0 4.6923076923076925 6.0 0.7510676161988106 13 61.0
203 4.0 4.846153846153846 6.0 0.5547001962252291 13 63.0
204 4.0 5.0 6.0 0.7071067811865476 13 65.0
205 4.0 4.846153846153846 6.0 0.6887372317211945 13 63.0
206 4.0 5.076923076923077 7.0 0.8623164985025763 13 66.0
207 4.0 5.076923076923077 6.0 0.6405126152203486 13 66.0
208 4.0 5.0 6.0 0.5773502691896257 13 65.0
209 4.0 5.153846153846154 6.0 0.5547001962252291 13 67.0
210 4.0 4.846153846153846 6.0 0.6887372317211945 13 63.0
211 4.0 5.0 7.0 0.816496580927726 13 65.0
212 4.0 5.0 6.0 0.7071067811865476 13 65.0
213 4.0 5.3076923076923075 9.0 1.2506408613597129 13 69.0
214 4.0 5.769230769230769 13.0 2.2417941532712193 13 75.0
215 4.0 5.615384615384615 12.0 1.9806758753205747 13 73.0
216 4.0 5.384615384615385 10.0 1.5021352323976211 13 70.0
217 5.0 5.615384615384615 10.0 1.3867504905630725 13 73.0
218 5.0 5.538461538461538 10.0 1.3913653136029496 13 72.0
219 5.0 5.615384615384615 9.0 1.192927878405448 13 73.0
220 4.0 5.461538461538462 9.0 1.198289379030556 13 71.0
221 4.0 5.384615384615385 9.0 1.1929278784054478 13 70.0
222 5.0 5.615384615384615 8.0 0.960768922830523 13 73.0
223 5.0 5.6923076923076925 9.0 1.1094003924504585 13 74.0
224 5.0 6.0 12.0 2.041241452319315 13 78.0
225 5.0 5.923076923076923 11.0 1.7059473644448737 13 77.0
226 5.0 5.923076923076923 11.0 1.6563785025137654 13 77.0
227 5.0 6.0 10.0 1.35400640077266 13 78.0
228 5.0 5.6923076923076925 10.0 1.436698494501391 13 74.0
229 5.0 6.076923076923077 9.0 1.1875421719907089 13 79.0
230 5.0 5.846153846153846 9.0 1.143543749793731 13 76.0
231 5.0 6.0 9.0 1.224744871391589 13 78.0
232 5.0 6.0 8.0 1.0 13 78.0
233 5.0 5.6923076923076925 8.0 1.1094003924504585 13 74.0
234 5.0 6.153846153846154 8.0 0.8006407690254357 13 80.0
235 5.0 6.153846153846154 8.0 1.214231845389905 13 80.0
236 5.0 6.076923076923077 8.0 1.1151635501529558 13 79.0
237 5.0 6.076923076923077 8.0 1.0377490433255416 13 79.0
238 5.0 6.0 7.0 0.816496580927726 13 78.0
239 5.0 6.153846153846154 7.0 0.6887372317211945 13 80.0
240 5.0 5.769230769230769 7.0 0.8320502943378436 13 75.0
241 5.0 6.230769230769231 8.0 0.8320502943378437 13 81.0
242 6.0 6.384615384615385 8.0 0.6504436355879908 13 83.0
243 5.0 6.384615384615385 8.0 0.8697184926229043 13 83.0
244 5.0 6.153846153846154 8.0 1.0681880176381127 13 80.0
245 5.0 6.153846153846154 8.0 0.898717034272917 13 80.0
246 5.0 6.153846153846154 7.0 0.6887372317211945 13 80.0
247 5.0 6.384615384615385 8.0 0.8697184926229041 13 83.0
248 5.0 6.384615384615385 8.0 0.8697184926229041 13 83.0
249 5.0 6.3076923076923075 8.0 0.947330933431342 13 82.0
250 6.0 6.769230769230769 9.0 1.091928428198338 13 88.0
251 5.0 6.3076923076923075 8.0 0.947330933431342 13 82.0
252 5.0 6.461538461538462 9.0 1.198289379030556 13 84.0
253 5.0 6.461538461538462 8.0 0.9674179220468453 13 84.0
254 6.0 12.846153846153848 88.0 22.597367670616535 13 167.0
255 6.0 6.615384615384615 8.0 0.960768922830523 13 86.0
256 6.0 6.538461538461538 8.0 0.8770580193070292 13 85.0
257 6.0 6.538461538461538 9.0 0.9674179220468453 13 85.0
258 6.0 6.615384615384615 8.0 0.7679476477883044 13 86.0
259 6.0 6.923076923076923 8.0 0.8623164985025763 13 90.0
260 6.0 6.6923076923076925 8.0 0.947330933431342 13 87.0
261 6.0 7.0 9.0 0.9128709291752769 13 91.0
262 6.0 6.6923076923076925 9.0 1.0315534712764842 13 87.0
263 6.0 6.846153846153846 8.0 0.8006407690254357 13 89.0
264 6.0 6.615384615384615 8.0 0.8697184926229041 13 86.0
265 6.0 6.769230769230769 8.0 0.7250110520819842 13 88.0
266 6.0 6.923076923076923 9.0 0.8623164985025764 13 90.0
267 6.0 7.0 8.0 0.7071067811865476 13 91.0
268 6.0 6.923076923076923 8.0 0.6405126152203485 13 90.0
269 6.0 6.769230769230769 8.0 0.7250110520819841 13 88.0
270 6.0 7.076923076923077 9.0 0.75955452531275 13 92.0
271 6.0 6.923076923076923 8.0 0.75955452531275 13 90.0
272 7.0 7.230769230769231 9.0 0.599144689515278 13 94.0
273 6.0 7.153846153846154 9.0 0.6887372317211945 13 93.0
274 6.0 7.0 9.0 0.816496580927726 13 91.0
275 6.0 7.3076923076923075 9.0 0.947330933431342 13 95.0
276 6.0 7.076923076923077 9.0 0.75955452531275 13 92.0
277 6.0 7.076923076923077 8.0 0.6405126152203485 13 92.0
278 6.0 7.153846153846154 8.0 0.5547001962252291 13 93.0
279 7.0 7.384615384615385 9.0 0.6504436355879908 13 96.0
280 6.0 7.153846153846154 8.0 0.5547001962252291 13 93.0
281 6.0 7.3076923076923075 9.0 0.7510676161988107 13 95.0
282 7.0 7.538461538461538 9.0 0.7762500258061849 13 98.0
283 7.0 7.538461538461538 9.0 0.6602252917735248 13 98.0
284 7.0 7.461538461538462 9.0 0.6602252917735248 13 97.0
285 7.0 7.384615384615385 9.0 0.6504436355879908 13 96.0
286 7.0 7.538461538461538 9.0 0.6602252917735248 13 98.0
287 7.0 7.538461538461538 9.0 0.6602252917735248 13 98.0
288 7.0 7.769230769230769 9.0 0.7250110520819841 13 101.0
289 7.0 7.615384615384615 9.0 0.6504436355879908 13 99.0
290 7.0 7.769230769230769 9.0 0.7250110520819841 13 101.0
291 7.0 7.769230769230769 9.0 0.7250110520819842 13 101.0
292 7.0 7.846153846153846 9.0 0.6887372317211945 13 102.0
293 7.0 7.615384615384615 9.0 0.7679476477883044 13 99.0
294 7.0 12.076923076923077 60.0 14.430647585731892 13 157.0
295 7.0 7.846153846153846 9.0 0.6887372317211945 13 102.0
296 7.0 8.076923076923077 10.0 0.75955452531275 13 105.0
297 7.0 8.076923076923077 10.0 0.9540735874430286 13 105.0
298 7.0 8.076923076923077 10.0 0.8623164985025763 13 105.0
299 7.0 8.23076923076923 9.0 0.7250110520819842 13 107.0
300 7.0 8.153846153846153 10.0 0.8006407690254358 13 106.0
301 8.0 8.23076923076923 9.0 0.4385290096535146 13 107.0
302 8.0 8.461538461538462 10.0 0.7762500258061849 13 110.0
303 8.0 8.461538461538462 10.0 0.7762500258061849 13 110.0
304 7.0 8.307692307692308 10.0 0.7510676161988108 13 108.0
305 7.0 8.153846153846153 10.0 0.6887372317211946 13 106.0
306 8.0 8.538461538461538 10.0 0.6602252917735248 13 111.0
307 8.0 8.692307692307692 10.0 0.7510676161988108 13 113.0
308 8.0 8.538461538461538 10.0 0.6602252917735248 13 111.0
309 8.0 8.307692307692308 10.0 0.6304251719561152 13 108.0
310 8.0 8.692307692307692 11.0 0.8548504142651104 13 113.0
311 8.0 8.538461538461538 10.0 0.6602252917735248 13 111.0
312 8.0 8.538461538461538 10.0 0.7762500258061849 13 111.0
313 8.0 8.461538461538462 10.0 0.6602252917735248 13 110.0
314 8.0 9.23076923076923 15.0 1.8776690404970278 13 120.0
315 8.0 8.923076923076923 11.0 0.8623164985025764 13 116.0
316 8.0 8.76923076923077 11.0 1.0127393670836666 13 114.0
317 8.0 8.846153846153847 10.0 0.6887372317211946 13 115.0
318 8.0 9.0 11.0 0.816496580927726 13 117.0
319 8.0 9.076923076923077 11.0 0.8623164985025763 13 118.0
320 8.0 8.846153846153847 11.0 0.898717034272917 13 115.0
321 8.0 9.153846153846153 11.0 0.8006407690254358 13 119.0
322 8.0 9.153846153846153 10.0 0.554700196225229 13 119.0
323 8.0 9.153846153846153 10.0 0.554700196225229 13 119.0
324 8.0 9.23076923076923 12.0 1.0127393670836669 13 120.0
325 9.0 9.307692307692308 11.0 0.6304251719561152 13 121.0
326 9.0 9.153846153846153 10.0 0.37553380809940545 13 119.0
327 9.0 12.769230769230768 54.0 12.403990259548513 13 166.0
328 8.0 9.76923076923077 14.0 1.535895295576609 13 127.0
329 9.0 10.153846153846153 16.0 2.2673829938997168 13 132.0
330 9.0 10.307692307692308 18.0 2.594372608313854 13 134.0
331 9.0 10.153846153846153 15.0 1.863963243832607 13 132.0
332 8.0 10.076923076923077 15.0 2.0191391920625676 13 131.0
333 8.0 9.846153846153847 15.0 1.863963243832607 13 128.0
334 9.0 10.0 14.0 1.6832508230603465 13 130.0
335 9.0 13.769230769230768 60.0 13.941268749973023 13 179.0
336 9.0 9.923076923076923 13.0 1.1875421719907089 13 129.0
337 9.0 9.692307692307692 12.0 0.9473309334313419 13 126.0
338 9.0 9.538461538461538 11.0 0.7762500258061849 13 124.0
339 9.0 9.615384615384615 11.0 0.7679476477883044 13 125.0
340 9.0 9.76923076923077 12.0 0.9268086959962984 13 127.0
341 9.0 9.846153846153847 12.0 0.9870962335856489 13 128.0
342 9.0 9.923076923076923 11.0 0.6405126152203486 13 129.0
343 9.0 9.923076923076923 12.0 0.8623164985025764 13 129.0
344 9.0 9.923076923076923 12.0 1.0377490433255419 13 129.0
345 9.0 10.076923076923077 12.0 1.0377490433255416 13 131.0
346 9.0 10.153846153846153 12.0 0.8987170342729172 13 132.0
347 9.0 10.0 12.0 0.816496580927726 13 130.0
348 9.0 10.153846153846153 12.0 0.898717034272917 13 132.0
349 9.0 10.0 12.0 1.0801234497346435 13 130.0
350 9.0 10.0 12.0 1.0801234497346435 13 130.0
351 10.0 10.461538461538462 13.0 0.9674179220468453 13 136.0
352 9.0 10.076923076923077 12.0 0.9540735874430286 13 131.0
353 10.0 10.384615384615385 13.0 0.8697184926229042 13 135.0
354 10.0 10.538461538461538 13.0 1.1266014242982163 13 137.0
355 10.0 10.461538461538462 12.0 0.6602252917735248 13 136.0
356 9.0 10.307692307692308 13.0 0.9473309334313419 13 134.0
357 9.0 10.384615384615385 12.0 0.8697184926229042 13 135.0
358 9.0 10.615384615384615 13.0 1.1208970766356101 13 138.0
359 9.0 10.538461538461538 13.0 1.0500305245868344 13 137.0
360 9.0 10.461538461538462 13.0 1.0500305245868344 13 136.0
361 10.0 10.461538461538462 12.0 0.7762500258061849 13 136.0
362 10.0 10.76923076923077 13.0 1.0127393670836666 13 140.0
363 10.0 10.615384615384615 13.0 1.1208970766356101 13 138.0
364 10.0 10.692307692307692 13.0 1.031553471276484 13 139.0
365 10.0 10.76923076923077 13.0 1.1657505560686465 13 140.0
366 10.0 10.846153846153847 13.0 0.898717034272917 13 141.0
367 10.0 11.0 13.0 1.0 13 143.0
368 10.0 10.923076923076923 13.0 0.9540735874430287 13 142.0
369 10.0 11.0 13.0 1.0801234497346435 13 143.0
370 10.0 11.153846153846153 13.0 0.9870962335856489 13 145.0
371 10.0 11.0 13.0 1.0801234497346435 13 143.0
372 10.0 11.153846153846153 13.0 0.9870962335856489 13 145.0
373 10.0 18.84615384615385 113.0 28.301490401997548 13 245.0
374 10.0 11.153846153846153 13.0 0.8006407690254358 13 145.0
375 10.0 11.0 13.0 0.9128709291752769 13 143.0
376 10.0 11.076923076923077 13.0 0.7595545253127501 13 144.0
377 10.0 11.23076923076923 13.0 0.9268086959962986 13 146.0
378 11.0 11.307692307692308 14.0 0.8548504142651104 13 147.0
379 11.0 11.23076923076923 13.0 0.5991446895152781 13 146.0
380 10.0 11.076923076923077 13.0 0.7595545253127501 13 144.0
381 10.0 11.307692307692308 14.0 1.1094003924504583 13 147.0
382 10.0 11.461538461538462 13.0 1.0500305245868344 13 149.0
383 11.0 11.461538461538462 13.0 0.7762500258061849 13 149.0
384 11.0 11.538461538461538 14.0 1.0500305245868344 13 150.0
385 11.0 11.384615384615385 13.0 0.6504436355879908 13 148.0
386 11.0 11.384615384615385 13.0 0.6504436355879908 13 148.0
387 11.0 11.76923076923077 14.0 0.8320502943378438 13 153.0
388 10.0 11.384615384615385 13.0 0.8697184926229042 13 148.0
389 11.0 11.615384615384615 14.0 0.960768922830523 13 151.0
390 11.0 11.76923076923077 14.0 0.8320502943378437 13 153.0
391 11.0 11.461538461538462 13.0 0.6602252917735248 13 149.0
392 11.0 11.692307692307692 13.0 0.7510676161988108 13 152.0
393 11.0 11.692307692307692 14.0 1.1094003924504583 13 152.0
394 11.0 12.153846153846153 14.0 0.8987170342729168 13 158.0
395 11.0 11.692307692307692 14.0 0.9473309334313419 13 152.0
396 11.0 11.923076923076923 14.0 0.8623164985025764 13 155.0
397 11.0 11.923076923076923 14.0 1.0377490433255419 13 155.0
398 11.0 11.923076923076923 14.0 0.8623164985025764 13 155.0
399 11.0 11.846153846153847 14.0 1.0681880176381124 13 154.0
400 11.0 11.76923076923077 14.0 0.9268086959962983 13 153.0
401 11.0 12.0 14.0 0.816496580927726 13 156.0
402 12.0 12.384615384615385 14.0 0.7679476477883044 13 161.0
403 11.0 12.307692307692308 14.0 0.7510676161988108 13 160.0
404 11.0 12.0 14.0 1.0 13 156.0
405 11.0 12.0 14.0 0.816496580927726 13 156.0
406 11.0 12.153846153846153 14.0 0.8006407690254358 13 158.0
407 11.0 12.076923076923077 14.0 0.6405126152203486 13 157.0
408 11.0 12.153846153846153 14.0 0.6887372317211947 13 158.0
409 12.0 13.153846153846153 24.0 3.3127570050275303 13 171.0
410 12.0 13.23076923076923 24.0 3.345490650458867 13 172.0
411 12.0 13.076923076923077 22.0 2.75262112847429 13 170.0
412 11.0 12.923076923076923 21.0 2.5318484177091656 13 168.0
413 11.0 12.615384615384615 19.0 2.0631069425529684 13 164.0
414 11.0 12.846153846153847 19.0 1.9935794376846325 13 167.0
415 12.0 12.76923076923077 18.0 1.7867030229749137 13 166.0
416 11.0 12.692307692307692 18.0 1.887883090687176 13 165.0
417 12.0 12.846153846153847 21.0 2.5115119565099246 13 167.0
418 12.0 13.23076923076923 19.0 1.9215378456610461 13 172.0
419 12.0 12.846153846153847 18.0 1.7722938923964169 13 167.0
420 12.0 13.0 17.0 1.4719601443879744 13 169.0
421 12.0 13.0 17.0 1.4719601443879744 13 169.0
422 12.0 12.846153846153847 16.0 1.2810252304406973 13 167.0
423 12.0 16.615384615384617 60.0 13.07375527241798 13 216.0
424 12.0 13.0 17.0 1.4719601443879744 13 169.0
425 12.0 13.0 16.0 1.224744871391589 13 169.0
426 12.0 13.153846153846153 15.0 0.987096233585649 13 171.0
427 12.0 13.0 15.0 0.9128709291752769 13 169.0
428 12.0 12.615384615384615 15.0 0.8697184926229041 13 164.0
429 12.0 12.846153846153847 15.0 0.8006407690254358 13 167.0
430 12.0 13.076923076923077 15.0 0.8623164985025763 13 170.0
431 12.0 13.076923076923077 15.0 0.6405126152203485 13 170.0
432 12.0 13.076923076923077 15.0 0.7595545253127501 13 170.0
433 12.0 12.846153846153847 15.0 0.898717034272917 13 167.0
434 12.0 13.076923076923077 15.0 0.7595545253127501 13 170.0
435 12.0 13.0 15.0 0.816496580927726 13 169.0
436 12.0 13.153846153846153 16.0 1.0681880176381124 13 171.0
437 12.0 13.0 15.0 0.816496580927726 13 169.0
438 13.0 13.23076923076923 15.0 0.5991446895152781 13 172.0
439 13.0 13.23076923076923 16.0 0.8320502943378438 13 172.0
440 12.0 16.307692307692307 53.0 11.078391996619782 13 212.0
441 12.0 13.153846153846153 15.0 0.8006407690254358 13 171.0
442 13.0 13.384615384615385 15.0 0.6504436355879908 13 174.0
443 13.0 13.538461538461538 16.0 0.8770580193070292 13 176.0
444 12.0 13.23076923076923 16.0 0.9268086959962987 13 172.0
445 12.0 13.307692307692308 16.0 0.9473309334313419 13 173.0
446 12.0 13.307692307692308 15.0 0.7510676161988108 13 173.0
447 12.0 13.461538461538462 16.0 0.9674179220468453 13 175.0
448 12.0 13.307692307692308 16.0 1.1094003924504583 13 173.0
449 13.0 13.538461538461538 16.0 0.8770580193070292 13 176.0
450 13.0 13.538461538461538 16.0 0.9674179220468453 13 176.0
451 13.0 13.846153846153847 16.0 0.898717034272917 13 180.0
452 13.0 13.615384615384615 17.0 1.192927878405448 13 177.0
453 13.0 13.76923076923077 16.0 0.9268086959962983 13 179.0
454 13.0 19.076923076923077 83.0 19.228717839304565 13 248.0
455 13.0 13.692307692307692 16.0 0.8548504142651104 13 178.0
456 13.0 17.615384615384617 63.0 13.659785634838626 13 229.0
457 13.0 14.307692307692308 20.0 1.9741924671712983 13 186.0
458 13.0 14.461538461538462 19.0 1.7134460703206962 13 188.0
459 13.0 14.307692307692308 18.0 1.377474463442389 13 186.0
460 13.0 14.307692307692308 17.0 1.1821319289469756 13 186.0
461 13.0 18.53846153846154 73.0 16.38401347154895 13 241.0
462 13.0 13.846153846153847 15.0 0.6887372317211946 13 180.0
463 13.0 16.53846153846154 48.0 9.474662567565707 13 215.0
464 13.0 14.076923076923077 18.0 1.3204505835470497 13 183.0
465 13.0 13.76923076923077 14.0 0.4385290096535146 13 179.0
466 13.0 14.076923076923077 15.0 0.49354811679282456 13 183.0
467 13.0 14.0 15.0 0.408248290463863 13 182.0
468 13.0 13.846153846153847 15.0 0.554700196225229 13 180.0
469 13.0 13.923076923076923 15.0 0.49354811679282456 13 181.0
470 13.0 14.0 15.0 0.408248290463863 13 182.0
471 13.0 14.153846153846153 15.0 0.6887372317211946 13 184.0
472 13.0 13.923076923076923 15.0 0.75955452531275 13 181.0
473 13.0 13.846153846153847 15.0 0.554700196225229 13 180.0
474 13.0 14.076923076923077 15.0 0.49354811679282456 13 183.0
475 14.0 14.384615384615385 15.0 0.5063696835418332 13 187.0
476 13.0 14.23076923076923 16.0 0.7250110520819842 13 185.0
477 14.0 14.23076923076923 15.0 0.4385290096535146 13 185.0
478 14.0 14.23076923076923 16.0 0.5991446895152781 13 185.0
479 14.0 14.461538461538462 16.0 0.6602252917735248 13 188.0
480 13.0 18.615384615384617 69.0 15.152219097866281 13 242.0
481 13.0 14.384615384615385 16.0 0.7679476477883044 13 187.0
482 14.0 14.384615384615385 16.0 0.6504436355879908 13 187.0
483 14.0 14.692307692307692 15.0 0.4803844614152614 13 191.0
484 14.0 14.307692307692308 15.0 0.4803844614152614 13 186.0
485 14.0 14.615384615384615 16.0 0.6504436355879908 13 190.0
486 14.0 14.76923076923077 16.0 0.5991446895152781 13 192.0
487 14.0 14.692307692307692 16.0 0.6304251719561152 13 191.0
488 14.0 14.461538461538462 16.0 0.6602252917735248 13 188.0
489 14.0 14.692307692307692 16.0 0.6304251719561152 13 191.0
490 14.0 14.692307692307692 16.0 0.6304251719561152 13 191.0
491 14.0 15.076923076923077 16.0 0.49354811679282445 13 196.0
492 14.0 14.76923076923077 16.0 0.8320502943378437 13 192.0
493 14.0 14.615384615384615 16.0 0.7679476477883044 13 190.0
494 14.0 14.923076923076923 16.0 0.49354811679282445 13 194.0
495 14.0 15.153846153846153 17.0 0.8006407690254358 13 197.0
496 14.0 14.76923076923077 16.0 0.5991446895152781 13 192.0
497 14.0 14.846153846153847 16.0 0.8006407690254358 13 193.0
498 14.0 15.076923076923077 17.0 0.6405126152203485 13 196.0
499 15.0 15.23076923076923 17.0 0.5991446895152781 13 198.0
500 14.0 14.923076923076923 16.0 0.6405126152203486 13 194.0
501 14.0 15.0 17.0 0.9128709291752769 13 195.0
502 14.0 15.076923076923077 17.0 0.8623164985025763 13 196.0
503 14.0 15.153846153846153 16.0 0.554700196225229 13 197.0
504 14.0 15.076923076923077 17.0 0.8623164985025763 13 196.0
505 15.0 15.307692307692308 17.0 0.6304251719561152 13 199.0
506 15.0 15.23076923076923 16.0 0.4385290096535146 13 198.0
507 15.0 15.615384615384615 17.0 0.6504436355879908 13 203.0
508 14.0 15.23076923076923 17.0 0.8320502943378436 13 198.0
509 14.0 15.307692307692308 17.0 0.7510676161988108 13 199.0
510 15.0 15.461538461538462 17.0 0.7762500258061849 13 201.0
511 15.0 15.461538461538462 17.0 0.6602252917735248 13 201.0
512 15.0 15.384615384615385 17.0 0.6504436355879908 13 200.0
513 15.0 15.692307692307692 17.0 0.6304251719561152 13 204.0
514 15.0 15.615384615384615 17.0 0.6504436355879908 13 203.0
515 15.0 15.615384615384615 17.0 0.6504436355879908 13 203.0
516 14.0 15.461538461538462 17.0 0.7762500258061849 13 201.0
517 15.0 15.76923076923077 17.0 0.7250110520819842 13 205.0
518 15.0 15.76923076923077 17.0 0.5991446895152781 13 205.0
519 15.0 15.615384615384615 17.0 0.7679476477883044 13 203.0
520 15.0 15.692307692307692 17.0 0.7510676161988108 13 204.0
521 15.0 16.0 18.0 0.816496580927726 13 208.0
522 15.0 15.923076923076923 17.0 0.6405126152203485 13 207.0
523 15.0 15.846153846153847 17.0 0.6887372317211946 13 206.0
524 15.0 15.846153846153847 18.0 0.8006407690254358 13 206.0
525 15.0 15.923076923076923 17.0 0.6405126152203486 13 207.0
526 15.0 16.076923076923077 18.0 0.8623164985025763 13 209.0
527 15.0 20.076923076923077 68.0 14.419093467006043 13 261.0
528 15.0 15.923076923076923 18.0 0.8623164985025764 13 207.0
529 15.0 16.23076923076923 18.0 0.7250110520819842 13 211.0
530 16.0 16.384615384615383 18.0 0.6504436355879909 13 213.0
531 16.0 16.384615384615383 18.0 0.6504436355879909 13 213.0
532 15.0 16.153846153846153 17.0 0.554700196225229 13 210.0
533 15.0 16.153846153846153 17.0 0.6887372317211946 13 210.0
534 15.0 16.076923076923077 17.0 0.6405126152203486 13 209.0
535 16.0 16.46153846153846 18.0 0.6602252917735247 13 214.0
536 15.0 16.23076923076923 18.0 0.7250110520819842 13 211.0
537 15.0 16.307692307692307 18.0 0.8548504142651104 13 212.0
538 15.0 16.307692307692307 18.0 0.7510676161988108 13 212.0
539 16.0 16.846153846153847 20.0 1.214231845389905 13 219.0
540 15.0 16.46153846153846 21.0 1.6132464481796025 13 214.0
541 15.0 16.692307692307693 19.0 1.1821319289469756 13 217.0
542 15.0 16.692307692307693 20.0 1.2506408613597126 13 217.0
543 16.0 17.0 20.0 1.2909944487358056 13 221.0
544 16.0 16.76923076923077 20.0 1.1657505560686465 13 218.0
545 16.0 16.846153846153847 19.0 1.0681880176381124 13 219.0
546 16.0 16.846153846153847 19.0 0.898717034272917 13 219.0
547 16.0 17.153846153846153 20.0 1.214231845389905 13 223.0
548 16.0 17.0 21.0 1.35400640077266 13 221.0
549 16.0 17.0 20.0 1.224744871391589 13 221.0
550 16.0 16.923076923076923 20.0 1.3204505835470497 13 220.0
551 16.0 17.076923076923077 20.0 1.0377490433255419 13 222.0
552 16.0 16.846153846153847 19.0 0.9870962335856489 13 219.0
553 16.0 16.923076923076923 19.0 0.7595545253127501 13 220.0
554 17.0 17.307692307692307 19.0 0.6304251719561154 13 225.0
555 16.0 17.153846153846153 18.0 0.554700196225229 13 223.0
556 16.0 16.76923076923077 18.0 0.7250110520819842 13 218.0
557 16.0 16.846153846153847 19.0 0.8006407690254358 13 219.0
558 16.0 17.153846153846153 19.0 0.6887372317211947 13 223.0
559 17.0 17.46153846153846 20.0 0.9674179220468452 13 227.0
560 16.0 17.307692307692307 20.0 1.1821319289469756 13 225.0
561 16.0 17.307692307692307 20.0 1.0315534712764838 13 225.0
562 17.0 20.76923076923077 59.0 11.526446736048987 13 270.0
563 17.0 18.076923076923077 24.0 2.0191391920625676 13 235.0
564 16.0 18.0 23.0 1.9578900207451218 13 234.0
565 16.0 18.0 22.0 1.7320508075688772 13 234.0
566 17.0 17.692307692307693 20.0 1.1821319289469756 13 230.0
567 17.0 17.846153846153847 21.0 1.2810252304406973 13 232.0
568 16.0 22.23076923076923 80.0 17.398054710004445 13 289.0
569 17.0 17.615384615384617 21.0 1.1208970766356101 13 229.0
570 17.0 21.23076923076923 63.0 12.57745235301282 13 276.0
571 17.0 17.76923076923077 21.0 1.0919284281983377 13 231.0
572 16.0 17.615384615384617 21.0 1.192927878405448 13 229.0
573 17.0 17.846153846153847 21.0 1.0681880176381124 13 232.0
574 16.0 17.76923076923077 21.0 1.165750556068647 13 231.0
575 17.0 17.76923076923077 21.0 1.1657505560686467 13 231.0
576 17.0 17.692307692307693 21.0 1.109400392450458 13 230.0
577 17.0 18.076923076923077 24.0 1.84668795692624 13 235.0
578 17.0 19.846153846153847 45.0 7.581184536360989 13 258.0
579 17.0 18.76923076923077 30.0 3.394943449549789 13 244.0
580 17.0 18.23076923076923 27.0 2.6818478130400485 13 237.0
581 17.0 18.384615384615383 25.0 2.063106942552968 13 239.0
582 17.0 18.153846153846153 23.0 1.5191090506255003 13 236.0
583 17.0 18.23076923076923 22.0 1.2351684199496946 13 237.0
584 17.0 17.846153846153847 20.0 0.8006407690254358 13 232.0
585 17.0 17.692307692307693 18.0 0.48038446141526137 13 230.0
586 17.0 18.076923076923077 19.0 0.49354811679282445 13 235.0
587 18.0 18.307692307692307 19.0 0.48038446141526137 13 238.0
588 17.0 18.0 19.0 0.5773502691896257 13 234.0
589 17.0 18.076923076923077 19.0 0.49354811679282456 13 235.0
590 17.0 18.076923076923077 20.0 0.6405126152203486 13 235.0
591 17.0 18.153846153846153 19.0 0.554700196225229 13 236.0
592 18.0 18.23076923076923 19.0 0.4385290096535146 13 237.0
593 17.0 18.076923076923077 19.0 0.49354811679282445 13 235.0
594 18.0 18.307692307692307 19.0 0.48038446141526137 13 238.0
595 18.0 18.53846153846154 20.0 0.6602252917735247 13 241.0
596 17.0 18.384615384615383 21.0 0.9607689228305228 13 239.0
597 17.0 18.53846153846154 21.0 0.9674179220468452 13 241.0
598 18.0 18.46153846153846 19.0 0.5188745216627708 13 240.0
599 18.0 18.615384615384617 20.0 0.6504436355879909 13 242.0
600 18.0 18.46153846153846 19.0 0.5188745216627708 13 240.0
601 18.0 18.692307692307693 20.0 0.7510676161988108 13 243.0
602 18.0 18.692307692307693 19.0 0.48038446141526137 13 243.0
603 18.0 18.692307692307693 19.0 0.48038446141526137 13 243.0
604 17.0 18.307692307692307 19.0 0.6304251719561152 13 238.0
605 18.0 18.692307692307693 19.0 0.48038446141526137 13 243.0
606 18.0 18.53846153846154 19.0 0.5188745216627708 13 241.0
607 18.0 18.923076923076923 20.0 0.4935481167928245 13 246.0
608 18.0 20.923076923076923 48.0 8.149248824907508 13 272.0
609 18.0 21.846153846153847 61.0 11.781667636955827 13 284.0
610 18.0 19.0 20.0 0.5773502691896257 13 247.0
611 18.0 19.0 20.0 0.5773502691896257 13 247.0
612 18.0 18.846153846153847 20.0 0.554700196225229 13 245.0
613 18.0 18.846153846153847 20.0 0.554700196225229 13 245.0
614 18.0 18.846153846153847 20.0 0.6887372317211946 13 245.0
615 18.0 19.076923076923077 20.0 0.6405126152203486 13 248.0
616 18.0 19.0 20.0 0.7071067811865476 13 247.0
617 18.0 19.0 20.0 0.408248290463863 13 247.0
618 18.0 19.153846153846153 20.0 0.554700196225229 13 249.0
619 19.0 20.153846153846153 27.0 2.1152680620571416 13 262.0
620 18.0 23.153846153846153 74.0 15.29622041467627 13 301.0
621 18.0 19.153846153846153 20.0 0.554700196225229 13 249.0
622 19.0 19.23076923076923 20.0 0.4385290096535146 13 250.0
623 18.0 19.076923076923077 20.0 0.49354811679282456 13 248.0
624 18.0 19.076923076923077 20.0 0.75955452531275 13 248.0
625 18.0 19.076923076923077 20.0 0.6405126152203486 13 248.0
626 18.0 19.307692307692307 20.0 0.6304251719561152 13 251.0
627 19.0 19.46153846153846 20.0 0.5188745216627708 13 253.0
628 19.0 19.692307692307693 23.0 1.109400392450458 13 256.0
629 19.0 19.692307692307693 23.0 1.109400392450458 13 256.0
630 19.0 19.615384615384617 23.0 1.1208970766356101 13 255.0
631 19.0 19.76923076923077 22.0 0.8320502943378437 13 257.0
632 19.0 19.46153846153846 21.0 0.6602252917735247 13 253.0
633 19.0 19.46153846153846 20.0 0.5188745216627708 13 253.0
634 19.0 19.46153846153846 21.0 0.6602252917735247 13 253.0
635 19.0 19.923076923076923 21.0 0.75955452531275 13 259.0
636 19.0 19.384615384615383 20.0 0.5063696835418332 13 252.0
637 19.0 19.76923076923077 21.0 0.5991446895152781 13 257.0
638 19.0 19.692307692307693 21.0 0.7510676161988108 13 256.0
639 19.0 19.692307692307693 21.0 0.6304251719561152 13 256.0
640 19.0 19.76923076923077 21.0 0.7250110520819842 13 257.0
641 19.0 19.76923076923077 21.0 0.7250110520819842 13 257.0
642 19.0 20.076923076923077 21.0 0.6405126152203485 13 261.0
643 19.0 20.153846153846153 21.0 0.554700196225229 13 262.0
644 19.0 19.692307692307693 21.0 0.6304251719561152 13 256.0
645 19.0 20.153846153846153 21.0 0.6887372317211945 13 262.0
646 19.0 20.153846153846153 21.0 0.554700196225229 13 262.0
647 19.0 20.153846153846153 21.0 0.554700196225229 13 262.0
648 19.0 19.923076923076923 21.0 0.6405126152203486 13 259.0
649 20.0 20.23076923076923 21.0 0.4385290096535146 13 263.0
650 20.0 20.23076923076923 21.0 0.4385290096535146 13 263.0
651 20.0 20.53846153846154 21.0 0.5188745216627708 13 267.0
652 19.0 20.153846153846153 22.0 0.8006407690254358 13 262.0
653 20.0 20.384615384615383 21.0 0.5063696835418332 13 265.0
654 20.0 20.53846153846154 22.0 0.6602252917735247 13 267.0
655 20.0 20.46153846153846 22.0 0.6602252917735247 13 266.0
656 19.0 20.076923076923077 21.0 0.6405126152203485 13 261.0
657 20.0 20.46153846153846 23.0 0.8770580193070292 13 266.0
658 20.0 20.76923076923077 23.0 0.8320502943378438 13 270.0
659 20.0 20.615384615384617 22.0 0.6504436355879908 13 268.0
660 20.0 20.46153846153846 21.0 0.5188745216627708 13 266.0
661 20.0 20.615384615384617 22.0 0.6504436355879909 13 268.0
662 20.0 20.615384615384617 21.0 0.5063696835418332 13 268.0
663 20.0 20.76923076923077 22.0 0.5991446895152781 13 270.0
664 20.0 20.615384615384617 22.0 0.6504436355879908 13 268.0
665 20.0 20.76923076923077 22.0 0.5991446895152781 13 270.0
666 20.0 20.846153846153847 21.0 0.3755338080994054 13 271.0
667 20.0 23.53846153846154 58.0 10.365128915546464 13 306.0
668 20.0 20.76923076923077 22.0 0.8320502943378436 13 270.0
669 20.0 20.615384615384617 21.0 0.5063696835418332 13 268.0
670 20.0 21.0 22.0 0.5773502691896257 13 273.0
671 20.0 20.923076923076923 22.0 0.6405126152203485 13 272.0
672 20.0 21.0 24.0 1.0 13 273.0
673 20.0 21.076923076923077 22.0 0.49354811679282445 13 274.0
674 20.0 23.0 46.0 6.928203230275509 13 299.0
675 20.0 21.23076923076923 22.0 0.5991446895152781 13 276.0
676 20.0 20.846153846153847 22.0 0.6887372317211946 13 271.0
677 20.0 21.0 22.0 0.7071067811865476 13 273.0
678 20.0 21.076923076923077 22.0 0.6405126152203485 13 274.0
679 20.0 21.23076923076923 22.0 0.5991446895152781 13 276.0
680 20.0 21.307692307692307 23.0 0.7510676161988108 13 277.0
681 20.0 21.153846153846153 22.0 0.6887372317211946 13 275.0
682 20.0 21.307692307692307 22.0 0.6304251719561152 13 277.0
683 21.0 21.23076923076923 22.0 0.4385290096535146 13 276.0
684 20.0 21.23076923076923 22.0 0.5991446895152781 13 276.0
685 21.0 21.53846153846154 23.0 0.6602252917735247 13 280.0
686 21.0 21.46153846153846 22.0 0.5188745216627708 13 279.0
687 21.0 21.384615384615383 22.0 0.5063696835418332 13 278.0
688 21.0 21.53846153846154 23.0 0.6602252917735247 13 280.0
689 21.0 21.53846153846154 23.0 0.6602252917735247 13 280.0
690 21.0 21.53846153846154 22.0 0.5188745216627708 13 280.0
691 21.0 21.846153846153847 22.0 0.3755338080994054 13 284.0
692 21.0 21.46153846153846 22.0 0.5188745216627708 13 279.0
693 21.0 21.615384615384617 22.0 0.5063696835418333 13 281.0
694 21.0 21.76923076923077 23.0 0.5991446895152781 13 283.0
695 21.0 21.846153846153847 23.0 0.554700196225229 13 284.0
696 21.0 21.846153846153847 23.0 0.6887372317211946 13 284.0
697 21.0 21.615384615384617 23.0 0.6504436355879909 13 281.0
698 21.0 21.692307692307693 23.0 0.6304251719561152 13 282.0
699 21.0 21.76923076923077 22.0 0.4385290096535146 13 283.0
700 21.0 21.76923076923077 23.0 0.5991446895152781 13 283.0
701 21.0 22.0 23.0 0.5773502691896257 13 286.0
702 21.0 22.0 23.0 0.5773502691896257 13 286.0
703 21.0 22.076923076923077 23.0 0.6405126152203486 13 287.0
704 21.0 21.923076923076923 23.0 0.75955452531275 13 285.0
705 21.0 22.0 23.0 0.5773502691896257 13 286.0
706 22.0 22.153846153846153 23.0 0.3755338080994054 13 288.0
707 22.0 22.384615384615383 23.0 0.5063696835418332 13 291.0
708 21.0 22.307692307692307 23.0 0.6304251719561152 13 290.0
709 21.0 22.076923076923077 23.0 0.6405126152203485 13 287.0
710 22.0 22.307692307692307 23.0 0.4803844614152613 13 290.0
711 22.0 22.46153846153846 23.0 0.5188745216627708 13 292.0
712 21.0 22.23076923076923 23.0 0.7250110520819842 13 289.0
713 22.0 22.23076923076923 23.0 0.4385290096535146 13 289.0
714 22.0 22.692307692307693 23.0 0.48038446141526137 13 295.0
715 22.0 22.615384615384617 24.0 0.6504436355879908 13 294.0
716 22.0 22.53846153846154 24.0 0.6602252917735247 13 293.0
717 22.0 22.46153846153846 24.0 0.7762500258061847 13 292.0
718 21.0 22.53846153846154 23.0 0.6602252917735247 13 293.0
719 21.0 24.384615384615383 44.0 5.937710859953544 13 317.0
720 21.0 24.076923076923077 44.0 6.047885835308325 13 313.0
721 22.0 23.846153846153847 38.0 4.298180891302619 13 310.0
722 22.0 24.153846153846153 41.0 5.080127194046652 13 314.0
723 22.0 24.076923076923077 35.0 3.3282011773513744 13 313.0
724 21.0 23.153846153846153 31.0 2.444250186531439 13 301.0
725 22.0 23.23076923076923 29.0 1.832750490103429 13 302.0
726 22.0 23.076923076923077 27.0 1.3204505835470495 13 300.0
727 22.0 23.0 24.0 0.7071067811865476 13 299.0
728 22.0 22.846153846153847 24.0 0.6887372317211946 13 297.0
729 22.0 23.076923076923077 24.0 0.49354811679282456 13 300.0
730 22.0 22.923076923076923 24.0 0.6405126152203485 13 298.0
731 22.0 23.153846153846153 24.0 0.554700196225229 13 301.0
732 22.0 23.076923076923077 24.0 0.6405126152203485 13 300.0
733 22.0 23.076923076923077 24.0 0.6405126152203485 13 300.0
734 22.0 23.076923076923077 24.0 0.6405126152203486 13 300.0
735 22.0 23.23076923076923 25.0 0.7250110520819842 13 302.0
736 22.0 23.23076923076923 24.0 0.7250110520819842 13 302.0
737 22.0 23.307692307692307 24.0 0.6304251719561154 13 303.0
738 23.0 23.46153846153846 24.0 0.5188745216627708 13 305.0
739 23.0 23.76923076923077 25.0 0.7250110520819842 13 309.0
740 22.0 23.307692307692307 24.0 0.7510676161988108 13 303.0
741 22.0 23.23076923076923 25.0 0.8320502943378436 13 302.0
742 23.0 23.53846153846154 24.0 0.5188745216627708 13 306.0
743 22.0 24.076923076923077 32.0 2.465141593686471 13 313.0
744 22.0 23.23076923076923 24.0 0.7250110520819842 13 302.0
745 23.0 23.307692307692307 24.0 0.48038446141526137 13 303.0
746 23.0 23.846153846153847 24.0 0.3755338080994054 13 310.0
747 23.0 23.615384615384617 25.0 0.650443635587991 13 307.0
748 22.0 23.384615384615383 25.0 0.8697184926229041 13 304.0
749 23.0 23.53846153846154 24.0 0.5188745216627708 13 306.0
750 23.0 23.615384615384617 25.0 0.6504436355879909 13 307.0
751 23.0 23.76923076923077 25.0 0.7250110520819842 13 309.0
752 23.0 23.692307692307693 25.0 0.6304251719561152 13 308.0
753 23.0 23.692307692307693 25.0 0.7510676161988108 13 308.0
754 23.0 23.76923076923077 25.0 0.7250110520819842 13 309.0
755 23.0 24.153846153846153 25.0 0.6887372317211946 13 314.0
756 23.0 23.615384615384617 25.0 0.6504436355879909 13 307.0
757 23.0 24.076923076923077 25.0 0.6405126152203485 13 313.0
758 23.0 24.076923076923077 25.0 0.75955452531275 13 313.0
759 23.0 24.23076923076923 28.0 1.3008872711759818 13 315.0
760 23.0 23.846153846153847 27.0 1.1435437497937309 13 310.0
761 23.0 24.307692307692307 28.0 1.2506408613597126 13 316.0
762 24.0 24.53846153846154 28.0 1.126601424298216 13 319.0
763 23.0 24.46153846153846 27.0 1.0500305245868342 13 318.0
764 23.0 24.846153846153847 33.0 2.8238907511373337 13 323.0
765 23.0 24.46153846153846 28.0 1.1982893790305562 13 318.0
766 23.0 24.46153846153846 29.0 1.5607361839521232 13 318.0
767 24.0 28.153846153846153 69.0 12.327788081174944 13 366.0
768 23.0 24.384615384615383 28.0 1.3252962900462133 13 317.0
769 23.0 24.692307692307693 28.0 1.1821319289469756 13 321.0
770 23.0 24.692307692307693 29.0 1.4366984945013916 13 321.0
771 24.0 24.846153846153847 28.0 1.0681880176381124 13 323.0
772 24.0 24.692307692307693 29.0 1.3774744634423894 13 321.0
773 24.0 24.615384615384617 28.0 1.1208970766356101 13 320.0
774 23.0 24.76923076923077 28.0 1.165750556068647 13 322.0
775 24.0 24.923076923076923 28.0 1.1151635501529558 13 324.0
776 24.0 24.615384615384617 28.0 1.1208970766356101 13 320.0
777 24.0 25.076923076923077 29.0 1.3204505835470497 13 326.0
778 24.0 25.0 29.0 1.35400640077266 13 325.0
779 24.0 25.153846153846153 29.0 1.4051188470584883 13 327.0
780 24.0 24.76923076923077 28.0 1.091928428198338 13 322.0
781 24.0 28.076923076923077 46.0 7.398891115808485 13 365.0
782 24.0 26.46153846153846 44.0 5.379209740835305 13 344.0
783 24.0 26.23076923076923 40.0 4.342692063567755 13 341.0
784 23.0 26.076923076923077 43.0 5.219539227133918 13 339.0
785 24.0 26.0 37.0 3.4641016151377544 13 338.0
786 24.0 25.76923076923077 33.0 2.521700687824461 13 335.0
787 24.0 26.0 32.0 2.160246899469287 13 338.0
788 24.0 28.76923076923077 69.0 12.16657885461813 13 374.0
789 24.0 25.23076923076923 29.0 1.3634420996046581 13 328.0
790 24.0 25.384615384615383 29.0 1.2608503439122305 13 330.0
791 24.0 25.46153846153846 29.0 1.3913653136029502 13 331.0
792 24.0 25.076923076923077 29.0 1.4978617237881953 13 326.0
793 24.0 25.307692307692307 29.0 1.4366984945013916 13 329.0
794 25.0 25.692307692307693 30.0 1.3774744634423894 13 334.0
795 24.0 25.615384615384617 30.0 1.4455945454184551 13 333.0
796 24.0 25.53846153846154 30.0 1.5063966175050876 13 332.0
797 24.0 25.615384615384617 30.0 1.4455945454184551 13 333.0
798 24.0 25.692307692307693 30.0 1.4366984945013916 13 334.0
799 25.0 25.846153846153847 31.0 1.6251232694862388 13 336.0
800 24.0 25.46153846153846 30.0 1.6132464481796025 13 331.0
801 25.0 25.615384615384617 30.0 1.386750490563073 13 333.0
802 25.0 25.846153846153847 30.0 1.3445044840729647 13 336.0
803 25.0 28.692307692307693 60.0 9.490210880907892 13 373.0
804 24.0 27.23076923076923 43.0 5.246488447108316 13 354.0
805 25.0 26.076923076923077 32.0 1.8912755158683456 13 339.0
806 25.0 25.692307692307693 27.0 0.7510676161988108 13 334.0
807 25.0 25.846153846153847 27.0 0.8006407690254358 13 336.0
808 25.0 25.615384615384617 27.0 0.7679476477883045 13 333.0
809 25.0 25.692307692307693 27.0 0.7510676161988108 13 334.0
810 25.0 25.76923076923077 27.0 0.5991446895152781 13 335.0
811 25.0 26.076923076923077 27.0 0.8623164985025763 13 339.0
812 25.0 25.615384615384617 27.0 0.6504436355879909 13 333.0
813 25.0 26.0 27.0 0.816496580927726 13 338.0
814 25.0 25.923076923076923 27.0 0.75955452531275 13 337.0
815 25.0 26.0 27.0 0.5773502691896257 13 338.0
816 25.0 26.0 28.0 0.9128709291752769 13 338.0
817 25.0 26.0 27.0 0.5773502691896257 13 338.0
818 25.0 26.23076923076923 27.0 0.7250110520819842 13 341.0
819 25.0 26.076923076923077 27.0 0.49354811679282456 13 339.0
820 25.0 27.076923076923077 40.0 3.946761086881631 13 352.0
821 25.0 25.923076923076923 26.0 0.2773500981126145 13 337.0
822 25.0 26.0 27.0 0.5773502691896257 13 338.0
823 26.0 29.76923076923077 71.0 12.3972701709815 13 387.0
824 25.0 26.153846153846153 27.0 0.554700196225229 13 340.0
825 26.0 26.23076923076923 27.0 0.4385290096535146 13 341.0
826 25.0 26.23076923076923 27.0 0.5991446895152781 13 341.0
827 26.0 26.384615384615383 28.0 0.650443635587991 13 343.0
828 25.0 26.23076923076923 27.0 0.5991446895152781 13 341.0
829 26.0 26.384615384615383 28.0 0.6504436355879909 13 343.0
830 25.0 26.23076923076923 27.0 0.5991446895152781 13 341.0
831 26.0 26.46153846153846 27.0 0.5188745216627708 13 344.0
832 25.0 26.307692307692307 27.0 0.6304251719561152 13 342.0
833 25.0 27.076923076923077 37.0 3.040327242845701 13 352.0
834 25.0 26.53846153846154 27.0 0.6602252917735247 13 345.0
835 26.0 26.46153846153846 28.0 0.7762500258061847 13 344.0
836 25.0 26.384615384615383 28.0 0.7679476477883046 13 343.0
837 26.0 26.46153846153846 28.0 0.7762500258061847 13 344.0
838 26.0 26.53846153846154 28.0 0.6602252917735247 13 345.0
839 26.0 26.692307692307693 28.0 0.7510676161988108 13 347.0
840 26.0 26.615384615384617 28.0 0.7679476477883046 13 346.0
841 26.0 31.846153846153847 95.0 18.98177263344212 13 414.0
842 26.0 28.0 41.0 3.958114029012639 13 364.0
843 26.0 28.846153846153847 42.0 4.879312688042478 13 375.0
844 26.0 27.153846153846153 34.0 2.154303980645638 13 353.0
845 26.0 26.923076923076923 28.0 0.6405126152203486 13 350.0
846 26.0 26.53846153846154 27.0 0.5188745216627708 13 345.0
847 26.0 27.0 28.0 0.5773502691896257 13 351.0
848 26.0 26.846153846153847 28.0 0.6887372317211946 13 349.0
849 26.0 26.76923076923077 28.0 0.7250110520819842 13 348.0
850 26.0 27.23076923076923 28.0 0.5991446895152781 13 354.0
851 26.0 27.153846153846153 28.0 0.554700196225229 13 353.0
852 26.0 26.846153846153847 28.0 0.554700196225229 13 349.0
853 26.0 28.76923076923077 48.0 5.818846480100189 13 374.0
854 26.0 26.923076923076923 28.0 0.6405126152203485 13 350.0
855 27.0 27.307692307692307 28.0 0.48038446141526125 13 355.0
856 26.0 27.076923076923077 28.0 0.6405126152203485 13 352.0
857 26.0 27.307692307692307 29.0 0.7510676161988108 13 355.0
858 26.0 27.384615384615383 29.0 0.7679476477883046 13 356.0
859 26.0 27.615384615384617 30.0 1.0439078454267838 13 359.0
860 26.0 27.076923076923077 28.0 0.75955452531275 13 352.0
861 27.0 27.307692307692307 28.0 0.4803844614152613 13 355.0
862 27.0 27.307692307692307 28.0 0.48038446141526125 13 355.0
863 27.0 27.53846153846154 29.0 0.6602252917735247 13 358.0
864 26.0 27.384615384615383 29.0 0.8697184926229041 13 356.0
865 26.0 27.23076923076923 28.0 0.5991446895152781 13 354.0
866 27.0 27.923076923076923 30.0 0.8623164985025763 13 363.0
867 27.0 27.53846153846154 29.0 0.6602252917735247 13 358.0
868 26.0 27.384615384615383 29.0 0.8697184926229041 13 356.0
869 27.0 27.53846153846154 29.0 0.6602252917735247 13 358.0
870 27.0 27.53846153846154 29.0 0.6602252917735247 13 358.0
871 27.0 27.846153846153847 29.0 0.6887372317211945 13 362.0
872 26.0 27.76923076923077 29.0 0.7250110520819842 13 361.0
873 27.0 27.76923076923077 29.0 0.8320502943378437 13 361.0
874 27.0 28.384615384615383 32.0 1.3867504905630728 13 369.0
875 27.0 29.23076923076923 43.0 4.225987974305459 13 380.0
876 27.0 28.53846153846154 37.0 2.5695455050580636 13 371.0
877 27.0 28.23076923076923 34.0 1.8327504901034297 13 367.0
878 27.0 28.307692307692307 31.0 0.9473309334313416 13 368.0
879 27.0 28.384615384615383 30.0 0.7679476477883045 13 369.0
880 27.0 27.76923076923077 29.0 0.7250110520819842 13 361.0
881 27.0 28.0 29.0 0.7071067811865476 13 364.0
882 27.0 28.307692307692307 30.0 0.7510676161988108 13 368.0
883 27.0 28.307692307692307 31.0 1.031553471276484 13 368.0
884 27.0 27.846153846153847 29.0 0.6887372317211945 13 362.0
885 27.0 28.307692307692307 30.0 0.8548504142651103 13 368.0
886 27.0 28.384615384615383 29.0 0.6504436355879909 13 369.0
887 28.0 28.307692307692307 29.0 0.48038446141526137 13 368.0
888 27.0 28.153846153846153 29.0 0.8006407690254358 13 366.0
889 28.0 28.46153846153846 30.0 0.6602252917735247 13 370.0
890 28.0 28.53846153846154 30.0 0.7762500258061847 13 371.0
891 28.0 28.53846153846154 29.0 0.5188745216627708 13 371.0
892 27.0 28.23076923076923 30.0 0.9268086959962984 13 367.0
893 27.0 28.46153846153846 30.0 0.7762500258061847 13 370.0
894 28.0 28.615384615384617 30.0 0.7679476477883046 13 372.0
895 28.0 28.53846153846154 30.0 0.6602252917735247 13 371.0
896 27.0 28.307692307692307 30.0 0.8548504142651104 13 368.0
897 28.0 29.307692307692307 39.0 3.0106648043418196 13 381.0
898 28.0 29.0 30.0 0.7071067811865476 13 377.0
899 28.0 29.153846153846153 31.0 0.8987170342729172 13 379.0
900 27.0 28.307692307692307 29.0 0.6304251719561152 13 368.0
901 28.0 28.76923076923077 30.0 0.7250110520819842 13 374.0
902 27.0 28.846153846153847 30.0 0.898717034272917 13 375.0
903 28.0 28.76923076923077 30.0 0.7250110520819842 13 374.0
904 27.0 28.692307692307693 30.0 0.7510676161988108 13 373.0
905 28.0 28.692307692307693 30.0 0.7510676161988108 13 373.0
906 28.0 29.0 31.0 0.816496580927726 13 377.0
907 28.0 29.076923076923077 30.0 0.6405126152203485 13 378.0
908 28.0 29.076923076923077 35.0 1.8912755158683456 13 378.0
909 28.0 28.923076923076923 30.0 0.6405126152203486 13 376.0
910 27.0 28.846153846153847 30.0 0.8006407690254357 13 375.0
911 28.0 30.692307692307693 49.0 5.528481035881607 13 399.0
912 28.0 30.46153846153846 52.0 6.514284107704961 13 396.0
913 29.0 29.384615384615383 31.0 0.6504436355879909 13 382.0
914 28.0 28.923076923076923 30.0 0.75955452531275 13 376.0
915 28.0 29.23076923076923 31.0 0.8320502943378438 13 380.0
916 28.0 31.307692307692307 60.0 8.64469601725643 13 407.0
917 28.0 29.153846153846153 31.0 0.8006407690254358 13 379.0
918 28.0 29.53846153846154 35.0 1.8081014266989481 13 384.0
919 29.0 29.307692307692307 31.0 0.6304251719561154 13 381.0
920 28.0 29.23076923076923 30.0 0.5991446895152781 13 380.0
921 28.0 29.153846153846153 31.0 0.6887372317211947 13 379.0
922 29.0 29.384615384615383 31.0 0.6504436355879909 13 382.0
923 29.0 29.53846153846154 30.0 0.5188745216627708 13 384.0
924 28.0 29.0 31.0 0.816496580927726 13 377.0
925 28.0 29.307692307692307 30.0 0.6304251719561152 13 381.0
926 28.0 29.46153846153846 31.0 0.7762500258061847 13 383.0
927 28.0 29.615384615384617 31.0 0.7679476477883045 13 385.0
928 28.0 29.384615384615383 31.0 0.9607689228305228 13 382.0
929 28.0 29.384615384615383 31.0 0.7679476477883046 13 382.0
930 29.0 29.923076923076923 31.0 0.6405126152203486 13 389.0
931 29.0 30.0 31.0 0.816496580927726 13 390.0
932 29.0 29.76923076923077 32.0 0.9268086959962983 13 387.0
933 29.0 29.615384615384617 31.0 0.6504436355879909 13 385.0
934 29.0 29.846153846153847 31.0 0.554700196225229 13 388.0
935 29.0 30.076923076923077 32.0 0.9540735874430286 13 391.0
936 29.0 29.615384615384617 31.0 0.7679476477883046 13 385.0
937 29.0 30.0 32.0 0.816496580927726 13 390.0
938 29.0 30.076923076923077 31.0 0.6405126152203485 13 391.0
939 29.0 30.23076923076923 32.0 0.7250110520819842 13 393.0
940 29.0 35.53846153846154 87.0 16.11735805798304 13 462.0
941 29.0 30.0 32.0 0.816496580927726 13 390.0
942 29.0 29.923076923076923 32.0 0.9540735874430287 13 389.0
943 29.0 31.846153846153847 49.0 5.225676253624243 13 414.0
944 29.0 30.0 32.0 0.9128709291752769 13 390.0
945 29.0 30.0 32.0 0.816496580927726 13 390.0
946 29.0 33.46153846153846 57.0 8.058281295406449 13 435.0
947 29.0 32.07692307692308 51.0 5.808923286082348 13 417.0
948 29.0 31.307692307692307 44.0 3.9026618135279456 13 407.0
949 29.0 31.384615384615383 44.0 3.9272225456519423 13 408.0
950 30.0 31.076923076923077 39.0 2.4987176198181626 13 404.0
951 29.0 31.0 35.0 1.5275252316519468 13 403.0
952 29.0 31.846153846153847 49.0 5.225676253624243 13 414.0
953 29.0 30.384615384615383 33.0 1.0439078454267838 13 395.0
954 29.0 30.46153846153846 32.0 0.9674179220468452 13 396.0
955 29.0 30.76923076923077 32.0 1.0127393670836666 13 400.0
956 29.0 30.615384615384617 33.0 0.9607689228305228 13 398.0
957 30.0 30.76923076923077 33.0 1.0127393670836666 13 400.0
958 30.0 30.692307692307693 32.0 0.7510676161988108 13 399.0
959 30.0 30.846153846153847 33.0 0.9870962335856489 13 401.0
960 30.0 30.46153846153846 33.0 0.8770580193070292 13 396.0
961 30.0 30.846153846153847 33.0 0.898717034272917 13 401.0
962 30.0 31.076923076923077 33.0 0.9540735874430286 13 404.0
963 30.0 30.846153846153847 33.0 0.987096233585649 13 401.0
964 30.0 36.46153846153846 103.0 20.015058433653504 13 474.0
965 30.0 30.846153846153847 33.0 0.9870962335856489 13 401.0
966 30.0 31.076923076923077 33.0 0.8623164985025763 13 404.0
967 30.0 31.0 33.0 0.816496580927726 13 403.0
968 30.0 30.692307692307693 33.0 0.9473309334313417 13 399.0
969 30.0 31.23076923076923 33.0 0.7250110520819842 13 406.0
970 30.0 31.23076923076923 34.0 1.091928428198338 13 406.0
971 30.0 31.307692307692307 33.0 0.9473309334313417 13 407.0
972 30.0 31.0 34.0 1.1547005383792515 13 403.0
973 30.0 31.076923076923077 33.0 0.8623164985025763 13 404.0
974 30.0 31.307692307692307 33.0 0.8548504142651103 13 407.0
975 30.0 31.23076923076923 33.0 0.7250110520819842 13 406.0
976 30.0 34.84615384615385 82.0 14.18241959755195 13 453.0
977 30.0 31.153846153846153 32.0 0.6887372317211946 13 405.0
978 30.0 30.76923076923077 33.0 1.0127393670836666 13 400.0
979 30.0 31.076923076923077 33.0 0.8623164985025763 13 404.0
980 30.0 31.0 32.0 0.7071067811865476 13 403.0
981 31.0 31.23076923076923 33.0 0.5991446895152781 13 406.0
982 31.0 31.307692307692307 33.0 0.6304251719561154 13 407.0
983 31.0 31.307692307692307 32.0 0.4803844614152613 13 407.0
984 30.0 31.153846153846153 33.0 0.6887372317211947 13 405.0
985 30.0 31.307692307692307 33.0 0.7510676161988108 13 407.0
986 31.0 31.53846153846154 34.0 0.8770580193070292 13 410.0
987 31.0 31.53846153846154 33.0 0.7762500258061847 13 410.0
988 31.0 31.23076923076923 32.0 0.4385290096535146 13 406.0
989 30.0 31.53846153846154 33.0 0.7762500258061847 13 410.0
990 31.0 31.384615384615383 33.0 0.6504436355879909 13 408.0
991 31.0 31.53846153846154 32.0 0.5188745216627708 13 410.0
992 31.0 31.53846153846154 32.0 0.5188745216627708 13 410.0
993 31.0 31.615384615384617 33.0 0.7679476477883046 13 411.0
994 31.0 31.923076923076923 33.0 0.6405126152203485 13 415.0
995 31.0 31.923076923076923 33.0 0.75955452531275 13 415.0
996 30.0 31.615384615384617 33.0 0.8697184926229041 13 411.0
997 31.0 33.76923076923077 58.0 7.3047227434704425 13 439.0
998 31.0 31.615384615384617 33.0 0.7679476477883046 13 411.0
999 31.0 31.923076923076923 33.0 0.6405126152203486 13 415.0
1000 31.0 31.692307692307693 33.0 0.6304251719561152 13 412.0
1001 31.0 31.76923076923077 33.0 0.5991446895152781 13 413.0
1002 31.0 32.0 34.0 0.816496580927726 13 416.0
1003 31.0 32.15384615384615 34.0 0.898717034272917 13 418.0
1004 31.0 31.692307692307693 33.0 0.6304251719561152 13 412.0
1005 31.0 32.07692307692308 33.0 0.7595545253127498 13 417.0
1006 31.0 32.07692307692308 33.0 0.6405126152203485 13 417.0
1007 32.0 32.38461538461539 33.0 0.5063696835418334 13 421.0
1008 31.0 31.923076923076923 33.0 0.7595545253127501 13 415.0
1009 31.0 32.07692307692308 34.0 0.8623164985025762 13 417.0
1010 31.0 32.23076923076923 34.0 0.8320502943378437 13 419.0
1011 31.0 32.46153846153846 35.0 1.126601424298216 13 422.0
1012 31.0 32.15384615384615 34.0 0.6887372317211947 13 418.0
1013 31.0 32.46153846153846 35.0 0.9674179220468452 13 422.0
1014 32.0 32.46153846153846 34.0 0.6602252917735247 13 422.0
1015 32.0 32.61538461538461 35.0 0.869718492622904 13 424.0
1016 31.0 32.46153846153846 36.0 1.2659242088545832 13 422.0
1017 31.0 32.61538461538461 38.0 1.8045526471705544 13 424.0
1018 32.0 32.76923076923077 38.0 1.6908501882113507 13 426.0
1019 32.0 33.07692307692308 38.0 1.7541160386140584 13 430.0
1020 31.0 32.76923076923077 38.0 1.7867030229749132 13 426.0
1021 31.0 32.84615384615385 38.0 1.7246329970051528 13 427.0
1022 32.0 33.07692307692308 38.0 1.5525000516123695 13 430.0
1023 32.0 32.92307692307692 38.0 1.6563785025137652 13 428.0
1024 31.0 33.0 38.0 1.6832508230603465 13 429.0
1025 32.0 33.0 38.0 1.6832508230603465 13 429.0
1026 32.0 33.15384615384615 38.0 1.7246329970051528 13 431.0
1027 32.0 33.38461538461539 38.0 1.6092680291808419 13 434.0
1028 32.0 34.07692307692308 45.0 3.6391743216820136 13 443.0
1029 32.0 33.30769230769231 38.0 1.4935759876113541 13 433.0
1030 32.0 33.15384615384615 39.0 1.8639632438326073 13 431.0
1031 32.0 33.15384615384615 38.0 1.5730095277394145 13 431.0
1032 32.0 32.92307692307692 38.0 1.6563785025137652 13 428.0
1033 32.0 34.53846153846154 48.0 4.408616272244323 13 449.0
1034 32.0 33.38461538461539 38.0 1.6092680291808419 13 434.0
1035 32.0 33.61538461538461 39.0 1.8045526471705544 13 437.0
1036 32.0 36.84615384615385 81.0 13.365665925834957 13 479.0
1037 32.0 34.61538461538461 48.0 4.388212649406391 13 450.0
1038 32.0 34.0 42.0 3.0 13 442.0
1039 32.0 34.07692307692308 39.0 1.9348358440936904 13 443.0
1040 32.0 33.30769230769231 40.0 2.0970064133034727 13 433.0
1041 32.0 33.46153846153846 39.0 1.8081014266989481 13 435.0
1042 32.0 33.69230769230769 40.0 2.015961945102774 13 438.0
1043 32.0 33.84615384615385 39.0 1.8639632438326073 13 440.0
1044 32.0 33.23076923076923 39.0 1.8776690404970273 13 432.0
1045 32.0 33.46153846153846 39.0 1.8081014266989481 13 435.0
1046 32.0 33.46153846153846 39.0 1.8081014266989477 13 435.0
1047 32.0 33.61538461538461 38.0 1.556623564988313 13 437.0
1048 32.0 35.53846153846154 63.0 8.422345126857332 13 462.0
1049 33.0 35.76923076923077 60.0 7.473886161761788 13 465.0
1050 32.0 35.23076923076923 53.0 5.525001450284065 13 458.0
1051 33.0 35.69230769230769 57.0 6.612924408366485 13 464.0
1052 32.0 34.69230769230769 46.0 3.8162943497721145 13 451.0
1053 32.0 34.30769230769231 40.0 2.4284636907798105 13 446.0
1054 32.0 33.76923076923077 39.0 1.6908501882113507 13 439.0
1055 32.0 33.92307692307692 39.0 1.7059473644448735 13 441.0
1056 33.0 33.69230769230769 39.0 1.6525039276108338 13 438.0
1057 33.0 34.0 39.0 1.632993161855452 13 442.0
1058 33.0 34.0 39.0 1.632993161855452 13 442.0
1059 33.0 34.38461538461539 40.0 1.7577666482623875 13 447.0
1060 33.0 33.92307692307692 39.0 1.6563785025137652 13 441.0
1061 33.0 34.07692307692308 39.0 1.7059473644448735 13 443.0
1062 32.0 34.0 39.0 1.6832508230603465 13 442.0
1063 33.0 38.0 81.0 13.038404810405298 13 494.0
1064 32.0 33.84615384615385 41.0 2.3038429433649137 13 440.0
1065 33.0 34.15384615384615 41.0 2.154303980645638 13 444.0
1066 33.0 34.23076923076923 40.0 1.8327504901034293 13 445.0
1067 33.0 34.15384615384615 40.0 1.8639632438326073 13 444.0
1068 33.0 33.76923076923077 39.0 1.6908501882113507 13 439.0
1069 33.0 34.38461538461539 40.0 1.8946618668626831 13 447.0
1070 33.0 34.23076923076923 40.0 1.8327504901034293 13 445.0
1071 33.0 38.76923076923077 94.0 16.61401941210016 13 504.0
1072 32.0 33.92307692307692 36.0 0.9540735874430284 13 441.0
1073 33.0 34.23076923076923 36.0 0.8320502943378437 13 445.0
1074 33.0 34.23076923076923 35.0 0.7250110520819842 13 445.0
1075 34.0 35.92307692307692 54.0 5.469027007636405 13 467.0
1076 32.0 33.92307692307692 35.0 0.8623164985025763 13 441.0
1077 33.0 34.07692307692308 35.0 0.6405126152203485 13 443.0
1078 33.0 34.07692307692308 36.0 0.7595545253127498 13 443.0
1079 33.0 34.38461538461539 36.0 0.7679476477883046 13 447.0
1080 33.0 33.92307692307692 35.0 0.6405126152203485 13 441.0
1081 33.0 35.69230769230769 51.0 4.661627315730981 13 464.0
1082 34.0 34.69230769230769 38.0 1.1821319289469756 13 451.0
1083 34.0 34.61538461538461 36.0 0.7679476477883046 13 450.0
1084 33.0 34.15384615384615 35.0 0.8006407690254357 13 444.0
1085 34.0 35.0 39.0 1.35400640077266 13 455.0
1086 33.0 34.46153846153846 36.0 0.7762500258061847 13 448.0
1087 34.0 35.0 37.0 0.9128709291752769 13 455.0
1088 34.0 34.46153846153846 36.0 0.6602252917735247 13 448.0
1089 34.0 34.84615384615385 37.0 0.898717034272917 13 453.0
1090 34.0 34.76923076923077 36.0 0.5991446895152781 13 452.0
1091 34.0 34.92307692307692 36.0 0.7595545253127499 13 454.0
1092 33.0 34.46153846153846 36.0 0.9674179220468452 13 448.0
1093 34.0 34.84615384615385 36.0 0.6887372317211946 13 453.0
1094 34.0 34.92307692307692 36.0 0.7595545253127498 13 454.0
1095 34.0 34.76923076923077 37.0 0.8320502943378436 13 452.0
1096 33.0 34.76923076923077 36.0 0.9268086959962982 13 452.0
1097 34.0 35.15384615384615 37.0 0.8006407690254358 13 457.0
1098 34.0 35.30769230769231 41.0 1.8432134703923728 13 459.0
1099 34.0 35.53846153846154 41.0 1.8536173919925971 13 462.0
1100 34.0 35.38461538461539 41.0 1.8946618668626831 13 460.0
1101 34.0 39.53846153846154 74.0 11.072604215023857 13 514.0
1102 34.0 36.53846153846154 47.0 3.619746414124075 13 475.0
1103 34.0 36.53846153846154 44.0 3.0445411426405076 13 475.0
1104 34.0 35.69230769230769 40.0 1.7974340685458343 13 464.0
1105 34.0 35.76923076923077 41.0 1.8327504901034293 13 465.0
1106 34.0 35.92307692307692 41.0 1.84668795692624 13 467.0
1107 35.0 36.07692307692308 41.0 1.7059473644448735 13 469.0
1108 34.0 35.46153846153846 41.0 1.9414506867883023 13 461.0
1109 34.0 35.76923076923077 41.0 1.8327504901034293 13 465.0
1110 35.0 36.0 41.0 1.7320508075688772 13 468.0
1111 34.0 35.84615384615385 41.0 1.7246329970051528 13 466.0
1112 34.0 35.61538461538461 41.0 1.8501559185854908 13 463.0
1113 34.0 35.92307692307692 41.0 1.84668795692624 13 467.0
1114 35.0 36.61538461538461 45.0 2.6311740579210885 13 476.0
1115 35.0 40.84615384615385 71.0 11.943241839677603 13 531.0
1116 34.0 37.38461538461539 60.0 6.86219670293293 13 486.0
1117 34.0 37.0 53.0 4.932882862316247 13 481.0
1118 34.0 36.76923076923077 47.0 3.218536058361683 13 478.0
1119 35.0 36.69230769230769 48.0 3.4972516682059407 13 477.0
1120 34.0 36.53846153846154 47.0 3.356967496004507 13 475.0
1121 34.0 36.61538461538461 48.0 3.548202867613911 13 476.0
1122 34.0 36.69230769230769 47.0 3.301126458867625 13 477.0
1123 35.0 36.84615384615385 47.0 3.2105595007244934 13 479.0
1124 35.0 36.76923076923077 48.0 3.515533296524775 13 478.0
1125 35.0 36.69230769230769 48.0 3.5209992754097383 13 477.0
1126 35.0 37.76923076923077 61.0 7.037445632162355 13 491.0
1127 35.0 41.15384615384615 102.0 18.297751017753313 13 535.0
1128 34.0 40.76923076923077 98.0 17.22475856702519 13 530.0
1129 35.0 40.76923076923077 99.0 17.52214715797242 13 530.0
1130 36.0 41.38461538461539 102.0 18.22332965156872 13 538.0
1131 35.0 41.15384615384615 100.0 17.691081339883073 13 535.0
1132 35.0 41.0 99.0 17.449928366615147 13 533.0
1133 35.0 40.76923076923077 99.0 17.512632802988463 13 530.0
1134 35.0 41.23076923076923 100.0 17.67839475251192 13 536.0
1135 36.0 41.46153846153846 103.0 18.496014816780505 13 539.0
1136 35.0 40.69230769230769 99.0 17.532753232092098 13 529.0
1137 35.0 42.61538461538461 99.0 17.609365223929668 13 554.0
1138 35.0 40.92307692307692 99.0 17.46167965604273 13 532.0
1139 36.0 41.53846153846154 100.0 17.586052165543883 13 540.0
1140 35.0 44.38461538461539 103.0 20.934574518160392 13 577.0
1141 35.0 42.38461538461539 100.0 17.731978934204633 13 551.0
1142 36.0 41.92307692307692 103.0 18.450210199622564 13 545.0
1143 36.0 41.84615384615385 100.0 17.52543938510603 13 544.0
1144 35.0 41.30769230769231 103.0 18.566926757833922 13 537.0
1145 36.0 41.23076923076923 101.0 17.96363848701893 13 536.0
1146 36.0 41.38461538461539 100.0 17.618827342450377 13 538.0
1147 36.0 41.69230769230769 104.0 18.73670468796748 13 542.0
1148 35.0 41.53846153846154 100.0 17.63337453342092 13 540.0
1149 36.0 41.61538461538461 104.0 18.755170227337587 13 541.0
1150 36.0 41.38461538461539 100.0 17.628284382106227 13 538.0
1151 36.0 42.0 104.0 18.641351882307248 13 546.0
1152 35.0 41.53846153846154 103.0 18.48700167061254 13 540.0
1153 36.0 41.76923076923077 100.0 17.57438403924798 13 543.0
1154 36.0 41.92307692307692 103.0 18.359654764644223 13 545.0
1155 36.0 42.07692307692308 104.0 18.616576567052363 13 547.0
1156 35.0 41.38461538461539 100.0 17.647183257479846 13 538.0
1157 36.0 42.0 104.0 18.641351882307248 13 546.0
1158 35.0 41.84615384615385 103.0 18.402201652004187 13 544.0
1159 36.0 42.38461538461539 100.0 17.371137275849566 13 551.0
1160 35.0 41.76923076923077 103.0 18.421698465640304 13 543.0
1161 36.0 42.07692307692308 104.0 18.62105232642854 13 547.0
1162 36.0 44.69230769230769 103.0 19.75004057120143 13 581.0
1163 37.0 43.69230769230769 101.0 17.899649043973906 13 568.0
1164 36.0 43.30769230769231 104.0 18.499480242178947 13 563.0
1165 36.0 42.46153846153846 104.0 18.50952630681196 13 552.0
1166 36.0 42.07692307692308 104.0 18.616576567052363 13 547.0
1167 36.0 43.76923076923077 104.0 18.686687980814252 13 569.0
1168 36.0 42.0 104.0 18.641351882307248 13 546.0
1169 36.0 42.38461538461539 102.0 17.94221493916169 13 551.0
1170 36.0 42.46153846153846 104.0 18.50502357296249 13 552.0
1171 36.0 42.46153846153846 105.0 18.804323016332283 13 552.0
1172 36.0 42.30769230769231 102.0 17.955429148239148 13 550.0
1173 36.0 42.38461538461539 105.0 18.82170051447027 13 551.0
1174 36.0 42.53846153846154 104.0 18.48700167061254 13 553.0
1175 36.0 42.53846153846154 105.0 18.7821519206195 13 553.0
1176 36.0 42.61538461538461 105.0 18.768495151620712 13 554.0
1177 36.0 42.30769230769231 105.0 18.851987584799538 13 550.0
1178 36.0 42.69230769230769 104.0 18.436307545097957 13 555.0
1179 37.0 42.92307692307692 105.0 18.670214864240933 13 558.0
1180 36.0 42.53846153846154 104.0 18.491508792845906 13 553.0
1181 36.0 42.53846153846154 103.0 18.182479591699373 13 553.0
1182 36.0 45.46153846153846 104.0 20.589703675281427 13 591.0
1183 37.0 43.84615384615385 106.0 19.056259487135073 13 570.0
1184 37.0 40.15384615384615 62.0 6.768138023688073 13 522.0
1185 36.0 38.23076923076923 47.0 2.773500981126146 13 497.0
1186 37.0 40.53846153846154 62.0 7.467879938056769 13 527.0
1187 37.0 39.30769230769231 54.0 4.460654200611823 13 511.0
1188 36.0 38.07692307692308 45.0 2.253202848596432 13 495.0
1189 37.0 37.84615384615385 39.0 0.8006407690254358 13 492.0
1190 37.0 37.92307692307692 39.0 0.6405126152203486 13 493.0
1191 37.0 37.92307692307692 39.0 0.6405126152203485 13 493.0
1192 36.0 37.53846153846154 39.0 0.7762500258061847 13 488.0
1193 37.0 38.0 39.0 0.5773502691896257 13 494.0
1194 37.0 37.92307692307692 39.0 0.6405126152203485 13 493.0
1195 37.0 38.23076923076923 40.0 0.8320502943378436 13 497.0
1196 36.0 37.76923076923077 39.0 0.8320502943378437 13 491.0
1197 37.0 37.92307692307692 39.0 0.6405126152203485 13 493.0
1198 37.0 37.92307692307692 39.0 0.6405126152203485 13 493.0
1199 38.0 39.53846153846154 52.0 3.8213301483337063 13 514.0
1200 37.0 37.76923076923077 39.0 0.7250110520819842 13 491.0
1201 37.0 38.15384615384615 40.0 0.898717034272917 13 496.0
1202 38.0 38.30769230769231 40.0 0.6304251719561152 13 498.0
1203 38.0 38.53846153846154 40.0 0.7762500258061847 13 501.0
1204 37.0 40.69230769230769 70.0 8.835389214069892 13 529.0
1205 38.0 38.23076923076923 39.0 0.4385290096535146 13 497.0
1206 37.0 38.15384615384615 40.0 0.8006407690254358 13 496.0
1207 38.0 42.07692307692308 87.0 13.5121028369726 13 547.0
1208 37.0 38.61538461538461 48.0 2.8733969890027833 13 502.0
1209 38.0 38.53846153846154 40.0 0.6602252917735247 13 501.0
1210 38.0 38.46153846153846 40.0 0.6602252917735247 13 500.0
1211 38.0 38.84615384615385 42.0 1.214231845389905 13 505.0
1212 37.0 38.46153846153846 43.0 1.5063966175050876 13 500.0
1213 37.0 38.38461538461539 41.0 0.9607689228305227 13 499.0
1214 38.0 38.53846153846154 39.0 0.5188745216627708 13 501.0
1215 38.0 38.53846153846154 40.0 0.6602252917735247 13 501.0
1216 37.0 38.46153846153846 41.0 1.0500305245868342 13 500.0
1217 38.0 38.61538461538461 40.0 0.650443635587991 13 502.0
1218 38.0 38.76923076923077 40.0 0.7250110520819842 13 504.0
1219 38.0 38.84615384615385 41.0 0.898717034272917 13 505.0
1220 38.0 39.07692307692308 45.0 1.84668795692624 13 508.0
1221 38.0 45.0 110.0 19.63415391607186 13 585.0
1222 38.0 41.69230769230769 65.0 7.295941970079617 13 542.0
1223 39.0 40.76923076923077 54.0 4.323460152737352 13 530.0
1224 37.0 39.76923076923077 46.0 2.681847813040049 13 517.0
1225 38.0 39.61538461538461 46.0 2.0631069425529676 13 515.0
1226 38.0 39.46153846153846 45.0 1.8081014266989477 13 513.0
1227 38.0 41.38461538461539 59.0 5.664780983387054 13 538.0
1228 38.0 39.46153846153846 46.0 2.145358735168574 13 513.0
1229 38.0 40.76923076923077 56.0 5.019193928541483 13 530.0
1230 38.0 40.15384615384615 53.0 3.8911470855039174 13 522.0
1231 38.0 41.61538461538461 68.0 7.9638606795370865 13 541.0
1232 38.0 41.07692307692308 68.0 8.118513189633704 13 534.0
1233 38.0 41.61538461538461 69.0 8.271824280234496 13 541.0
1234 38.0 41.53846153846154 68.0 7.995992586033171 13 540.0
1235 39.0 43.53846153846154 68.0 9.631678502173479 13 566.0
1236 38.0 41.38461538461539 68.0 8.026398751811232 13 538.0
1237 38.0 41.46153846153846 67.0 7.7202696910512225 13 539.0
1238 38.0 41.53846153846154 69.0 8.29272155382241 13 540.0
1239 38.0 41.61538461538461 67.0 7.676136848902378 13 541.0
1240 38.0 41.38461538461539 68.0 8.047136773810312 13 538.0
1241 38.0 41.61538461538461 68.0 7.974317750738527 13 541.0
1242 38.0 41.61538461538461 68.0 7.974317750738529 13 541.0
1243 39.0 42.15384615384615 68.0 7.8192727053752025 13 548.0
1244 38.0 41.69230769230769 68.0 7.9517777402772785 13 542.0
1245 38.0 41.84615384615385 68.0 7.904072303209212 13 544.0
1246 38.0 42.07692307692308 75.0 9.928591192960008 13 547.0
1247 38.0 39.84615384615385 42.0 0.9870962335856489 13 518.0
1248 38.0 39.23076923076923 41.0 0.9268086959962983 13 510.0
1249 39.0 41.30769230769231 62.0 6.250128203813307 13 537.0
1250 39.0 43.46153846153846 87.0 13.099716184046283 13 565.0
1251 39.0 42.38461538461539 69.0 8.067821489704862 13 551.0
1252 38.0 41.69230769230769 65.0 7.0638117116352905 13 542.0
1253 39.0 40.69230769230769 53.0 3.7723691800736088 13 529.0
1254 39.0 40.38461538461539 46.0 1.8045526471705549 13 525.0
1255 39.0 40.07692307692308 42.0 0.9540735874430285 13 521.0
1256 38.0 39.69230769230769 41.0 1.031553471276484 13 516.0
1257 39.0 39.92307692307692 42.0 0.9540735874430284 13 519.0
1258 39.0 40.07692307692308 41.0 0.7595545253127498 13 521.0
1259 39.0 40.23076923076923 42.0 0.9268086959962984 13 523.0
1260 38.0 39.69230769230769 41.0 0.9473309334313418 13 516.0
1261 39.0 40.0 41.0 0.7071067811865476 13 520.0
1262 38.0 40.30769230769231 42.0 1.0315534712764838 13 524.0
1263 39.0 40.38461538461539 42.0 0.869718492622904 13 525.0
1264 38.0 39.92307692307692 42.0 1.0377490433255416 13 519.0
1265 39.0 40.07692307692308 42.0 0.8623164985025762 13 521.0
1266 40.0 40.61538461538461 42.0 0.7679476477883046 13 528.0
1267 40.0 40.46153846153846 41.0 0.5188745216627708 13 526.0
1268 39.0 40.15384615384615 42.0 0.8987170342729172 13 522.0
1269 39.0 40.38461538461539 42.0 0.9607689228305227 13 525.0
1270 39.0 40.46153846153846 42.0 0.7762500258061847 13 526.0
1271 39.0 40.69230769230769 42.0 0.9473309334313418 13 529.0
1272 39.0 40.15384615384615 41.0 0.8006407690254358 13 522.0
1273 39.0 40.46153846153846 42.0 0.7762500258061847 13 526.0
1274 39.0 40.46153846153846 42.0 0.8770580193070292 13 526.0
1275 40.0 45.38461538461539 100.0 16.42426285275568 13 590.0
1276 39.0 41.38461538461539 52.0 3.3301266627177397 13 538.0
1277 40.0 40.69230769230769 43.0 1.031553471276484 13 529.0
1278 39.0 40.53846153846154 42.0 0.8770580193070292 13 527.0
1279 40.0 40.76923076923077 42.0 0.7250110520819842 13 530.0
1280 39.0 40.53846153846154 44.0 1.2659242088545832 13 527.0
1281 40.0 42.46153846153846 61.0 5.63642003129919 13 552.0
1282 40.0 41.23076923076923 44.0 1.4232501627054275 13 536.0
1283 40.0 41.15384615384615 44.0 1.1435437497937309 13 535.0
1284 39.0 40.46153846153846 43.0 1.126601424298216 13 526.0
1285 40.0 40.84615384615385 43.0 0.898717034272917 13 531.0
1286 40.0 40.84615384615385 42.0 0.6887372317211946 13 531.0
1287 40.0 40.84615384615385 43.0 0.898717034272917 13 531.0
1288 39.0 40.76923076923077 45.0 1.5358952955766092 13 530.0
1289 40.0 41.61538461538461 50.0 2.567049588485504 13 541.0
1290 40.0 41.15384615384615 43.0 0.8006407690254358 13 535.0
1291 40.0 41.46153846153846 44.0 1.126601424298216 13 539.0
1292 39.0 40.84615384615385 43.0 0.9870962335856491 13 531.0
1293 40.0 41.15384615384615 43.0 0.8006407690254358 13 535.0
1294 40.0 44.15384615384615 79.0 10.486866022523555 13 574.0
1295 41.0 42.61538461538461 58.0 4.68220855185637 13 554.0
1296 40.0 41.76923076923077 49.0 2.314945865236239 13 543.0
1297 40.0 41.38461538461539 43.0 0.869718492622904 13 538.0
1298 40.0 41.15384615384615 43.0 0.8006407690254358 13 535.0
tot,0.0,20.72843015337234,113.0,13.743937064523893,16887
