##ver, min, mean, max, stddev, count, total
0 0.0 2.2653061224489814 65.0 9.402516308157622 49 111.0
1 0.0 0.8775510204081637 33.0 4.719783951010646 49 43.0
2 0.0 0.8775510204081637 34.0 4.858980744719101 49 43.0
3 0.0 0.89795918367347 32.0 4.583688916324133 49 44.0
4 0.0 0.8979591836734699 28.0 4.011675138264067 49 44.0
5 0.0 1.0816326530612246 39.0 5.570894357782985 49 53.0
6 0.0 0.9591836734693879 34.0 4.8646650435970065 49 47.0
7 0.0 1.0204081632653061 35.0 5.002040400003315 49 50.0
8 0.0 1.1428571428571428 36.0 5.119407517802552 49 56.0
9 0.0 1.1224489795918362 36.0 5.1219814405707345 49 55.0
10 0.0 1.0816326530612248 36.0 5.139052825723654 49 53.0
11 0.0 1.2653061224489803 41.0 5.840860061540882 49 62.0
12 0.0 1.2244897959183678 37.0 5.264920488962967 49 60.0
13 0.0 1.1836734693877544 41.0 5.8476258337171725 49 58.0
14 0.0 1.244897959183673 40.0 5.695504851214164 49 61.0
15 0.0 1.2040816326530615 31.0 4.406338199290949 49 59.0
16 0.0 1.367346938775509 31.0 4.9778420590277745 49 67.0
17 0.0 1.5102040816326532 47.0 6.671214435229641 49 74.0
18 0.0 1.1632653061224496 33.0 4.700828556291565 49 57.0
19 0.0 1.3265306122448979 34.0 4.81485442451293 49 65.0
20 0.0 1.2040816326530615 32.0 4.550547548723919 49 59.0
21 0.0 1.408163265306123 25.0 4.066726608234497 49 69.0
22 0.0 1.4693877551020411 39.0 5.519292077251715 49 72.0
23 0.0 1.4489795918367343 37.0 5.2323561633749875 49 71.0
24 0.0 1.408163265306123 40.0 5.682276419369477 49 69.0
25 0.0 1.4693877551020411 32.0 4.500472386392369 49 72.0
26 0.0 1.4693877551020411 36.0 5.0871653895544044 49 72.0
27 0.0 1.2244897959183678 28.0 3.970019448537837 49 60.0
28 0.0 1.591836734693877 35.0 4.919850807980787 49 78.0
29 0.0 1.448979591836734 32.0 4.504910397230431 49 71.0
30 0.0 1.408163265306123 23.0 3.6737717184735077 49 69.0
31 0.0 1.5102040816326527 36.0 5.083152110073986 49 74.0
32 0.0 1.6326530612244907 37.0 5.194924917451565 49 80.0
33 0.0 1.591836734693877 35.0 4.915614438310081 49 78.0
34 0.0 1.7755102040816322 40.0 5.624593711706532 49 87.0
35 0.0 1.755102040816327 44.0 6.193177066487825 49 86.0
36 0.0 1.6326530612244907 37.0 5.198933694963403 49 80.0
37 0.0 1.8775510204081638 45.0 6.316752373191281 49 92.0
38 0.0 1.8775510204081638 42.0 5.897148509594927 49 92.0
39 0.0 1.8163265306122456 38.0 5.305945836935174 49 89.0
40 0.0 1.73469387755102 37.0 5.175163081987854 49 85.0
41 0.0 1.9387755102040818 46.0 6.462739883572686 49 95.0
42 0.0 1.8163265306122456 36.0 5.044276746091196 49 89.0
43 0.0 1.7346938775510203 33.0 4.626803748287807 49 85.0
44 0.0 1.7346938775510203 34.0 4.7336363321626225 49 85.0
45 1.0 1.9591836734693877 42.0 5.869977227644187 49 96.0
46 1.0 1.8367346938775504 27.0 3.847872457473033 49 90.0
47 1.0 1.8367346938775504 37.0 5.161342439938749 49 90.0
48 1.0 2.0408163265306123 38.0 5.287403205077262 49 100.0
49 1.0 2.0 36.0 5.004164932000809 49 98.0
50 1.0 1.959183673469388 37.0 5.151695447752581 49 96.0
51 1.0 1.8367346938775504 27.0 3.732441888225397 49 90.0
52 1.0 1.8979591836734688 32.0 4.440555980388721 49 93.0
53 1.0 2.183673469387754 28.0 4.10118615660841 49 107.0
54 1.0 2.16326530612245 45.0 6.282737390313738 49 106.0
55 1.0 1.9387755102040818 31.0 4.293445407756777 49 95.0
56 1.0 2.1224489795918364 37.0 5.13416924901693 49 104.0
57 1.0 2.081632653061225 36.0 4.995150709662816 49 102.0
58 1.0 2.2857142857142865 43.0 5.979130371550703 49 112.0
59 1.0 2.9795918367346936 44.0 7.52077621192999 49 146.0
60 1.0 2.1020408163265314 36.0 4.99268171910641 49 103.0
61 1.0 2.2040816326530615 38.0 5.267746165094131 49 108.0
62 1.0 2.3061224489795915 39.0 5.397546053658139 49 113.0
63 1.0 2.0 28.0 3.856812155135378 49 98.0
64 1.0 2.2448979591836733 31.0 4.250150057374929 49 110.0
65 1.0 2.4285714285714284 44.0 6.116916434500854 49 119.0
66 1.0 2.3061224489795915 37.0 5.112093837299992 49 113.0
67 1.0 2.3265306122448974 34.0 4.687695574151373 49 114.0
68 1.0 2.408163265306123 40.0 5.526143800709712 49 118.0
69 1.0 2.408163265306123 42.0 5.816350399760064 49 118.0
70 1.0 2.510204081632653 40.0 5.526913126464263 49 123.0
71 1.0 2.591836734693877 37.0 5.057660721399688 49 127.0
72 1.0 2.3469387755102047 40.0 5.536059897045323 49 115.0
73 1.0 2.408163265306123 31.0 4.237326040416188 49 118.0
74 1.0 2.612244897959184 36.0 4.915181950390266 49 128.0
75 1.0 2.489795918367347 37.0 5.091342525059858 49 122.0
76 1.0 2.489795918367347 37.0 5.091342525059858 49 122.0
77 1.0 2.5102040816326525 33.0 4.500566857720962 49 123.0
78 1.0 2.5102040816326525 35.0 4.800705021919477 49 123.0
79 1.0 2.571428571428571 35.0 4.800173607971548 49 126.0
80 1.0 2.6530612244897953 39.0 5.36404317503816 49 130.0
81 1.0 2.9387755102040822 50.0 6.905336593489672 49 144.0
82 1.0 2.7142857142857135 35.0 4.752192476461094 49 133.0
83 1.0 2.6326530612244907 33.0 4.466047271502233 49 129.0
84 1.0 2.83673469387755 40.0 5.467125001526203 49 139.0
85 1.0 2.8775510204081636 41.0 5.60740824364379 49 141.0
86 1.0 2.816326530612246 38.0 5.178776679019514 49 138.0
87 1.0 2.83673469387755 41.0 5.617483640294786 49 139.0
88 1.0 2.591836734693877 29.0 3.915345702845294 49 127.0
89 1.0 2.6734693877551026 30.0 4.038294581782232 49 131.0
90 1.0 2.8367346938775504 37.0 5.026376008847018 49 139.0
91 1.0 2.6734693877551026 30.0 4.03313233883852 49 131.0
92 1.0 3.0816326530612246 48.0 6.582289162004726 49 151.0
93 2.0 2.918367346938775 37.0 5.011805790222874 49 143.0
94 2.0 2.775510204081632 30.0 4.022153787268136 49 136.0
95 2.0 2.8979591836734686 36.0 4.887249132347622 49 142.0
96 2.0 3.0816326530612246 41.0 5.570894357782985 49 151.0
97 2.0 2.9795918367346936 40.0 5.437101693911197 49 146.0
98 2.0 3.0612244897959178 35.0 4.732019315548179 49 150.0
99 2.0 3.183673469387754 42.0 5.703337726672847 49 156.0
100 2.0 3.183673469387754 45.0 6.1497746211675475 49 156.0
101 2.0 3.081632653061225 38.0 5.139052825723654 49 151.0
102 2.0 3.0612244897959178 31.0 4.135255752194099 49 150.0
103 2.0 3.1224489795918364 38.0 5.13416924901693 49 153.0
104 2.0 3.204081632653062 42.0 5.715401676744214 49 157.0
105 2.0 3.2040816326530615 36.0 4.834681960570305 49 157.0
106 2.0 3.408163265306123 45.0 6.1200434616748485 49 167.0
107 2.0 3.7142857142857135 65.0 8.974500914628432 49 182.0
108 2.0 3.244897959183673 36.0 4.828434063980169 49 159.0
109 2.0 3.224489795918368 36.0 4.848819899910567 49 158.0
110 2.0 3.2857142857142865 35.0 4.694855340334425 49 161.0
111 2.0 3.183673469387754 32.0 4.280155124660375 49 156.0
112 2.0 4.530612244897959 47.0 8.886089411772401 49 222.0
113 2.0 3.4693877551020407 41.0 5.5381331121007635 49 170.0
114 2.0 3.2857142857142865 30.0 3.973873005855452 49 161.0
115 2.0 3.4693877551020407 35.0 4.673070193567988 49 170.0
116 2.0 3.5306122448979593 46.0 6.252006480643917 49 173.0
117 2.0 3.5102040816326525 35.0 4.655294696094218 49 172.0
118 2.0 3.3469387755102047 30.0 3.96101323531494 49 164.0
119 2.0 4.326530612244898 57.0 8.83974866512533 49 212.0
120 2.0 3.4897959183673475 35.0 4.659767738219323 49 171.0
121 2.0 3.591836734693877 42.0 5.652869357484676 49 176.0
122 2.0 3.5510204081632657 37.0 4.937362759652989 49 174.0
123 2.0 3.7142857142857135 40.0 5.361902647381812 49 182.0
124 2.0 3.510204081632653 33.0 4.364260384931563 49 172.0
125 2.0 3.571428571428571 36.0 4.7871355387816825 49 175.0
126 2.0 3.673469387755102 40.0 5.3478490812585875 49 180.0
127 2.0 3.795918367346938 43.0 5.758977020837167 49 186.0
128 2.0 4.020408163265306 48.0 6.463003029804745 49 197.0
129 2.0 3.83673469387755 42.0 5.602629363282287 49 188.0
130 2.0 3.8775510204081636 41.0 5.449130867476422 49 190.0
131 2.0 4.938775510204081 59.0 9.285760073147184 49 242.0
132 2.0 3.571428571428571 29.0 3.76386326354541 49 175.0
133 2.0 3.9591836734693877 43.0 5.744414619413191 49 194.0
134 2.0 4.0 47.0 6.304760106459246 49 196.0
135 3.0 3.8163265306122454 36.0 4.750760769724821 49 187.0
136 3.0 4.102040816326531 44.0 5.8567798958386135 49 201.0
137 3.0 4.040816326530613 44.0 5.877071208212015 49 198.0
138 3.0 4.16326530612245 48.0 6.426983930972568 49 204.0
139 3.0 3.795918367346939 34.0 4.448687034005722 49 186.0
140 3.0 4.0 37.0 4.877670208887299 49 196.0
141 3.0 4.142857142857142 46.0 6.154266812545582 49 203.0
142 3.0 4.0 36.0 4.73462423711393 49 196.0
143 3.0 4.204081632653062 44.0 5.859392715392717 49 206.0
144 3.0 4.061224489795919 38.0 4.997533405196446 49 199.0
145 3.0 4.16326530612245 46.0 6.152055682098974 49 204.0
146 3.0 4.346938775510205 40.0 5.262093295480435 49 213.0
147 3.0 4.122448979591836 44.0 5.868818212458486 49 202.0
148 3.0 4.326530612244898 37.0 4.8321309787627245 49 212.0
149 3.0 4.306122448979591 43.0 5.7016228743543325 49 211.0
150 3.0 4.448979591836735 46.0 6.117124952710618 49 218.0
151 3.0 4.2857142857142865 36.0 4.721405158071765 49 210.0
152 3.0 4.326530612244898 42.0 5.554231701677417 49 212.0
153 3.0 4.653061224489795 52.0 6.9538688883963635 49 228.0
154 3.0 4.367346938775509 38.0 4.9945548581723 49 214.0
155 3.0 4.612244897959184 48.0 6.3797084786147495 49 226.0
156 3.0 4.428571428571428 45.0 5.972157622389637 49 217.0
157 3.0 4.612244897959183 47.0 6.231025619599788 49 226.0
158 3.0 4.693877551020409 48.0 6.380974591290421 49 230.0
159 3.0 4.571428571428572 47.0 6.241661103691328 49 224.0
160 3.0 4.632653061224491 42.0 5.525297418657735 49 227.0
161 3.0 4.795918367346938 46.0 6.068977096117369 49 235.0
162 3.0 4.7142857142857135 48.0 6.357410374253557 49 231.0
163 3.0 6.408163265306126 132.0 18.33930020400966 49 314.0
164 3.0 4.857142857142858 47.0 6.201478318379688 49 238.0
165 3.0 4.8775510204081645 48.0 6.346365932107735 49 239.0
166 3.0 6.0 65.0 10.70436048222094 49 294.0
167 3.0 4.571428571428572 38.0 4.958158260214498 49 224.0
168 3.0 4.73469387755102 40.0 5.207268598651633 49 232.0
169 3.0 4.918367346938775 50.0 6.632736786494059 49 241.0
170 3.0 5.142857142857142 60.0 8.049327094028843 49 252.0
171 3.0 4.857142857142858 46.0 6.055300708194985 49 238.0
172 3.0 4.897959183673469 46.0 6.0698877596678775 49 240.0
173 3.0 4.7142857142857135 40.0 5.21616078484295 49 231.0
174 3.0 4.979591836734694 44.0 5.74996302857088 49 244.0
175 4.0 4.959183673469386 44.0 5.740786762549306 49 243.0
176 3.0 4.775510204081632 31.0 3.9436938380705238 49 234.0
177 3.0 4.83673469387755 37.0 4.758093713065441 49 237.0
178 4.0 5.204081632653062 47.0 6.16434503089046 49 255.0
179 4.0 5.183673469387754 47.0 6.1497746211675475 49 254.0
180 4.0 4.959183673469387 39.0 5.024768583698954 49 243.0
181 4.0 5.224489795918368 48.0 6.292407151091069 49 256.0
182 4.0 5.142857142857143 43.0 5.619905100029117 49 252.0
183 4.0 5.244897959183673 41.0 5.281771373652726 49 257.0
184 4.0 5.244897959183673 49.0 6.446997402683213 49 257.0
185 4.0 5.2857142857142865 42.0 5.435224619706779 49 259.0
186 4.0 5.142857142857143 34.0 4.31566912540802 49 252.0
187 4.0 5.387755102040817 49.0 6.428505290665071 49 264.0
188 4.0 5.224489795918368 41.0 5.304342977388313 49 256.0
189 4.0 5.408163265306122 47.0 6.137040435431593 49 265.0
190 4.0 5.244897959183673 34.0 4.298888481557852 49 257.0
191 4.0 5.244897959183673 41.0 5.297525413832771 49 257.0
192 4.0 5.693877551020409 51.0 6.690179623998184 49 279.0
193 4.0 5.510204081632653 48.0 6.27203598316764 49 270.0
194 4.0 5.346938775510204 36.0 4.562304883536406 49 262.0
195 4.0 5.448979591836735 44.0 5.701100860396018 49 267.0
196 4.0 5.571428571428572 49.0 6.425859216218994 49 273.0
197 4.0 6.7142857142857135 63.0 9.519716382329893 49 329.0
198 4.0 5.653061224489795 46.0 5.981050006785887 49 277.0
199 4.0 5.530612244897959 42.0 5.401010865323904 49 271.0
200 4.0 5.897959183673468 43.0 5.687137893085234 49 289.0
201 4.0 6.653061224489795 64.0 9.59068780208212 49 326.0
202 4.0 5.612244897959184 36.0 4.554376679500227 49 275.0
203 4.0 5.959183673469386 51.0 6.620546250352861 49 292.0
204 4.0 7.183673469387754 70.0 11.159214184900737 49 352.0
205 4.0 5.795918367346938 42.0 5.38121575419507 49 284.0
206 4.0 5.877551020408164 46.0 5.935881895519064 49 288.0
207 4.0 5.83673469387755 45.0 5.799953084492399 49 286.0
208 4.0 5.938775510204081 46.0 5.928069399283472 49 291.0
209 4.0 6.040816326530614 49.0 6.334295487244652 49 296.0
210 4.0 6.061224489795919 45.0 5.760527186758839 49 297.0
211 4.0 5.918367346938775 43.0 5.491799700059917 49 290.0
212 4.0 5.877551020408164 40.0 5.0564836804724616 49 288.0
213 5.0 7.081632653061225 58.0 9.234980451824361 49 347.0
214 5.0 6.0 42.0 5.330728530573158 49 294.0
215 5.0 6.102040816326531 47.0 6.03546773235508 49 299.0
216 5.0 5.979591836734693 41.0 5.186078302847474 49 293.0
217 5.0 5.959183673469387 41.0 5.187963568337259 49 292.0
218 5.0 6.244897959183673 49.0 6.306513208068102 49 306.0
219 5.0 7.020408163265306 49.0 8.392679836019719 49 344.0
220 5.0 6.306122448979591 51.0 6.5897776948867754 49 309.0
221 5.0 6.959183673469387 84.0 11.284131896298508 49 341.0
222 5.0 6.530612244897959 64.0 8.433815963173505 49 320.0
223 5.0 6.2857142857142865 44.0 5.601339125602024 49 308.0
224 5.0 6.408163265306122 52.0 6.717261245437444 49 314.0
225 5.0 6.26530612244898 41.0 5.179187155513566 49 307.0
226 5.0 6.326530612244898 43.0 5.4558369167878435 49 310.0
227 5.0 6.326530612244898 45.0 5.7205323000502695 49 310.0
228 5.0 7.102040816326531 47.0 7.514555037722859 49 348.0
229 5.0 6.469387755102041 44.0 5.57562418335504 49 317.0
230 5.0 6.326530612244898 40.0 5.026545181591933 49 310.0
231 5.0 6.571428571428572 46.0 5.848789048455522 49 322.0
232 5.0 6.5102040816326525 44.0 5.571962733856256 49 319.0
233 5.0 6.755102040816327 51.0 6.5368526200971315 49 331.0
234 5.0 6.408163265306122 39.0 4.877321529909874 49 314.0
235 5.0 6.795918367346938 51.0 6.525525495559513 49 333.0
236 5.0 6.673469387755102 46.0 5.839476842656228 49 327.0
237 5.0 6.653061224489795 45.0 5.688259181595614 49 326.0
238 5.0 6.857142857142858 50.0 6.393355926272212 49 336.0
239 5.0 6.7346938775510194 52.0 6.685729548212126 49 330.0
240 5.0 6.877551020408164 50.0 6.369303510658316 49 337.0
241 5.0 6.7346938775510194 45.0 5.700056689060503 49 330.0
242 5.0 6.83673469387755 36.0 4.389129273821052 49 335.0
243 5.0 6.857142857142857 44.0 5.5000000000000036 49 336.0
244 5.0 8.0 57.0 9.020809276334358 49 392.0
245 5.0 7.040816326530614 53.0 6.779132146009641 49 345.0
246 5.0 8.10204081632653 97.0 13.011605233340696 49 397.0
247 5.0 7.020408163265306 45.0 5.629127359540908 49 344.0
248 5.0 7.040816326530613 44.0 5.499845390529443 49 345.0
249 5.0 7.040816326530613 46.0 5.791369957652043 49 345.0
250 5.0 7.244897959183673 49.0 6.189812235456265 49 355.0
251 5.0 7.040816326530613 43.0 5.357857095244451 49 345.0
252 5.0 6.938775510204081 40.0 4.943042936227417 49 340.0
253 6.0 7.122448979591836 45.0 5.629656047298487 49 349.0
254 6.0 7.2653061224489806 48.0 6.040748816041215 49 356.0
255 6.0 7.816326530612246 64.0 8.34334432693649 49 383.0
256 6.0 7.918367346938776 55.0 7.210630851660036 49 388.0
257 6.0 7.816326530612246 48.0 6.466817446871099 49 383.0
258 6.0 7.918367346938775 50.0 6.560096336608038 49 388.0
259 6.0 7.7142857142857135 46.0 6.130524719249843 49 378.0
260 6.0 7.877551020408164 50.0 6.584807808702623 49 386.0
261 6.0 7.979591836734694 49.0 6.56851643548719 49 391.0
262 6.0 7.795918367346938 44.0 5.711755392159569 49 382.0
263 6.0 8.102040816326532 56.0 7.49790220094701 49 397.0
264 6.0 7.877551020408164 48.0 6.250442161230224 49 386.0
265 6.0 7.857142857142857 49.0 6.234981956669962 49 385.0
266 6.0 7.775510204081632 50.0 6.27914971062447 49 381.0
267 6.0 7.8775510204081645 53.0 6.6821673538020345 49 386.0
268 6.0 8.061224489795919 57.0 7.269823941200679 49 395.0
269 6.0 7.897959183673469 45.0 5.8638898422150305 49 387.0
270 6.0 8.061224489795919 49.0 6.491687515794413 49 395.0
271 6.0 10.571428571428573 124.0 17.857071428428565 49 518.0
272 6.0 8.224489795918368 51.0 6.583645476109876 49 403.0
273 6.0 8.122448979591837 47.0 6.223720260226281 49 398.0
274 6.0 8.306122448979592 42.0 5.534754141003968 49 407.0
275 6.0 8.020408163265305 45.0 5.814815115713654 49 393.0
276 6.0 8.591836734693878 62.0 8.190233938831609 49 421.0
277 6.0 8.326530612244898 54.0 7.127960657106044 49 408.0
278 6.0 8.183673469387756 39.0 4.96937902470283 49 401.0
279 6.0 8.285714285714286 46.0 6.044970361107384 49 406.0
280 6.0 9.816326530612244 76.0 11.698777481336375 49 481.0
281 6.0 8.448979591836736 49.0 6.432538458525392 49 414.0
282 7.0 8.489795918367346 46.0 5.831389374824513 49 416.0
283 6.0 8.673469387755102 59.0 7.652308352990723 49 425.0
284 7.0 8.673469387755102 52.0 6.838578541084765 49 425.0
285 7.0 8.63265306122449 46.0 5.985029509642584 49 423.0
286 7.0 8.795918367346937 57.0 7.4971649970637 49 431.0
287 7.0 8.714285714285714 50.0 6.560614808588192 49 427.0
288 7.0 8.73469387755102 51.0 6.5248739138650595 49 428.0
289 7.0 8.775510204081632 57.0 7.332193015856078 49 430.0
290 7.0 8.89795918367347 50.0 6.54231386806681 49 436.0
291 7.0 10.102040816326532 64.0 10.836367968479994 49 495.0
292 7.0 8.857142857142856 52.0 6.797671169844366 49 434.0
293 7.0 8.816326530612244 51.0 6.69164114582438 49 432.0
294 7.0 8.89795918367347 43.0 5.602249912457727 49 436.0
295 7.0 9.081632653061225 51.0 6.645288853434306 49 445.0
296 7.0 9.0 47.0 6.096447052723961 49 441.0
297 7.0 10.163265306122451 66.0 10.58762433767115 49 498.0
298 7.0 9.183673469387756 47.0 6.074788986005177 49 450.0
299 7.0 9.020408163265305 47.0 6.111770733314418 49 442.0
300 7.0 9.285714285714286 51.0 6.592293480522036 49 455.0
301 7.0 9.26530612244898 55.0 7.19599283804328 49 454.0
302 7.0 9.26530612244898 50.0 6.463923957254605 49 454.0
303 7.0 9.46938775510204 52.0 6.736412376085679 49 464.0
304 7.0 9.408163265306122 51.0 6.573045867236063 49 461.0
305 7.0 9.408163265306122 49.0 6.34730378240418 49 461.0
306 8.0 9.653061224489797 50.0 6.450293986866549 49 473.0
307 7.0 11.897959183673471 165.0 22.46965073341448 49 583.0
308 8.0 9.775510204081632 56.0 7.402885997260477 49 479.0
309 8.0 9.653061224489797 54.0 6.980780222654688 49 473.0
310 8.0 9.673469387755102 52.0 6.703194994124197 49 474.0
311 8.0 11.061224489795919 77.0 11.437161949950152 49 542.0
312 8.0 9.63265306122449 51.0 6.575503395023018 49 472.0
313 8.0 9.510204081632654 39.0 5.02958931797448 49 466.0
314 8.0 10.612244897959181 52.0 8.313684317964896 49 520.0
315 8.0 9.73469387755102 48.0 6.150120290842834 49 477.0
316 8.0 9.959183673469386 53.0 6.8555305644222715 49 488.0
317 8.0 9.918367346938775 54.0 6.9457323068853976 49 486.0
318 8.0 9.83673469387755 43.0 5.470934330530716 49 482.0
319 8.0 11.46938775510204 72.0 11.726220691283288 49 562.0
320 8.0 10.020408163265305 48.0 6.115178506247003 49 491.0
321 8.0 9.857142857142856 51.0 6.554260700745227 49 483.0
322 8.0 10.408163265306122 51.0 6.601509825243698 49 510.0
323 8.0 9.959183673469386 46.0 5.784170869974474 49 488.0
324 8.0 10.040816326530614 47.0 6.003329575027062 49 492.0
325 8.0 10.551020408163264 60.0 7.8396992514854595 49 517.0
326 8.0 10.428571428571427 55.0 6.999999999999998 49 511.0
327 8.0 11.183673469387756 60.0 9.892491827533807 49 548.0
328 8.0 10.46938775510204 56.0 7.410864886593675 49 513.0
329 8.0 10.46938775510204 53.0 6.910445115958906 49 513.0
330 8.0 10.673469387755102 54.0 7.391965669737991 49 523.0
331 8.0 10.46938775510204 50.0 6.455301570596598 49 513.0
332 8.0 10.510204081632654 48.0 6.2420697988848 49 515.0
333 9.0 10.551020408163264 55.0 7.094778668411127 49 517.0
334 9.0 10.612244897959183 50.0 6.48015022501605 49 520.0
335 9.0 10.673469387755102 47.0 6.452995929224275 49 523.0
336 9.0 10.63265306122449 50.0 6.476540606781723 49 521.0
337 9.0 10.673469387755102 45.0 6.209494595315445 49 523.0
338 9.0 11.081632653061225 54.0 6.936728139325598 49 543.0
339 9.0 10.795918367346939 52.0 7.050353394915557 49 529.0
340 9.0 10.775510204081632 45.0 6.032085412340305 49 528.0
341 9.0 10.918367346938775 54.0 7.07353263550669 49 535.0
342 9.0 11.081632653061225 54.0 7.336656637205049 49 543.0
343 9.0 10.816326530612244 44.0 5.674039821076022 49 530.0
344 9.0 11.183673469387756 54.0 7.310590119214486 49 548.0
345 9.0 11.16326530612245 56.0 7.191855749084952 49 547.0
346 9.0 11.204081632653061 49.0 6.585905378903034 49 549.0
347 9.0 11.061224489795919 46.0 6.332482936104475 49 542.0
348 9.0 11.326530612244898 56.0 7.15130452872656 49 555.0
349 9.0 11.081632653061224 41.0 5.769303592772549 49 543.0
350 9.0 20.306122448979597 402.0 56.60874640961437 49 995.0
351 9.0 11.73469387755102 54.0 7.532638731447529 49 575.0
352 9.0 11.653061224489797 48.0 6.87856277505266 49 571.0
353 9.0 11.83673469387755 53.0 7.315357529356504 49 580.0
354 9.0 11.897959183673468 51.0 6.835096006272776 49 583.0
355 9.0 11.816326530612244 54.0 7.210159121532838 49 579.0
356 9.0 13.714285714285714 62.0 11.865566428395509 49 672.0
357 10.0 12.857142857142856 66.0 10.128343069492333 49 630.0
358 9.0 12.16326530612245 72.0 9.285622710171156 49 596.0
359 9.0 12.653061224489797 69.0 9.803381687816037 49 620.0
360 10.0 13.551020408163264 91.0 12.9856671380568 49 664.0
361 9.0 11.83673469387755 46.0 6.381440990532332 49 580.0
362 10.0 12.122448979591837 51.0 6.814912120554772 49 594.0
363 10.0 11.979591836734695 52.0 7.025221811202737 49 587.0
364 10.0 11.83673469387755 52.0 6.609169573326107 49 580.0
365 10.0 12.061224489795919 49.0 6.615663746195168 49 591.0
366 10.0 11.714285714285714 42.0 5.593895482279471 49 574.0
367 10.0 12.040816326530614 53.0 7.029577937998455 49 590.0
368 10.0 12.0 47.0 6.34757171418068 49 588.0
369 10.0 11.83673469387755 47.0 6.236141097049755 49 580.0
370 10.0 13.428571428571427 68.0 10.416333327999828 49 658.0
371 10.0 13.244897959183673 70.0 10.493114036208263 49 649.0
372 10.0 12.326530612244898 60.0 7.9146166339618125 49 604.0
373 10.0 12.0 50.0 6.493586579592718 49 588.0
374 10.0 12.408163265306122 52.0 6.873616125407045 49 608.0
375 10.0 12.142857142857142 46.0 6.291528696058957 49 595.0
376 10.0 12.061224489795919 50.0 6.555557957645894 49 591.0
377 10.0 12.224489795918368 51.0 6.770848377795948 49 599.0
378 10.0 12.36734693877551 46.0 6.240639248610078 49 606.0
379 10.0 12.26530612244898 51.0 6.629402657241204 49 601.0
380 10.0 14.653061224489797 150.0 20.579673446963966 49 718.0
381 10.0 12.122448979591837 59.0 6.939118138799595 49 594.0
382 10.0 13.204081632653061 66.0 9.893136492531784 49 647.0
383 10.0 11.979591836734695 48.0 5.433268644496177 49 587.0
384 10.0 12.36734693877551 55.0 6.366232132480395 49 606.0
385 10.0 12.081632653061225 49.0 5.5446548385730585 49 592.0
386 10.0 12.53061224489796 61.0 7.176646271113009 49 614.0
387 11.0 12.285714285714286 53.0 6.065613461692619 49 602.0
388 11.0 12.326530612244898 55.0 6.338992280264408 49 604.0
389 10.0 12.448979591836736 61.0 7.1707194678829005 49 610.0
390 10.0 12.204081632653061 49.0 5.473342944964919 49 598.0
391 10.0 12.428571428571427 54.0 6.184658438426489 49 609.0
392 11.0 12.510204081632654 60.0 7.027097696831627 49 613.0
393 11.0 12.53061224489796 62.0 7.294695677957621 49 614.0
394 11.0 12.632653061224492 56.0 6.415131453417447 49 619.0
395 11.0 12.428571428571427 48.0 5.3229064742237675 49 609.0
396 11.0 12.489795918367346 52.0 5.884734661887163 49 612.0
397 11.0 12.408163265306122 50.0 5.608469664069608 49 608.0
398 11.0 14.061224489795919 82.0 11.509793227337074 49 689.0
399 11.0 12.53061224489796 52.0 5.905865872222311 49 614.0
400 11.0 12.673469387755102 58.0 6.715615369861378 49 621.0
401 11.0 12.857142857142856 61.0 7.115124735378844 49 630.0
402 11.0 12.979591836734695 54.0 6.091284059752809 49 636.0
403 11.0 12.693877551020408 52.0 5.842388501405964 49 622.0
404 11.0 12.775510204081632 55.0 6.265864219863744 49 626.0
405 11.0 12.83673469387755 51.0 5.69849007331295 49 629.0
406 11.0 12.83673469387755 52.0 5.828618113725262 49 629.0
407 11.0 12.979591836734695 57.0 6.539908880348818 49 636.0
408 11.0 12.877551020408163 50.0 5.517520023605201 49 631.0
409 11.0 13.020408163265305 55.0 6.2198934741627205 49 638.0
410 11.0 13.204081632653063 60.0 6.9100759518158625 49 647.0
411 11.0 13.102040816326532 56.0 6.374574815753024 49 642.0
412 11.0 13.020408163265305 54.0 6.074159049882159 49 638.0
413 11.0 13.204081632653063 62.0 7.216819451337079 49 647.0
414 11.0 13.69387755102041 78.0 9.456488252413116 49 671.0
415 11.0 13.204081632653061 55.0 6.187957363018153 49 647.0
416 11.0 13.16326530612245 50.0 5.508882746587211 49 645.0
417 11.0 14.26530612244898 64.0 9.364773333713782 49 699.0
418 12.0 13.551020408163264 61.0 7.006131910957831 49 664.0
419 12.0 13.26530612244898 54.0 6.057968272600698 49 650.0
420 12.0 13.224489795918368 53.0 5.920533851641705 49 648.0
421 12.0 14.632653061224492 73.0 10.521196615941195 49 717.0
422 12.0 13.408163265306122 56.0 6.324286413458497 49 657.0
423 11.0 15.040816326530614 81.0 11.819756031875668 49 737.0
424 11.0 13.510204081632654 59.0 6.75192086551299 49 662.0
425 12.0 13.26530612244898 48.0 5.179187155513566 49 650.0
426 12.0 14.020408163265305 70.0 8.247448585063463 49 687.0
427 12.0 13.408163265306122 53.0 5.898157789184891 49 657.0
428 12.0 15.020408163265305 86.0 11.44277391325774 49 736.0
429 12.0 13.489795918367346 49.0 5.319470716855474 49 661.0
430 12.0 13.857142857142856 56.0 6.254998001598404 49 679.0
431 12.0 13.816326530612244 59.0 6.716501660673008 49 677.0
432 12.0 13.571428571428573 49.0 5.303300858899099 49 665.0
433 12.0 13.857142857142856 60.0 6.858692781184077 49 679.0
434 12.0 14.244897959183673 58.0 6.495288716462424 49 698.0
435 12.0 13.795918367346939 53.0 5.855836091159873 49 676.0
436 12.0 13.959183673469386 59.0 6.67070455946956 49 684.0
437 12.0 14.795918367346937 57.0 8.782035621646257 49 725.0
438 12.0 14.020408163265305 47.0 4.997873697543652 49 687.0
439 12.0 14.244897959183673 62.0 7.08146233793116 49 698.0
440 12.0 14.122448979591837 56.0 6.2504421612302306 49 692.0
441 12.0 14.142857142857144 54.0 5.937171043518954 49 693.0
442 12.0 14.040816326530614 49.0 5.231949858296423 49 688.0
443 12.0 14.16326530612245 59.0 6.668792178171868 49 694.0
444 12.0 14.224489795918368 57.0 6.3615554509178045 49 697.0
445 12.0 14.122448979591837 55.0 6.081504244638089 49 692.0
446 12.0 14.26530612244898 51.0 5.502936754603857 49 699.0
447 12.0 15.224489795918368 70.0 9.557425791242228 49 746.0
448 12.0 14.346938775510203 57.0 6.342814242669163 49 703.0
449 12.0 14.408163265306122 57.0 6.366966727266792 49 706.0
450 12.0 14.551020408163264 57.0 6.328050069893161 49 713.0
451 12.0 14.244897959183673 54.0 5.92498457186774 49 698.0
452 12.0 14.46938775510204 57.0 6.354467066613866 49 709.0
453 12.0 14.489795918367346 61.0 6.892394507050239 49 710.0
454 12.0 14.46938775510204 54.0 5.891738710602632 49 709.0
455 12.0 14.326530612244898 53.0 5.767682070172132 49 702.0
456 13.0 14.448979591836736 52.0 5.634940196702022 49 708.0
457 12.0 14.53061224489796 57.0 6.311702229510953 49 712.0
458 13.0 14.714285714285714 58.0 6.445282512556508 49 721.0
459 12.0 14.53061224489796 56.0 6.171513998526904 49 712.0
460 12.0 14.510204081632654 52.0 5.598074255862425 49 711.0
461 13.0 14.714285714285714 56.0 6.1610334630915125 49 721.0
462 13.0 14.714285714285714 52.0 5.582711408148082 49 721.0
463 13.0 14.795918367346937 59.0 6.579575695022482 49 725.0
464 12.0 14.775510204081632 60.0 6.72453624832985 49 724.0
465 13.0 14.693877551020408 54.0 5.87084633887602 49 720.0
466 13.0 15.285714285714286 61.0 6.77925757980424 49 749.0
467 13.0 14.857142857142856 58.0 6.393355926272212 49 728.0
468 13.0 15.061224489795919 64.0 7.2439864809409045 49 738.0
469 13.0 14.816326530612244 49.0 5.174752286292527 49 726.0
470 13.0 16.346938775510203 77.0 10.905944518946542 49 801.0
471 13.0 15.265306122448981 69.0 7.93666468099185 49 748.0
472 13.0 15.020408163265305 56.0 6.101535994862168 49 736.0
473 12.0 15.0 57.0 6.261655798056401 49 735.0
474 13.0 15.183673469387756 58.0 6.362891996397795 49 744.0
475 13.0 16.224489795918366 63.0 9.61826670568916 49 795.0
476 13.0 15.306122448979592 58.0 6.358079117786065 49 750.0
477 13.0 15.142857142857144 59.0 6.506407098647707 49 742.0
478 13.0 15.367346938775508 60.0 6.629146116302804 49 753.0
479 13.0 15.224489795918368 55.0 5.955618167335952 49 746.0
480 14.0 15.489795918367346 66.0 7.464143311469147 49 759.0
481 13.0 15.244897959183673 51.0 5.391082962652686 49 747.0
482 13.0 15.591836734693878 54.0 5.787624611138481 49 764.0
483 14.0 15.183673469387756 50.0 5.2467190914408395 49 744.0
484 13.0 15.510204081632654 58.0 6.3183675666649055 49 760.0
485 13.0 15.428571428571427 58.0 6.327848502189875 49 756.0
486 13.0 15.918367346938775 72.0 8.286124784576817 49 780.0
487 13.0 15.510204081632654 57.0 6.20188966155878 49 760.0
488 14.0 17.428571428571427 76.0 11.56323195881382 49 854.0
489 13.0 15.632653061224492 66.0 7.448976097287413 49 766.0
490 14.0 15.918367346938775 63.0 6.984616234667314 49 780.0
491 14.0 15.551020408163264 57.0 6.161240488224875 49 762.0
492 14.0 15.755102040816327 58.0 6.293285483503092 49 772.0
493 13.0 15.591836734693878 55.0 5.880470387034458 49 764.0
494 14.0 15.959183673469386 58.0 6.261519995421343 49 782.0
495 14.0 15.673469387755102 57.0 6.142026521915902 49 768.0
496 14.0 15.83673469387755 57.0 6.111283753487988 49 776.0
497 13.0 15.755102040816327 55.0 5.875551790558688 49 772.0
498 13.0 16.10204081632653 56.0 5.979983618843174 49 789.0
499 13.0 15.83673469387755 63.0 6.9801711379912685 49 776.0
500 13.0 15.816326530612244 51.0 5.302017970341395 49 775.0
501 13.0 15.979591836734695 62.0 6.826693306176766 49 783.0
502 14.0 16.551020408163264 82.0 9.626485219802428 49 811.0
503 14.0 16.142857142857142 67.0 7.5332595866596925 49 791.0
504 14.0 16.122448979591837 59.0 6.379108653321749 49 790.0
505 13.0 16.142857142857142 63.0 6.946221994724914 49 791.0
506 14.0 16.428571428571427 64.0 7.044501401802689 49 805.0
507 14.0 16.306122448979593 67.0 7.495009677647339 49 799.0
508 14.0 17.183673469387756 63.0 9.033902509869312 49 842.0
509 14.0 16.448979591836736 62.0 6.871017708734384 49 806.0
510 14.0 17.367346938775512 62.0 9.313283250173331 49 851.0
511 14.0 16.448979591836736 59.0 6.383772475614104 49 806.0
512 15.0 17.26530612244898 57.0 7.891914401789347 49 846.0
513 14.0 16.367346938775512 54.0 5.663089106776666 49 802.0
514 14.0 16.551020408163264 60.0 6.480937510916778 49 811.0
515 14.0 16.53061224489796 62.0 6.742594829441676 49 810.0
516 15.0 16.571428571428573 63.0 6.898067362191629 49 812.0
517 14.0 16.653061224489797 61.0 6.6066602140320105 49 816.0
518 14.0 16.857142857142858 72.0 8.159861109929091 49 826.0
519 14.0 16.632653061224488 61.0 6.6071106820323395 49 815.0
520 14.0 17.571428571428573 60.0 8.939612221269257 49 861.0
521 15.0 16.6734693877551 61.0 6.599835083488959 49 817.0
522 14.0 17.73469387755102 64.0 8.854790394197376 49 869.0
523 15.0 16.755102040816325 62.0 6.728455160253152 49 821.0
524 14.0 17.0 66.0 7.265787408579105 49 833.0
525 15.0 17.93877551020408 75.0 10.017501691342735 49 879.0
526 15.0 16.693877551020407 46.0 4.482391854210638 49 818.0
527 14.0 16.775510204081634 60.0 6.471943635552514 49 822.0
528 15.0 16.79591836734694 55.0 5.719045636572348 49 823.0
529 15.0 16.89795918367347 62.0 6.69964208608436 49 828.0
530 14.0 17.122448979591837 55.0 5.728702052898581 49 839.0
531 14.0 16.918367346938776 57.0 5.985526761467603 49 829.0
532 15.0 17.06122448979592 61.0 6.533274329873782 49 836.0
533 15.0 17.04081632653061 62.0 6.698753564636332 49 835.0
534 15.0 17.6734693877551 57.0 6.637606732042181 49 866.0
535 14.0 19.73469387755102 154.0 20.51602575854228 49 967.0
536 14.0 18.3265306122449 79.0 10.453045320029231 49 898.0
537 15.0 17.612244897959183 81.0 9.37820240089265 49 863.0
538 15.0 17.448979591836736 61.0 6.541728952431069 49 855.0
539 14.0 17.244897959183675 56.0 5.847116854502232 49 845.0
540 14.0 17.408163265306122 64.0 6.9219408626571255 49 853.0
541 15.0 17.20408163265306 61.0 6.503138959497219 49 843.0
542 15.0 18.346938775510203 63.0 8.615758383160873 49 899.0
543 15.0 17.46938775510204 66.0 7.2056171399365265 49 856.0
544 15.0 17.571428571428573 63.0 6.763874629234343 49 861.0
545 15.0 18.142857142857142 60.0 8.44590630621329 49 889.0
546 15.0 17.836734693877553 67.0 7.295395062342155 49 874.0
547 15.0 17.632653061224488 68.0 7.4685280721589224 49 864.0
548 15.0 17.591836734693878 62.0 6.614121153974716 49 862.0
549 15.0 17.367346938775512 55.0 5.652041952364874 49 851.0
550 15.0 17.571428571428573 56.0 5.755432216610663 49 861.0
551 16.0 19.04081632653061 84.0 11.476351016462562 49 933.0
552 15.0 18.489795918367346 62.0 8.763376558580772 49 906.0
553 15.0 17.857142857142858 66.0 7.141428428542841 49 875.0
554 15.0 17.877551020408163 62.0 6.597451064177565 49 876.0
555 16.0 17.877551020408163 62.0 6.610070136608563 49 876.0
556 15.0 18.06122448979592 70.0 7.709323801046881 49 885.0
557 15.0 17.836734693877553 63.0 6.7185903121349035 49 874.0
558 15.0 18.0 61.0 6.429100507328637 49 882.0
559 15.0 17.97959183673469 67.0 7.290089722579918 49 881.0
560 15.0 18.163265306122447 64.0 6.826257328554667 49 890.0
561 15.0 17.755102040816325 54.0 5.444915871116597 49 870.0
562 15.0 18.346938775510203 66.0 7.096216774944722 49 899.0
563 16.0 17.95918367346939 61.0 6.402991435237748 49 880.0
564 16.0 18.081632653061224 62.0 6.556919801165148 49 886.0
565 15.0 17.93877551020408 54.0 5.444447336757065 49 879.0
566 16.0 18.3265306122449 65.0 6.941384813511754 49 898.0
567 16.0 18.142857142857142 61.0 6.425859216218997 49 889.0
568 16.0 18.224489795918366 64.0 6.819901349856073 49 893.0
569 15.0 18.10204081632653 59.0 6.097283882869434 49 887.0
570 15.0 18.428571428571427 63.0 6.652067347825037 49 903.0
571 15.0 18.285714285714285 66.0 7.0916617704644205 49 896.0
572 16.0 18.387755102040817 61.0 6.366632831053017 49 901.0
573 16.0 18.510204081632654 70.0 7.627041936916503 49 907.0
574 16.0 18.428571428571427 57.0 5.784317879692757 49 903.0
575 16.0 18.20408163265306 55.0 5.530143125923348 49 892.0
576 16.0 18.632653061224488 59.0 6.064561943341484 49 913.0
577 16.0 18.489795918367346 60.0 6.20188966155877 49 906.0
578 16.0 18.79591836734694 59.0 6.010336900695657 49 921.0
579 16.0 18.510204081632654 59.0 6.0831819010133446 49 907.0
580 16.0 18.693877551020407 65.0 6.883567636143376 49 916.0
581 16.0 18.89795918367347 71.0 7.743935524974763 49 926.0
582 16.0 19.428571428571427 92.0 10.66145706114633 49 952.0
583 16.0 19.551020408163264 106.0 12.691961406880395 49 958.0
584 16.0 18.775510204081634 63.0 6.580480308338852 49 920.0
585 16.0 18.93877551020408 66.0 6.983337798124969 49 928.0
586 16.0 19.081632653061224 65.0 6.852118695136912 49 935.0
587 16.0 18.89795918367347 68.0 7.286531233376149 49 926.0
588 17.0 19.04081632653061 65.0 6.843364132724584 49 933.0
589 16.0 19.73469387755102 61.0 8.722039875616067 49 967.0
590 16.0 19.10204081632653 66.0 6.958941783654997 49 936.0
591 17.0 18.857142857142858 55.0 5.450535141922613 49 924.0
592 16.0 19.53061224489796 61.0 7.231591689755921 49 957.0
593 16.0 20.142857142857146 68.0 9.669539802906858 49 987.0
594 17.0 19.489795918367346 65.0 6.828623729626366 49 955.0
595 17.0 19.122448979591837 64.0 6.657178622425893 49 937.0
596 17.0 20.83673469387755 101.0 13.000555979738436 49 1021.0
597 16.0 19.387755102040817 68.0 7.291022809280065 49 950.0
598 16.0 19.489795918367346 68.0 7.240287888439447 49 955.0
599 17.0 20.428571428571427 73.0 10.364201207361162 49 1001.0
600 17.0 20.53061224489796 73.0 10.324126356937594 49 1006.0
601 16.0 19.551020408163264 68.0 7.260226191637671 49 958.0
602 16.0 20.551020408163264 63.0 8.976964094488824 49 1007.0
603 16.0 19.346938775510203 65.0 6.820774089769692 49 948.0
604 17.0 19.408163265306122 60.0 6.099584573787715 49 951.0
605 17.0 20.387755102040817 68.0 9.413678714443973 49 999.0
606 17.0 19.714285714285715 63.0 6.566962768281849 49 966.0
607 17.0 19.612244897959183 64.0 6.676502098562454 49 961.0
608 17.0 19.857142857142858 66.0 6.931209610642759 49 973.0
609 17.0 20.714285714285715 66.0 9.442810316143538 49 1015.0
610 17.0 21.204081632653065 70.0 10.056050400622711 49 1039.0
611 17.0 19.857142857142858 67.0 7.106335201775939 49 973.0
612 17.0 19.97959183673469 70.0 7.4539972383904205 49 979.0
613 17.0 19.6734693877551 58.0 5.810865379836726 49 964.0
614 17.0 20.0 69.0 7.291547618075786 49 980.0
615 17.0 21.95918367346939 123.0 16.134795711537873 49 1076.0
616 17.0 19.877551020408163 65.0 6.731866547316899 49 974.0
617 18.0 20.142857142857142 67.0 6.973162840490688 49 987.0
618 18.0 20.6734693877551 64.0 7.829931234005295 49 1013.0
619 18.0 20.95918367346939 65.0 8.95814151036519 49 1027.0
620 18.0 20.93877551020408 60.0 8.163455567510681 49 1026.0
621 18.0 20.081632653061224 65.0 6.692149426423336 49 984.0
622 18.0 20.26530612244898 70.0 7.384599713266126 49 993.0
623 18.0 20.163265306122447 61.0 6.111283753487991 49 988.0
624 18.0 20.448979591836736 74.0 7.913757073628692 49 1002.0
625 18.0 20.224489795918366 65.0 6.699705547393012 49 991.0
626 18.0 20.612244897959183 68.0 7.061681594264605 49 1010.0
627 18.0 20.285714285714285 64.0 6.525590650150636 49 994.0
628 18.0 20.428571428571427 67.0 6.9251955447722455 49 1001.0
629 19.0 20.387755102040817 66.0 6.781765768498315 49 999.0
630 18.0 20.591836734693878 71.0 7.477517322355224 49 1009.0
631 18.0 20.53061224489796 71.0 7.483598846857056 49 1006.0
632 19.0 21.877551020408163 74.0 10.759942404316938 49 1072.0
633 18.0 20.591836734693878 69.0 7.187716278911017 49 1009.0
634 19.0 21.06122448979592 72.0 7.948815853282042 49 1032.0
635 18.0 20.73469387755102 73.0 7.739981455092128 49 1016.0
636 17.0 21.367346938775512 66.0 8.553005995825435 49 1047.0
637 18.0 21.428571428571427 74.0 9.622023349240708 49 1050.0
638 17.0 20.510204081632654 54.0 5.054381139910501 49 1005.0
639 17.0 21.3265306122449 68.0 8.678008016201169 49 1045.0
640 18.0 20.755102040816325 63.0 6.3065132080680995 49 1017.0
641 18.0 20.612244897959183 62.0 6.187407664397283 49 1010.0
642 18.0 20.95918367346939 66.0 6.70807717007847 49 1027.0
643 17.0 20.95918367346939 72.0 7.563506637338353 49 1027.0
644 17.0 20.836734693877553 68.0 7.0129253845296 49 1021.0
645 17.0 20.755102040816325 66.0 6.743918903491547 49 1017.0
646 18.0 22.816326530612244 113.0 14.511020911402355 49 1118.0
647 18.0 21.26530612244898 71.0 7.423991262016913 49 1042.0
648 17.0 21.122448979591837 68.0 6.986989853354893 49 1035.0
649 17.0 20.73469387755102 62.0 6.170411622561068 49 1016.0
650 18.0 21.26530612244898 70.0 7.230650933710611 49 1042.0
651 18.0 20.95918367346939 61.0 5.9824715616870785 49 1027.0
652 18.0 21.0 58.0 5.586441920698123 49 1029.0
653 18.0 21.06122448979592 60.0 5.86091632221911 49 1032.0
654 18.0 22.122448979591837 66.0 8.565027371675521 49 1084.0
655 18.0 21.10204081632653 62.0 6.097283882869434 49 1034.0
656 18.0 21.224489795918366 69.0 7.092441123367564 49 1040.0
657 18.0 21.367346938775512 73.0 7.655863432556726 49 1047.0
658 18.0 22.489795918367346 86.0 9.738502727532083 49 1102.0
659 19.0 21.387755102040817 71.0 7.356449343180142 49 1048.0
660 18.0 21.367346938775512 66.0 6.663626007259554 49 1047.0
661 18.0 21.26530612244898 59.0 5.6744144712769 49 1042.0
662 19.0 21.755102040816325 74.0 7.744704137465203 49 1066.0
663 18.0 21.448979591836736 69.0 7.071248193947668 49 1051.0
664 19.0 21.46938775510204 61.0 5.919959321426702 49 1052.0
665 18.0 21.571428571428573 72.0 7.483314773547886 49 1057.0
666 19.0 22.06122448979592 78.0 8.274982787659113 49 1081.0
667 19.0 21.408163265306122 55.0 5.082315611292659 49 1049.0
668 18.0 22.040816326530614 59.0 7.626595963232522 49 1080.0
669 18.0 21.612244897959183 62.0 6.0443373173113235 49 1059.0
670 19.0 21.73469387755102 62.0 6.051086370107716 49 1065.0
671 19.0 23.02040816326531 94.0 11.852372821363609 49 1128.0
672 19.0 21.714285714285715 58.0 5.446711546122738 49 1064.0
673 18.0 21.775510204081634 61.0 5.885240387764011 49 1067.0
674 19.0 22.183673469387756 73.0 7.562719609449792 49 1087.0
675 19.0 21.89795918367347 67.0 6.708964456727491 49 1073.0
676 19.0 22.122448979591837 75.0 7.843874077534491 49 1084.0
677 19.0 21.836734693877553 65.0 6.462542516866942 49 1070.0
678 19.0 22.183673469387756 69.0 6.951239306135018 49 1087.0
679 19.0 22.081632653061227 70.0 7.102924088869652 49 1082.0
680 20.0 22.244897959183675 78.0 8.25512621608764 49 1090.0
681 19.0 22.183673469387756 74.0 7.691102731370174 49 1087.0
682 20.0 22.448979591836736 71.0 7.217055102584535 49 1100.0
683 19.0 22.244897959183675 75.0 7.800989820328621 49 1090.0
684 19.0 22.285714285714285 67.0 6.670832032063166 49 1092.0
685 19.0 22.224489795918366 65.0 6.390961410860031 49 1089.0
686 20.0 22.3265306122449 63.0 6.0875137066992915 49 1094.0
687 19.0 22.306122448979593 70.0 7.115722268425085 49 1093.0
688 19.0 22.428571428571427 68.0 6.800735254367725 49 1099.0
689 19.0 22.3265306122449 62.0 5.949046685191258 49 1094.0
690 19.0 22.877551020408163 68.0 6.775054283488634 49 1121.0
691 19.0 22.306122448979593 67.0 6.662094520596401 49 1093.0
692 20.0 22.653061224489797 69.0 6.893689809069853 49 1110.0
693 19.0 22.591836734693878 70.0 7.079660912745451 49 1107.0
694 20.0 22.857142857142854 80.0 8.44590630621328 49 1120.0
695 19.0 22.755102040816325 73.0 7.454111315925188 49 1115.0
696 20.0 22.97959183673469 77.0 8.01428359222449 49 1126.0
697 19.0 23.04081632653061 91.0 10.00616306681677 49 1129.0
698 20.0 23.122448979591837 76.0 7.825259987856691 49 1133.0
699 20.0 23.0 78.0 8.154753215150045 49 1127.0
700 19.0 32.87755102040816 513.0 70.38158869484892 49 1611.0
701 19.0 22.89795918367347 72.0 7.31506692256693 49 1122.0
702 20.0 24.06122448979592 76.0 10.306567815526874 49 1179.0
703 20.0 24.04081632653061 78.0 10.820426639142344 49 1178.0
704 20.0 22.918367346938776 64.0 6.160481362056446 49 1123.0
705 19.0 22.79591836734694 69.0 6.901025261500214 49 1117.0
706 19.0 23.224489795918366 71.0 7.15094779884238 49 1138.0
707 20.0 22.93877551020408 66.0 6.443369212044355 49 1124.0
708 20.0 23.163265306122447 71.0 7.121993338640967 49 1135.0
709 20.0 23.20408163265306 75.0 7.6865130581556445 49 1137.0
710 20.0 23.285714285714285 74.0 7.533259586659677 49 1141.0
711 20.0 23.142857142857142 66.0 6.383572667401849 49 1134.0
712 20.0 22.979591836734695 66.0 6.404717648988543 49 1126.0
713 20.0 23.26530612244898 75.0 7.656085570218209 49 1140.0
714 20.0 23.632653061224488 76.0 7.769314313242783 49 1158.0
715 20.0 23.285714285714285 69.0 6.816035015559504 49 1141.0
716 20.0 23.346938775510203 72.0 7.232885029525922 49 1144.0
717 20.0 23.408163265306122 71.0 7.073773060123039 49 1147.0
718 20.0 23.6734693877551 78.0 8.047742320836633 49 1160.0
719 20.0 23.306122448979593 64.0 6.097144419154531 49 1142.0
720 20.0 23.53061224489796 71.0 7.062524456642985 49 1153.0
721 21.0 24.224489795918366 69.0 8.551962021768375 49 1187.0
722 20.0 23.816326530612244 61.0 5.663014028868057 49 1167.0
723 20.0 23.73469387755102 79.0 8.177141692456074 49 1163.0
724 20.0 23.714285714285715 72.0 7.213991035943046 49 1162.0
725 20.0 25.122448979591837 93.0 12.575824447892778 49 1231.0
726 20.0 23.836734693877553 70.0 6.893073028940937 49 1168.0
727 20.0 24.836734693877553 67.0 8.600743521094337 49 1217.0
728 20.0 24.97959183673469 77.0 10.83106988390029 49 1224.0
729 20.0 24.79591836734694 80.0 8.96051428917619 49 1215.0
730 20.0 24.428571428571427 79.0 8.182807179283483 49 1197.0
731 20.0 23.97959183673469 71.0 7.0695644488609535 49 1175.0
732 20.0 24.081632653061227 77.0 7.876221425631589 49 1180.0
733 21.0 24.0 70.0 6.846531968814577 49 1176.0
734 20.0 24.142857142857142 74.0 7.41057802513858 49 1183.0
735 20.0 24.04081632653061 71.0 7.026613645258146 49 1178.0
736 20.0 24.122448979591837 69.0 6.722575935672594 49 1182.0
737 20.0 23.89795918367347 70.0 6.871574595023047 49 1171.0
738 20.0 24.551020408163264 74.0 7.374113575231146 49 1203.0
739 21.0 24.04081632653061 70.0 6.837272798399079 49 1178.0
740 20.0 24.06122448979592 62.0 5.7713666899087 49 1179.0
741 21.0 24.224489795918366 71.0 6.96199596057783 49 1187.0
742 21.0 24.632653061224488 65.0 6.936299077891552 49 1207.0
743 20.0 24.387755102040817 76.0 7.680647559859488 49 1195.0
744 20.0 24.448979591836736 77.0 7.8450122808746965 49 1198.0
745 21.0 24.53061224489796 73.0 7.438923647545629 49 1202.0
746 22.0 24.755102040816325 79.0 8.04811212916031 49 1213.0
747 22.0 25.755102040816325 73.0 9.839399143758936 49 1262.0
748 21.0 24.387755102040817 71.0 6.951667445448528 49 1195.0
749 22.0 24.489795918367346 75.0 7.497561962008026 49 1200.0
750 22.0 24.755102040816325 81.0 8.340490124099661 49 1213.0
751 21.0 24.448979591836736 73.0 7.211279430198789 49 1198.0
752 21.0 24.612244897959183 74.0 7.362111128753002 49 1206.0
753 21.0 24.306122448979593 66.0 6.232321937664477 49 1191.0
754 20.0 25.081632653061224 73.0 7.204850029360648 49 1229.0
755 21.0 24.489795918367346 68.0 6.500392452830538 49 1200.0
756 21.0 24.79591836734694 79.0 8.046685631976938 49 1215.0
757 21.0 24.714285714285715 77.0 7.756717518813392 49 1211.0
758 21.0 24.73469387755102 66.0 6.204083031238652 49 1212.0
759 21.0 25.6734693877551 123.0 14.260066261975052 49 1258.0
760 22.0 24.693877551020407 66.0 6.195442147366128 49 1210.0
761 21.0 25.183673469387756 69.0 7.691102731370178 49 1234.0
762 21.0 25.244897959183675 69.0 6.719159831670728 49 1237.0
763 22.0 24.857142857142858 67.0 6.334429729659963 49 1218.0
764 21.0 24.775510204081634 63.0 5.767239757610974 49 1214.0
765 22.0 24.857142857142858 70.0 6.742279535389587 49 1218.0
766 21.0 25.224489795918366 80.0 8.15798511205036 49 1236.0
767 22.0 49.85714285714285 1228.0 171.95069545269848 49 2443.0
768 21.0 25.163265306122447 69.0 6.599706239597306 49 1233.0
769 21.0 24.93877551020408 63.0 5.78218587295391 49 1222.0
770 22.0 25.346938775510203 62.0 5.5847673049411934 49 1242.0
771 22.0 25.020408163265305 61.0 5.467669353871477 49 1226.0
772 21.0 25.857142857142858 70.0 7.274384280931725 49 1267.0
773 21.0 25.20408163265306 69.0 6.579575695022482 49 1235.0
774 22.0 25.448979591836736 72.0 6.961385232390282 49 1247.0
775 22.0 26.387755102040817 77.0 10.063995906469863 49 1293.0
776 22.0 25.551020408163264 69.0 6.68661980029832 49 1252.0
777 22.0 25.285714285714285 60.0 5.396758286230731 49 1239.0
778 22.0 26.0 80.0 8.080325901018266 49 1274.0
779 21.0 25.46938775510204 74.0 7.251729795987554 49 1248.0
780 22.0 25.93877551020408 78.0 7.8618492398027815 49 1271.0
781 22.0 25.97959183673469 74.0 7.606164703488788 49 1273.0
782 22.0 25.755102040816325 77.0 7.625425158214936 49 1262.0
783 22.0 25.918367346938773 79.0 7.90789883253309 49 1270.0
784 22.0 25.693877551020407 75.0 7.397082988225417 49 1259.0
785 22.0 25.93877551020408 78.0 7.747064399030183 49 1271.0
786 22.0 34.95918367346938 468.0 63.564914058934484 49 1713.0
787 22.0 26.183673469387756 86.0 8.84042200488697 49 1283.0
788 22.0 25.93877551020408 79.0 7.904134369812691 49 1271.0
789 22.0 25.816326530612244 72.0 6.942242281219853 49 1265.0
790 23.0 26.163265306122447 74.0 7.157009788706893 49 1282.0
791 22.0 28.93877551020408 166.0 21.44023492104011 49 1418.0
792 23.0 27.346938775510203 99.0 12.282356960982971 49 1340.0
793 22.0 26.26530612244898 74.0 7.393058428361712 49 1287.0
794 23.0 26.285714285714285 72.0 6.819090848492923 49 1288.0
795 22.0 26.02040816326531 73.0 7.02818669097978 49 1275.0
796 23.0 26.53061224489796 74.0 7.794501376013752 49 1300.0
797 22.0 26.53061224489796 98.0 10.520024637202464 49 1300.0
798 23.0 26.46938775510204 83.0 8.359381059664669 49 1297.0
799 22.0 26.20408163265306 77.0 7.55253707879217 49 1284.0
800 24.0 26.53061224489796 71.0 7.000303686318204 49 1300.0
801 24.0 26.163265306122447 69.0 6.426983930972569 49 1282.0
802 23.0 26.693877551020407 66.0 6.100560362351472 49 1308.0
803 24.0 26.367346938775512 74.0 7.090762410673897 49 1292.0
804 24.0 26.408163265306122 73.0 6.963949930855029 49 1294.0
805 24.0 26.551020408163264 78.0 7.64324654103706 49 1301.0
806 24.0 26.408163265306122 66.0 5.975360405263357 49 1294.0
807 24.0 26.428571428571427 71.0 6.655198469367137 49 1295.0
808 24.0 26.632653061224488 67.0 6.307052525913027 49 1305.0
809 24.0 26.73469387755102 83.0 8.33610498125494 49 1310.0
810 25.0 26.918367346938773 84.0 8.455364999744928 49 1319.0
811 25.0 26.551020408163264 68.0 6.228500436467419 49 1301.0
812 24.0 26.836734693877553 81.0 8.04245748816738 49 1315.0
813 25.0 27.02040816326531 85.0 8.593819959517342 49 1324.0
814 25.0 27.46938775510204 90.0 9.40102397085978 49 1346.0
815 25.0 27.551020408163264 74.0 8.82718628369623 49 1350.0
816 25.0 27.0 73.0 6.910137480542627 49 1323.0
817 25.0 26.693877551020407 71.0 6.643305156423311 49 1308.0
818 24.0 27.510204081632654 69.0 6.862101381803513 49 1348.0
819 23.0 26.755102040816325 74.0 7.028307679913941 49 1311.0
820 23.0 26.95918367346939 79.0 7.740475824288495 49 1321.0
821 23.0 26.918367346938773 78.0 7.576929717608459 49 1319.0
822 23.0 27.06122448979592 80.0 7.869795008091883 49 1326.0
823 22.0 26.918367346938776 72.0 6.78796955003813 49 1319.0
824 22.0 27.408163265306122 89.0 9.169510999654728 49 1343.0
825 23.0 27.081632653061224 77.0 7.432576759032594 49 1327.0
826 23.0 27.20408163265306 76.0 7.251378006503126 49 1333.0
827 23.0 27.10204081632653 78.0 7.57530224358294 49 1328.0
828 23.0 27.122448979591837 71.0 6.565797276610893 49 1329.0
829 23.0 27.551020408163264 74.0 7.799736172060028 49 1350.0
830 23.0 27.387755102040817 79.0 7.677934635832011 49 1342.0
831 23.0 27.06122448979592 69.0 6.282940405260453 49 1326.0
832 23.0 27.142857142857142 71.0 6.566962768281852 49 1330.0
833 23.0 27.224489795918366 72.0 6.699705547393012 49 1334.0
834 23.0 28.693877551020407 81.0 10.314237897264181 49 1406.0
835 23.0 27.306122448979593 74.0 6.964804620472896 49 1338.0
836 24.0 27.653061224489797 80.0 7.841000734409282 49 1355.0
837 23.0 30.183673469387756 166.0 21.141067330935684 49 1479.0
838 24.0 27.46938775510204 75.0 7.0802013884267705 49 1346.0
839 23.0 27.816326530612244 94.0 9.761048162184728 49 1363.0
840 24.0 27.3265306122449 69.0 6.239617226180766 49 1339.0
841 23.0 27.387755102040817 77.0 7.37342165746511 49 1342.0
842 24.0 27.653061224489797 72.0 6.619261730007369 49 1355.0
843 23.0 27.551020408163264 77.0 7.3514772452259525 49 1350.0
844 24.0 28.408163265306122 77.0 9.626176047949794 49 1392.0
845 23.0 27.93877551020408 80.0 7.893584323321541 49 1369.0
846 23.0 27.93877551020408 83.0 8.183846292303777 49 1369.0
847 24.0 27.693877551020407 75.0 7.062825454544414 49 1357.0
848 24.0 27.612244897959183 73.0 6.760227826938143 49 1353.0
849 24.0 27.755102040816325 73.0 6.768587408773263 49 1360.0
850 23.0 28.163265306122447 70.0 6.374908295992416 49 1380.0
851 23.0 28.428571428571427 78.0 8.638576271585494 49 1393.0
852 24.0 27.918367346938776 78.0 7.426968691571157 49 1368.0
853 24.0 27.755102040816325 73.0 6.7408289928022915 49 1360.0
854 24.0 28.06122448979592 76.0 7.14845019119911 49 1375.0
855 24.0 28.653061224489797 81.0 9.109406814771576 49 1404.0
856 24.0 27.836734693877553 71.0 6.4657654186476305 49 1364.0
857 24.0 27.877551020408163 73.0 6.747322472226867 49 1366.0
858 24.0 28.306122448979593 76.0 7.112793876859778 49 1387.0
859 24.0 28.0 73.0 6.72371425131477 49 1372.0
860 24.0 28.26530612244898 83.0 8.120897708494843 49 1385.0
861 24.0 28.20408163265306 79.0 7.55253707879217 49 1382.0
862 24.0 28.918367346938773 105.0 11.189348980715781 49 1417.0
863 24.0 28.571428571428573 91.0 9.233092656309696 49 1400.0
864 25.0 28.387755102040817 83.0 8.087583916438962 49 1391.0
865 24.0 28.6734693877551 78.0 7.816616262547259 49 1405.0
866 24.0 28.612244897959183 73.0 6.682739977392669 49 1402.0
867 25.0 28.285714285714285 76.0 7.10926625374705 49 1386.0
868 24.0 28.653061224489797 75.0 7.078579837580903 49 1404.0
869 25.0 28.428571428571427 77.0 7.234178138070236 49 1393.0
870 24.0 29.46938775510204 80.0 9.563607323286204 49 1444.0
871 25.0 28.632653061224488 81.0 7.766632361023184 49 1403.0
872 24.0 28.489795918367346 76.0 7.103762057821874 49 1396.0
873 24.0 28.551020408163264 82.0 7.926908877597978 49 1399.0
874 25.0 29.877551020408163 87.0 9.809928331927358 49 1464.0
875 25.0 28.775510204081634 87.0 8.607809695567276 49 1410.0
876 24.0 28.836734693877553 85.0 8.342528940054466 49 1413.0
877 24.0 28.632653061224488 77.0 7.198651139713089 49 1403.0
878 25.0 29.04081632653061 86.0 8.44333855689766 49 1423.0
879 25.0 29.02040816326531 86.0 8.447114388748304 49 1422.0
880 25.0 28.857142857142858 87.0 8.590207603234425 49 1414.0
881 25.0 29.387755102040817 78.0 8.069532014855351 49 1440.0
882 25.0 29.346938775510203 83.0 8.024833903805956 49 1438.0
883 25.0 28.918367346938776 78.0 7.313904379940411 49 1417.0
884 25.0 28.97959183673469 83.0 8.022078377615037 49 1420.0
885 25.0 29.02040816326531 76.0 7.025221811202735 49 1422.0
886 25.0 28.93877551020408 68.0 5.910471509904076 49 1418.0
887 25.0 29.346938775510203 92.0 9.261369185151485 49 1438.0
888 25.0 29.918367346938776 78.0 9.727188559851792 49 1466.0
889 25.0 29.89795918367347 79.0 8.92852380939683 49 1465.0
890 25.0 29.79591836734694 73.0 7.0326014385288 49 1460.0
891 25.0 29.571428571428573 81.0 7.947746011710913 49 1449.0
892 26.0 30.10204081632653 88.0 9.1292681752135 49 1475.0
893 25.0 29.612244897959183 81.0 7.949885550881147 49 1451.0
894 25.0 29.081632653061224 51.0 3.8505234205553007 49 1425.0
895 25.0 29.653061224489797 62.0 6.0675057355012125 49 1453.0
896 26.0 29.571428571428573 57.0 5.575242894559239 49 1449.0
897 25.0 29.142857142857142 60.0 4.915960401250873 49 1428.0
898 26.0 29.857142857142858 74.0 6.683312551921136 49 1463.0
899 25.0 29.387755102040817 74.0 6.69830925971439 49 1440.0
900 27.0 30.551020408163264 86.0 10.336144559444852 49 1497.0
901 24.0 29.448979591836736 81.0 7.7056830339956335 49 1443.0
902 25.0 30.918367346938773 86.0 11.191210715508467 49 1515.0
903 25.0 30.6734693877551 83.0 9.34386553463028 49 1503.0
904 25.0 29.93877551020408 85.0 8.302630515046879 49 1467.0
905 25.0 29.632653061224488 72.0 6.421623229212314 49 1452.0
906 25.0 29.836734693877553 73.0 6.526698178684705 49 1462.0
907 25.0 29.632653061224488 75.0 6.80898266248044 49 1452.0
908 25.0 29.918367346938776 62.0 5.290859786359069 49 1466.0
909 25.0 30.20408163265306 72.0 6.9010252615002035 49 1480.0
910 25.0 30.367346938775512 91.0 9.003920159091402 49 1488.0
911 26.0 30.163265306122447 88.0 8.603165451292503 49 1478.0
912 25.0 29.93877551020408 76.0 6.905336593489676 49 1467.0
913 26.0 30.020408163265305 74.0 6.622215754307516 49 1471.0
914 25.0 30.775510204081634 87.0 8.38715611844098 49 1508.0
915 26.0 33.51020408163265 190.0 24.091079304190924 49 1642.0
916 28.0 30.53061224489796 77.0 7.277539765196312 49 1496.0
917 26.0 31.73469387755102 108.0 13.19528879026539 49 1555.0
918 27.0 30.612244897959183 76.0 7.342275778356611 49 1500.0
919 26.0 30.26530612244898 85.0 8.13883568199429 49 1483.0
920 26.0 30.26530612244898 81.0 7.560245559845932 49 1483.0
921 27.0 30.387755102040817 81.0 7.538280989198322 49 1489.0
922 26.0 31.040816326530614 72.0 8.159756899139904 49 1521.0
923 26.0 30.346938775510203 65.0 5.72840517511987 49 1487.0
924 27.0 30.489795918367346 88.0 8.514992779845224 49 1494.0
925 26.0 30.89795918367347 107.0 11.180796218589828 49 1514.0
926 26.0 31.693877551020407 87.0 9.710827465670846 49 1553.0
927 27.0 30.428571428571427 81.0 7.516648189186455 49 1491.0
928 27.0 30.571428571428573 82.0 7.6458049499927325 49 1498.0
929 26.0 30.448979591836736 82.0 7.662302810104905 49 1492.0
930 26.0 30.857142857142858 82.0 7.634897947364233 49 1512.0
931 27.0 30.653061224489797 85.0 8.050753123176753 49 1502.0
932 27.0 30.918367346938773 98.0 9.894941331083201 49 1515.0
933 26.0 30.632653061224488 81.0 7.490810696977945 49 1501.0
934 27.0 31.06122448979592 81.0 7.795319544619145 49 1522.0
935 26.0 30.918367346938773 89.0 8.626115229092306 49 1515.0
936 26.0 31.612244897959183 79.0 9.486429620187746 49 1549.0
937 26.0 30.857142857142858 87.0 8.341662504161459 49 1512.0
938 26.0 30.918367346938776 79.0 7.181680208157758 49 1515.0
939 27.0 30.836734693877553 80.0 7.3295831474679565 49 1511.0
940 26.0 31.367346938775512 85.0 8.560310249320747 49 1537.0
941 27.0 30.857142857142858 84.0 7.89778449946565 49 1512.0
942 26.0 31.04081632653061 78.0 7.047337510464121 49 1521.0
943 26.0 30.6734693877551 72.0 6.199421193083406 49 1503.0
944 26.0 32.10204081632653 97.0 10.867085046826759 49 1573.0
945 26.0 31.163265306122447 89.0 8.578915381075063 49 1527.0
946 27.0 31.857142857142854 96.0 9.530652303663873 49 1561.0
947 26.0 30.95918367346939 83.0 7.721612481841341 49 1517.0
948 27.0 31.163265306122447 84.0 7.848425900500449 49 1527.0
949 27.0 31.04081632653061 79.0 7.158791749990216 49 1521.0
950 27.0 31.142857142857142 79.0 7.144345083117614 49 1526.0
951 27.0 31.26530612244898 74.0 6.556725269408761 49 1532.0
952 26.0 31.285714285714285 82.0 7.5608641481425 49 1533.0
953 26.0 31.408163265306122 91.0 8.824488576651666 49 1539.0
954 27.0 35.38775510204081 135.0 21.26109154313208 49 1734.0
955 27.0 31.73469387755102 86.0 8.278424543665908 49 1555.0
956 27.0 32.285714285714285 83.0 9.094412203838873 49 1582.0
957 27.0 31.755102040816325 81.0 7.576087964347913 49 1556.0
958 27.0 32.16326530612245 84.0 8.254662669201748 49 1576.0
959 27.0 31.46938775510204 77.0 6.83161169617734 49 1542.0
960 27.0 31.551020408163264 83.0 7.651419325005977 49 1546.0
961 27.0 31.510204081632654 85.0 7.9611621036640345 49 1544.0
962 27.0 31.918367346938776 82.0 7.474503145956359 49 1564.0
963 27.0 31.571428571428573 86.0 8.062257748298553 49 1547.0
964 27.0 31.693877551020407 88.0 8.36461814637667 49 1553.0
965 27.0 31.693877551020407 89.0 8.4833269850156 49 1553.0
966 27.0 31.857142857142858 86.0 8.031189202104498 49 1561.0
967 27.0 31.408163265306122 72.0 6.099584573787716 49 1539.0
968 27.0 31.79591836734694 81.0 7.325695620658201 49 1558.0
969 28.0 31.918367346938773 94.0 9.180678839038984 49 1564.0
970 27.0 32.285714285714285 93.0 8.995369179009087 49 1582.0
971 27.0 32.69387755102041 99.0 10.577499865344384 49 1602.0
972 27.0 32.326530612244895 88.0 8.685207143715783 49 1584.0
973 27.0 31.775510204081634 87.0 8.201283705723677 49 1557.0
974 27.0 32.12244897959184 83.0 7.568114728531642 49 1574.0
975 28.0 33.02040816326531 113.0 12.535765160661935 49 1618.0
976 29.0 33.04081632653061 94.0 10.436233323685064 49 1619.0
977 28.0 33.06122448979592 90.0 10.198872820205231 49 1620.0
978 28.0 33.857142857142854 93.0 11.49637624065369 49 1659.0
979 29.0 34.244897959183675 94.0 13.496188678420932 49 1678.0
980 30.0 33.06122448979592 85.0 9.588204913819261 49 1620.0
981 30.0 33.38775510204081 97.0 10.752550717796012 49 1636.0
982 30.0 33.3469387755102 93.0 10.574243511965294 49 1634.0
983 30.0 34.02040816326531 89.0 11.974782176025807 49 1667.0
984 30.0 34.10204081632653 105.0 13.21653777463294 49 1671.0
985 30.0 33.59183673469388 94.0 11.496228307846113 49 1646.0
986 30.0 34.10204081632653 96.0 12.77570105375693 49 1671.0
987 30.0 33.673469387755105 95.0 11.340171506459606 49 1650.0
988 30.0 33.57142857142857 91.0 10.608565721466157 49 1645.0
989 30.0 33.734693877551024 94.0 11.738071090480332 49 1653.0
990 30.0 33.97959183673469 98.0 11.702011571944883 49 1665.0
991 30.0 33.95918367346939 93.0 12.194532900159045 49 1664.0
992 30.0 33.91836734693877 94.0 11.61148270516065 49 1662.0
993 30.0 33.59183673469388 96.0 10.527579587578005 49 1646.0
994 30.0 34.46938775510204 97.0 12.222080498044527 49 1689.0
995 30.0 34.61224489795919 96.0 12.696482988296754 49 1696.0
996 30.0 34.91836734693877 95.0 12.289624239397158 49 1711.0
997 30.0 34.08163265306123 93.0 11.479758880114955 49 1670.0
998 28.0 34.06122448979592 100.0 12.185045758471919 49 1669.0
999 28.0 33.53061224489796 95.0 10.620542282169344 49 1643.0
1000 28.0 34.51020408163265 93.0 12.206764601679527 49 1691.0
1001 28.0 33.97959183673469 95.0 11.371546721089967 49 1665.0
1002 28.0 34.87755102040816 104.0 14.495161050417861 49 1709.0
1003 28.0 34.244897959183675 96.0 12.070160542022798 49 1678.0
1004 28.0 34.36734693877551 97.0 12.64036833184167 49 1684.0
1005 28.0 34.265306122448976 96.0 11.789429428878373 49 1679.0
1006 28.0 34.53061224489796 97.0 12.80641447481223 49 1692.0
1007 28.0 34.63265306122449 95.0 12.001204588066388 49 1697.0
1008 28.0 34.38775510204081 98.0 12.451265542323084 49 1685.0
1009 29.0 34.55102040816327 100.0 13.421160569056914 49 1693.0
1010 28.0 35.08163265306123 98.0 12.668590974489293 49 1719.0
1011 28.0 34.63265306122449 103.0 13.627016483122505 49 1697.0
1012 28.0 34.63265306122449 98.0 12.599096987401877 49 1697.0
1013 28.0 34.97959183673469 96.0 12.761416124262956 49 1714.0
1014 28.0 34.795918367346935 99.0 12.308499082335906 49 1705.0
1015 29.0 34.61224489795919 98.0 11.228342721528804 49 1696.0
1016 28.0 34.734693877551024 99.0 11.992663573695244 49 1702.0
1017 29.0 35.08163265306123 93.0 11.755914707594851 49 1719.0
1018 28.0 34.714285714285715 100.0 12.151817422372122 49 1701.0
1019 28.0 34.857142857142854 102.0 12.91155812957264 49 1708.0
1020 28.0 34.6530612244898 95.0 11.686086849340978 49 1698.0
1021 28.0 34.755102040816325 95.0 12.353357526473147 49 1703.0
1022 29.0 36.08163265306123 106.0 14.699541850419864 49 1768.0
1023 29.0 36.326530612244895 172.0 21.32622383661139 49 1780.0
1024 28.0 33.795918367346935 83.0 7.494385653709753 49 1656.0
1025 29.0 33.6530612244898 93.0 8.799978741470927 49 1649.0
1026 29.0 33.857142857142854 87.0 7.926747967062738 49 1659.0
1027 29.0 33.6530612244898 91.0 8.496447837204688 49 1649.0
1028 29.0 34.79591836734694 139.0 15.28067896593159 49 1705.0
1029 29.0 33.91836734693877 97.0 9.31360280873689 49 1662.0
1030 29.0 33.816326530612244 88.0 8.038121332613938 49 1657.0
1031 29.0 34.93877551020408 94.0 11.60891927798281 49 1712.0
1032 29.0 34.0 84.0 7.577378614446204 49 1666.0
1033 29.0 33.857142857142854 89.0 8.215838362577486 49 1659.0
1034 29.0 34.204081632653065 90.0 8.296534396553612 49 1676.0
1035 29.0 33.91836734693877 88.0 8.0385444751467 49 1662.0
1036 29.0 34.06122448979592 94.0 8.884462474983385 49 1669.0
1037 29.0 34.3469387755102 80.0 8.092051193424746 49 1683.0
1038 30.0 34.61224489795919 87.0 8.538677509160435 49 1696.0
1039 29.0 34.265306122448976 87.0 8.097776212753525 49 1679.0
1040 29.0 35.673469387755105 154.0 17.462325822445646 49 1748.0
1041 29.0 34.673469387755105 85.0 8.165955126575923 49 1699.0
1042 29.0 34.59183673469388 88.0 7.9815369430197505 49 1695.0
1043 29.0 34.183673469387756 85.0 7.6530861677598025 49 1675.0
1044 30.0 34.04081632653061 74.0 6.258191910319995 49 1668.0
1045 29.0 34.224489795918366 85.0 7.800281261281674 49 1677.0
1046 30.0 35.51020408163265 96.0 10.720157121399067 49 1740.0
1047 29.0 34.326530612244895 83.0 7.462092409589395 49 1682.0
1048 30.0 34.46938775510204 79.0 7.159207477136023 49 1689.0
1049 29.0 34.95918367346939 85.0 8.686577729639064 49 1713.0
1050 29.0 34.857142857142854 74.0 6.940220937885667 49 1708.0
1051 30.0 34.265306122448976 76.0 6.496074167667477 49 1679.0
1052 30.0 34.714285714285715 76.0 6.946221994724901 49 1701.0
1053 29.0 34.57142857142857 90.0 8.440971508067069 49 1694.0
1054 29.0 36.97959183673469 125.0 16.132898318754293 49 1812.0
1055 30.0 35.48979591836735 96.0 10.743452364462884 49 1739.0
1056 30.0 35.02040816326531 95.0 9.012698901916043 49 1716.0
1057 30.0 34.734693877551024 91.0 8.358567237182662 49 1702.0
1058 30.0 35.183673469387756 92.0 8.440165552749725 49 1724.0
1059 29.0 35.08163265306123 105.0 10.327626249316852 49 1719.0
1060 30.0 35.30612244897959 109.0 10.884247182726696 49 1730.0
1061 30.0 35.61224489795919 88.0 9.69281591035902 49 1745.0
1062 30.0 35.3469387755102 94.0 8.90353633022708 49 1732.0
1063 29.0 34.93877551020408 81.0 7.027944706862806 49 1712.0
1064 30.0 36.06122448979592 90.0 11.249829930687293 49 1767.0
1065 30.0 34.734693877551024 80.0 6.766262847774245 49 1702.0
1066 30.0 35.224489795918366 91.0 8.269586109459691 49 1726.0
1067 29.0 34.53061224489796 76.0 6.238663187522378 49 1692.0
1068 30.0 36.93877551020408 97.0 12.849137719553573 49 1810.0
1069 30.0 36.40816326530612 106.0 12.436368654318763 49 1784.0
1070 31.0 35.673469387755105 95.0 8.924189400869134 49 1748.0
1071 30.0 35.02040816326531 83.0 7.224062211106157 49 1716.0
1072 30.0 37.714285714285715 163.0 20.307018491152267 49 1848.0
1073 30.0 37.46938775510204 142.0 17.484638544562873 49 1836.0
1074 31.0 35.91836734693877 105.0 10.224229259243874 49 1760.0
1075 30.0 35.46938775510204 106.0 10.406532485287634 49 1738.0
1076 31.0 35.326530612244895 96.0 8.970757481724624 49 1731.0
1077 30.0 35.265306122448976 91.0 8.273389848897295 49 1728.0
1078 31.0 35.38775510204081 88.0 7.815093107065895 49 1734.0
1079 30.0 35.30612244897959 86.0 7.580688407703745 49 1730.0
1080 31.0 35.734693877551024 91.0 8.719650963494473 49 1751.0
1081 30.0 35.36734693877551 95.0 8.835755668379052 49 1733.0
1082 33.0 36.285714285714285 89.0 8.329165624478843 49 1778.0
1083 30.0 35.326530612244895 88.0 7.829931234005291 49 1731.0
1084 30.0 35.224489795918366 77.0 6.285781926042989 49 1726.0
1085 30.0 35.12244897959184 74.0 5.900680232895559 49 1721.0
1086 30.0 35.204081632653065 71.0 5.450457136167319 49 1725.0
1087 31.0 35.59183673469388 86.0 7.527500601535842 49 1744.0
1088 30.0 35.55102040816327 86.0 7.541720693608872 49 1742.0
1089 30.0 35.63265306122449 91.0 8.217597676001537 49 1746.0
1090 30.0 36.857142857142854 91.0 9.65228815704684 49 1806.0
1091 31.0 35.755102040816325 83.0 7.201072293545638 49 1752.0
1092 30.0 35.69387755102041 86.0 7.533823956090329 49 1749.0
1093 31.0 35.95918367346939 95.0 8.75823227900821 49 1762.0
1094 30.0 36.30612244897959 107.0 10.44270894299115 49 1779.0
1095 31.0 35.816326530612244 91.0 8.181975793850567 49 1755.0
1096 30.0 37.12244897959184 153.0 16.97870314671347 49 1819.0
1097 31.0 36.285714285714285 108.0 10.57906738170556 49 1778.0
1098 30.0 36.183673469387756 88.0 7.731627333523633 49 1773.0
1099 31.0 35.95918367346939 96.0 8.902151387149514 49 1762.0
1100 31.0 37.02040816326531 87.0 10.231670187703083 49 1814.0
1101 31.0 36.10204081632653 99.0 9.30556486275637 49 1769.0
1102 31.0 36.816326530612244 93.0 8.962127419935323 49 1804.0
1103 34.0 36.224489795918366 95.0 8.69929428680484 49 1775.0
1104 31.0 36.42857142857143 103.0 9.834039522664812 49 1785.0
1105 31.0 36.265306122448976 99.0 9.306752723614364 49 1777.0
1106 30.0 36.93877551020408 101.0 9.577334709409213 49 1810.0
1107 30.0 36.44897959183673 90.0 8.334319669519612 49 1786.0
1108 31.0 38.0 87.0 11.10180165558726 49 1862.0
1109 31.0 36.224489795918366 80.0 6.786215520334978 49 1775.0
1110 31.0 36.48979591836735 88.0 7.7436060962674 49 1788.0
1111 31.0 36.755102040816325 92.0 8.77622406525365 49 1801.0
1112 31.0 36.53061224489796 94.0 8.558869767713508 49 1790.0
1113 31.0 37.673469387755105 88.0 9.954872665982139 49 1846.0
1114 31.0 36.46938775510204 81.0 6.708520828072334 49 1787.0
1115 31.0 36.44897959183673 73.0 5.816862071060441 49 1786.0
1116 31.0 36.59183673469388 96.0 8.824488576651667 49 1793.0
1117 31.0 36.51020408163265 86.0 7.379934645655726 49 1789.0
1118 31.0 36.97959183673469 79.0 7.551185877944295 49 1812.0
1119 31.0 36.795918367346935 88.0 7.860713474394709 49 1803.0
1120 32.0 37.224489795918366 95.0 8.884127480424587 49 1824.0
1121 31.0 36.816326530612244 98.0 9.077613189847314 49 1804.0
1122 31.0 37.816326530612244 90.0 9.207500270132488 49 1853.0
1123 31.0 37.714285714285715 92.0 10.752906583803284 49 1848.0
1124 32.0 38.06122448979592 102.0 11.223873668927958 49 1865.0
1125 31.0 38.02040816326531 105.0 12.157798930313497 49 1863.0
1126 31.0 38.285714285714285 109.0 13.189326492787014 49 1876.0
1127 31.0 37.63265306122449 99.0 10.554805141006902 49 1844.0
1128 31.0 38.244897959183675 109.0 12.764747373536386 49 1874.0
1129 31.0 38.48979591836735 108.0 13.473929223039692 49 1886.0
1130 32.0 39.38775510204081 109.0 14.401701760744887 49 1930.0
1131 31.0 38.59183673469388 109.0 13.579884583681945 49 1891.0
1132 32.0 38.61224489795919 109.0 13.758052682172805 49 1892.0
1133 31.0 38.61224489795919 111.0 13.703430723926118 49 1892.0
1134 31.0 38.63265306122449 103.0 12.907836569230302 49 1893.0
1135 31.0 39.0 115.0 15.213754741461207 49 1911.0
1136 32.0 39.673469387755105 112.0 14.553618901470918 49 1944.0
1137 32.0 38.51020408163265 108.0 12.677280283016138 49 1887.0
1138 32.0 38.95918367346939 110.0 12.434761731522158 49 1909.0
1139 31.0 38.53061224489796 108.0 11.671014738831133 49 1888.0
1140 32.0 38.734693877551024 108.0 12.380723441106747 49 1898.0
1141 32.0 40.06122448979592 112.0 14.315504652976356 49 1963.0
1142 32.0 38.61224489795919 112.0 12.101680886228525 49 1892.0
1143 31.0 38.3469387755102 109.0 11.74654385413032 49 1879.0
1144 32.0 38.87755102040816 113.0 13.608564480167786 49 1905.0
1145 32.0 38.89795918367347 109.0 13.426101596577938 49 1906.0
1146 32.0 39.30612244897959 109.0 13.915225596495393 49 1926.0
1147 32.0 39.244897959183675 109.0 14.120804114622416 49 1923.0
1148 32.0 38.734693877551024 109.0 12.486284992950068 49 1898.0
1149 31.0 40.02040816326531 111.0 15.534222697963752 49 1961.0
1150 32.0 41.87755102040816 109.0 16.86173262778426 49 2052.0
1151 32.0 39.44897959183673 115.0 14.25958920704736 49 1933.0
1152 32.0 39.12244897959184 109.0 12.758383931525877 49 1917.0
1153 33.0 38.91836734693877 109.0 12.370726088050704 49 1907.0
1154 32.0 39.38775510204081 109.0 12.546274889601381 49 1930.0
1155 32.0 39.3469387755102 110.0 13.994866648775432 49 1928.0
1156 33.0 39.46938775510204 115.0 13.903090245242138 49 1934.0
1157 32.0 39.16326530612245 109.0 13.09476189610358 49 1919.0
1158 32.0 39.61224489795919 112.0 13.895167515079082 49 1941.0
1159 32.0 39.57142857142857 110.0 14.66571966639664 49 1939.0
1160 32.0 39.857142857142854 116.0 15.05130116191509 49 1953.0
1161 32.0 39.59183673469388 110.0 14.054830675113896 49 1940.0
1162 32.0 40.06122448979592 110.0 13.22782446723778 49 1963.0
1163 36.0 39.51020408163265 115.0 12.352669159908299 49 1936.0
1164 36.0 39.57142857142857 110.0 12.858201014657274 49 1939.0
1165 36.0 39.89795918367347 109.0 14.374811445081038 49 1955.0
1166 36.0 41.857142857142854 156.0 19.98958061924594 49 2051.0
1167 36.0 38.285714285714285 98.0 8.831760866327846 49 1876.0
1168 36.0 38.36734693877551 99.0 8.96217486056217 49 1880.0
1169 35.0 38.46938775510204 101.0 9.255858596983156 49 1885.0
1170 36.0 38.89795918367347 88.0 7.391563033731958 49 1906.0
1171 36.0 38.46938775510204 107.0 10.099715426717733 49 1885.0
1172 36.0 39.285714285714285 96.0 9.74037986938907 49 1925.0
1173 36.0 39.83673469387755 109.0 11.384102472994792 49 1952.0
1174 36.0 38.95918367346939 89.0 8.100820904064475 49 1909.0
1175 36.0 39.3469387755102 84.0 8.877760182069583 49 1928.0
1176 36.0 41.04081632653061 134.0 16.74061824783445 49 2011.0
1177 36.0 38.44897959183673 96.0 8.495246770228327 49 1884.0
1178 36.0 41.20408163265306 151.0 18.31436093142566 49 2019.0
1179 36.0 40.10204081632653 90.0 10.743689810688842 49 1965.0
1180 32.0 38.6530612244898 85.0 7.209805303682402 49 1894.0
1181 33.0 39.20408163265306 119.0 11.788022861922078 49 1921.0
1182 32.0 39.265306122448976 99.0 9.58465681485276 49 1924.0
1183 33.0 38.57142857142857 98.0 8.803408430829508 49 1890.0
1184 32.0 38.69387755102041 94.0 8.23155534521639 49 1896.0
1185 33.0 38.48979591836735 89.0 7.555688941066171 49 1886.0
1186 32.0 39.57142857142857 116.0 11.284207253207171 49 1939.0
1187 32.0 38.816326530612244 97.0 8.65224794824 49 1902.0
1188 33.0 39.57142857142857 97.0 10.226599304428298 49 1939.0
1189 33.0 39.16326530612245 98.0 8.993856557801717 49 1919.0
1190 33.0 39.30612244897959 98.0 8.796789380300098 49 1926.0
1191 33.0 38.857142857142854 97.0 8.633751598619606 49 1904.0
1192 33.0 39.857142857142854 95.0 10.3400515794974 49 1953.0
1193 33.0 39.04081632653061 101.0 9.187761750632992 49 1913.0
1194 33.0 40.02040816326531 95.0 9.031172395095332 49 1961.0
1195 33.0 39.142857142857146 85.0 7.645804949992737 49 1918.0
1196 33.0 38.775510204081634 88.0 7.363381543496308 49 1900.0
1197 33.0 39.183673469387756 97.0 8.589415650932825 49 1920.0
1198 33.0 39.10204081632653 88.0 7.3207607128607926 49 1916.0
1199 33.0 38.91836734693877 83.0 6.632736786494059 49 1907.0
1200 34.0 39.204081632653065 95.0 8.299045105303614 49 1921.0
1201 33.0 39.224489795918366 90.0 7.673724937849197 49 1922.0
1202 33.0 39.55102040816327 93.0 8.01316943248685 49 1938.0
1203 33.0 39.06122448979592 92.0 7.890944607759026 49 1914.0
1204 34.0 40.775510204081634 106.0 12.515432650203055 49 1998.0
1205 33.0 40.285714285714285 90.0 9.224062734681144 49 1974.0
1206 34.0 39.97959183673469 84.0 7.113630683174287 49 1959.0
1207 33.0 39.775510204081634 108.0 10.1185994298504 49 1949.0
1208 34.0 40.42857142857143 124.0 12.409673645990857 49 1981.0
1209 34.0 39.795918367346935 108.0 10.103587629807398 49 1950.0
1210 33.0 41.08163265306123 106.0 11.78953761938575 49 2013.0
1211 34.0 41.0 101.0 10.553435459602717 49 2009.0
1212 33.0 40.46938775510204 103.0 9.721329729038114 49 1983.0
1213 34.0 40.08163265306123 103.0 9.466688823390774 49 1964.0
1214 33.0 40.0 92.0 7.842193570679061 49 1960.0
1215 33.0 39.857142857142854 100.0 8.944271909999156 49 1953.0
1216 34.0 40.53061224489796 99.0 9.65250839768331 49 1986.0
1217 34.0 39.61224489795919 96.0 8.376097755246304 49 1941.0
1218 34.0 40.16326530612245 95.0 8.226853739369602 49 1968.0
1219 33.0 39.734693877551024 94.0 8.079747082995237 49 1947.0
1220 33.0 39.795918367346935 90.0 7.530437105055539 49 1950.0
1221 33.0 39.95918367346939 98.0 8.645709879456284 49 1958.0
1222 34.0 39.95918367346939 86.0 6.943099643031297 49 1958.0
1223 34.0 40.04081632653061 82.0 6.8006102167179066 49 1962.0
1224 34.0 39.775510204081634 85.0 6.813789040499815 49 1949.0
1225 34.0 40.48979591836735 101.0 9.480511697203713 49 1984.0
1226 34.0 40.44897959183673 101.0 9.000141722240164 49 1982.0
1227 34.0 39.857142857142854 88.0 7.216878364870318 49 1953.0
1228 34.0 40.04081632653061 95.0 8.187793719091525 49 1962.0
1229 34.0 40.04081632653061 93.0 7.902950882617283 49 1962.0
1230 34.0 40.285714285714285 97.0 8.465616732800196 49 1974.0
1231 34.0 40.204081632653065 99.0 8.732075907816187 49 1970.0
1232 35.0 40.244897959183675 95.0 8.168870312158884 49 1972.0
1233 34.0 40.142857142857146 95.0 8.164965809277268 49 1967.0
1234 34.0 41.51020408163265 99.0 9.473916932336722 49 2034.0
1235 34.0 40.95918367346939 94.0 8.760610670479998 49 2007.0
1236 34.0 40.755102040816325 99.0 8.840085341417092 49 1997.0
1237 34.0 41.51020408163265 105.0 10.636263537578246 49 2034.0
1238 34.0 40.83673469387755 91.0 7.885500773507002 49 2001.0
1239 34.0 40.734693877551024 101.0 9.024908841192623 49 1996.0
1240 34.0 40.755102040816325 105.0 9.584124486716073 49 1997.0
1241 34.0 42.59183673469388 113.0 13.383631743269692 49 2087.0
1242 35.0 41.142857142857146 91.0 7.892506995034388 49 2016.0
1243 34.0 40.57142857142857 85.0 6.879922480183434 49 1988.0
1244 34.0 40.51020408163265 90.0 7.508668459907946 49 1985.0
1245 35.0 41.61224489795919 100.0 9.643253960089174 49 2039.0
1246 35.0 40.91836734693877 100.0 8.850227715276308 49 2005.0
1247 34.0 40.714285714285715 98.0 8.590207603234427 49 1995.0
1248 34.0 40.816326530612244 94.0 8.030342119600089 49 2000.0
1249 34.0 40.89795918367347 98.0 8.59322625181987 49 2004.0
1250 35.0 41.326530612244895 95.0 8.107064190933631 49 2025.0
1251 34.0 40.89795918367347 98.0 8.595650300101372 49 2004.0
1252 35.0 40.857142857142854 96.0 8.281505499203224 49 2002.0
1253 34.0 41.224489795918366 111.0 10.390831908711743 49 2020.0
1254 36.0 41.06122448979592 93.0 7.835305150581005 49 2012.0
1255 34.0 41.326530612244895 98.0 8.71394417753819 49 2025.0
1256 34.0 40.857142857142854 83.0 6.490377492873585 49 2002.0
1257 35.0 41.10204081632653 99.0 8.682465322800471 49 2014.0
1258 35.0 41.57142857142857 103.0 9.21276288634414 49 2037.0
1259 35.0 41.673469387755105 93.0 8.19397073845062 49 2042.0
1260 35.0 41.6530612244898 96.0 8.620593126365504 49 2041.0
1261 36.0 41.30612244897959 100.0 8.78019571163957 49 2024.0
1262 35.0 41.285714285714285 91.0 7.577378614446203 49 2023.0
1263 35.0 42.3469387755102 96.0 10.767526449948482 49 2075.0
1264 36.0 41.755102040816325 100.0 9.015104483229097 49 2046.0
1265 35.0 41.714285714285715 102.0 9.10585891976515 49 2044.0
1266 35.0 43.775510204081634 103.0 12.06452324331282 49 2145.0
1267 36.0 42.0 99.0 9.420721840708387 49 2058.0
1268 36.0 42.46938775510204 90.0 9.336536743747489 49 2081.0
1269 37.0 41.44897959183673 81.0 6.560809225017513 49 2031.0
1270 39.0 44.714285714285715 105.0 14.234640845486759 49 2191.0
1271 36.0 42.0 97.0 9.053084189011683 49 2058.0
1272 36.0 42.04081632653061 96.0 8.800944986367162 49 2060.0
1273 36.0 41.816326530612244 95.0 8.328348849431277 49 2049.0
1274 36.0 42.83673469387755 96.0 9.93593423466793 49 2099.0
1275 36.0 42.53061224489796 96.0 9.16538333626479 49 2084.0
1276 36.0 42.63265306122449 97.0 9.243677743803731 49 2089.0
1277 36.0 42.42857142857143 103.0 9.802210635021739 49 2079.0
1278 36.0 43.36734693877551 98.0 11.435860770603401 49 2125.0
1279 36.0 43.142857142857146 101.0 10.424330514074589 49 2114.0
1280 36.0 42.44897959183673 95.0 8.28417473381677 49 2080.0
1281 36.0 42.08163265306123 92.0 7.637180802642083 49 2062.0
1282 36.0 42.40816326530612 96.0 8.110996566768005 49 2078.0
1283 36.0 42.244897959183675 97.0 8.370410713352365 49 2070.0
1284 36.0 41.83673469387755 90.0 7.323896215970904 49 2050.0
1285 37.0 41.91836734693877 94.0 7.839102666265118 49 2054.0
1286 36.0 42.40816326530612 93.0 7.863201127580869 49 2078.0
1287 37.0 42.142857142857146 103.0 9.110433579144305 49 2065.0
1288 37.0 42.46938775510204 102.0 9.032584626451815 49 2081.0
1289 36.0 41.91836734693877 92.0 7.557658187488473 49 2054.0
1290 37.0 42.142857142857146 84.0 6.48074069840786 49 2065.0
1291 36.0 42.57142857142857 102.0 9.309493362512628 49 2086.0
1292 36.0 42.142857142857146 88.0 7.27438428093174 49 2065.0
1293 37.0 42.46938775510204 94.0 8.149902966744266 49 2081.0
1294 37.0 42.265306122448976 90.0 7.256535876378624 49 2071.0
1295 37.0 42.51020408163265 96.0 8.226285231347317 49 2083.0
1296 37.0 42.87755102040816 111.0 10.323179123258706 49 2101.0
1297 37.0 43.142857142857146 97.0 9.171968163922074 49 2114.0
1298 37.0 43.265306122448976 101.0 8.906401045980175 49 2120.0
