##ver, min, mean, max, stddev, count, total
0 0.0 0.23076923076923073 3.0 0.8320502943378436 13 3.0
1 0.0 0.23076923076923073 3.0 0.8320502943378436 13 3.0
2 0.0 0.23076923076923073 2.0 0.599144689515278 13 3.0
3 0.0 0.3076923076923077 1.0 0.48038446141526137 13 4.0
4 0.0 0.3076923076923077 1.0 0.48038446141526137 13 4.0
5 0.0 0.15384615384615385 1.0 0.3755338080994054 13 2.0
6 0.0 0.15384615384615385 1.0 0.3755338080994053 13 2.0
7 0.0 0.38461538461538464 2.0 0.650443635587991 13 5.0
8 0.0 0.3076923076923077 2.0 0.6304251719561152 13 4.0
9 0.0 0.23076923076923073 1.0 0.43852900965351466 13 3.0
10 0.0 0.23076923076923075 1.0 0.4385290096535146 13 3.0
11 0.0 0.46153846153846145 2.0 0.6602252917735247 13 6.0
12 0.0 0.4615384615384615 2.0 0.6602252917735248 13 6.0
13 0.0 0.5384615384615385 3.0 0.8770580193070292 13 7.0
14 0.0 0.6923076923076923 3.0 0.8548504142651102 13 9.0
15 0.0 0.30769230769230776 3.0 0.8548504142651104 13 4.0
16 0.0 0.923076923076923 3.0 0.7595545253127501 13 12.0
17 0.0 0.38461538461538464 2.0 0.650443635587991 13 5.0
18 0.0 0.6923076923076923 1.0 0.48038446141526137 13 9.0
19 0.0 0.5384615384615385 3.0 0.8770580193070292 13 7.0
20 0.0 0.7692307692307693 2.0 0.5991446895152781 13 10.0
21 0.0 0.5384615384615385 2.0 0.6602252917735246 13 7.0
22 0.0 0.7692307692307693 2.0 0.5991446895152781 13 10.0
23 0.0 0.6923076923076923 2.0 0.6304251719561152 13 9.0
24 0.0 0.923076923076923 4.0 1.0377490433255419 13 12.0
25 0.0 0.6153846153846154 2.0 0.6504436355879909 13 8.0
26 0.0 0.6923076923076923 2.0 0.7510676161988108 13 9.0
27 0.0 0.8461538461538461 2.0 0.5547001962252291 13 11.0
28 0.0 0.8461538461538461 2.0 0.5547001962252291 13 11.0
29 0.0 0.6923076923076923 3.0 0.8548504142651101 13 9.0
30 0.0 0.8461538461538461 2.0 0.6887372317211946 13 11.0
31 0.0 1.0769230769230769 2.0 0.49354811679282456 13 14.0
32 0.0 1.1538461538461537 3.0 0.6887372317211946 13 15.0
33 0.0 0.9230769230769231 2.0 0.6405126152203486 13 12.0
34 0.0 1.0 3.0 0.816496580927726 13 13.0
35 0.0 1.0 3.0 0.816496580927726 13 13.0
36 0.0 1.1538461538461537 3.0 0.9870962335856489 13 15.0
37 0.0 1.2307692307692308 3.0 0.7250110520819841 13 16.0
38 1.0 1.3076923076923077 3.0 0.630425171956115 13 17.0
39 1.0 1.3076923076923077 3.0 0.630425171956115 13 17.0
40 1.0 1.3076923076923077 3.0 0.630425171956115 13 17.0
41 1.0 1.3076923076923077 3.0 0.630425171956115 13 17.0
42 1.0 1.3846153846153846 3.0 0.7679476477883046 13 18.0
43 1.0 6.153846153846154 64.0 17.401370414645292 13 80.0
44 1.0 1.3076923076923077 3.0 0.630425171956115 13 17.0
45 1.0 1.3846153846153846 4.0 0.8697184926229038 13 18.0
46 1.0 1.3076923076923077 3.0 0.630425171956115 13 17.0
47 1.0 1.4615384615384615 3.0 0.6602252917735247 13 19.0
48 1.0 1.3846153846153846 4.0 0.8697184926229038 13 18.0
49 1.0 1.3846153846153846 4.0 0.8697184926229038 13 18.0
50 1.0 1.5384615384615385 6.0 1.3913653136029507 13 20.0
51 1.0 1.5384615384615385 5.0 1.1982893790305564 13 20.0
52 1.0 1.3846153846153846 3.0 0.650443635587991 13 18.0
53 1.0 1.6923076923076923 4.0 0.8548504142651101 13 22.0
54 1.0 1.4615384615384615 4.0 0.8770580193070292 13 19.0
55 1.0 1.5384615384615385 4.0 0.8770580193070292 13 20.0
56 1.0 1.692307692307692 4.0 0.9473309334313418 13 22.0
57 1.0 1.6923076923076923 4.0 0.8548504142651102 13 22.0
58 1.0 1.6153846153846154 4.0 0.8697184926229041 13 21.0
59 1.0 1.6153846153846154 3.0 0.7679476477883045 13 21.0
60 1.0 1.4615384615384615 4.0 0.8770580193070292 13 19.0
61 1.0 1.6153846153846154 4.0 0.9607689228305227 13 21.0
62 1.0 1.8461538461538463 5.0 1.0681880176381127 13 24.0
63 1.0 1.7692307692307692 5.0 1.1657505560686467 13 23.0
64 1.0 2.0 5.0 1.0801234497346435 13 26.0
65 1.0 1.7692307692307692 4.0 0.8320502943378436 13 23.0
66 1.0 1.9230769230769231 4.0 0.8623164985025763 13 25.0
67 1.0 1.7692307692307692 4.0 0.8320502943378436 13 23.0
68 1.0 1.923076923076923 5.0 1.0377490433255416 13 25.0
69 1.0 1.8461538461538463 5.0 1.143543749793731 13 24.0
70 1.0 1.923076923076923 5.0 1.0377490433255416 13 25.0
71 1.0 2.1538461538461537 5.0 0.9870962335856489 13 28.0
72 1.0 1.8461538461538463 5.0 1.143543749793731 13 24.0
73 1.0 2.3846153846153846 8.0 1.8045526471705544 13 31.0
74 1.0 2.230769230769231 7.0 1.4806443503784732 13 29.0
75 1.0 2.0 5.0 1.0801234497346435 13 26.0
76 1.0 1.923076923076923 5.0 1.1151635501529555 13 25.0
77 1.0 2.3076923076923075 6.0 1.2506408613597129 13 30.0
78 2.0 2.230769230769231 5.0 0.8320502943378436 13 29.0
79 1.0 2.1538461538461537 5.0 0.9870962335856489 13 28.0
80 1.0 2.1538461538461537 5.0 0.9870962335856489 13 28.0
81 1.0 1.923076923076923 5.0 1.1151635501529555 13 25.0
82 1.0 1.923076923076923 5.0 1.0377490433255416 13 25.0
83 1.0 2.230769230769231 5.0 0.9268086959962986 13 29.0
84 1.0 2.230769230769231 6.0 1.2351684199496944 13 29.0
85 1.0 2.5384615384615383 9.0 1.9839096340048945 13 33.0
86 2.0 2.6153846153846154 9.0 1.9381460874790266 13 34.0
87 2.0 2.5384615384615383 9.0 1.9414506867883015 13 33.0
88 1.0 2.4615384615384617 8.0 1.7134460703206964 13 32.0
89 1.0 2.3076923076923075 5.0 0.9473309334313421 13 30.0
90 2.0 2.3846153846153846 6.0 1.1208970766356097 13 31.0
91 2.0 2.3076923076923075 5.0 0.8548504142651105 13 30.0
92 2.0 2.230769230769231 5.0 0.8320502943378436 13 29.0
93 2.0 2.6923076923076925 6.0 1.3155870289605436 13 35.0
94 2.0 2.6153846153846154 6.0 1.3252962900462126 13 34.0
95 2.0 2.6153846153846154 6.0 1.3252962900462126 13 34.0
96 2.0 2.5384615384615383 5.0 1.1266014242982163 13 33.0
97 2.0 2.6923076923076925 5.0 1.1094003924504585 13 35.0
98 2.0 2.6923076923076925 5.0 1.1094003924504585 13 35.0
99 2.0 2.5384615384615383 6.0 1.198289379030556 13 33.0
100 2.0 2.923076923076923 6.0 1.2557559782549623 13 38.0
101 2.0 2.769230769230769 5.0 1.091928428198338 13 36.0
102 2.0 2.6153846153846154 5.0 1.12089707663561 13 34.0
103 2.0 2.6923076923076925 5.0 1.1094003924504585 13 35.0
104 2.0 3.4615384615384617 12.0 2.633609203336257 13 45.0
105 2.0 2.4615384615384617 5.0 1.1266014242982163 13 32.0
106 2.0 3.230769230769231 5.0 0.8320502943378436 13 42.0
107 2.0 2.4615384615384617 6.0 1.198289379030556 13 32.0
108 3.0 3.3846153846153846 6.0 0.9607689228305225 13 44.0
109 2.0 2.4615384615384617 6.0 1.198289379030556 13 32.0
110 3.0 3.3076923076923075 6.0 0.8548504142651105 13 43.0
111 2.0 2.5384615384615383 6.0 1.198289379030556 13 33.0
112 2.0 3.1538461538461537 6.0 0.9870962335856489 13 41.0
113 2.0 3.153846153846154 8.0 1.573009527739414 13 41.0
114 2.0 3.0 9.0 1.9148542155126762 13 39.0
115 2.0 3.5384615384615383 10.0 1.9839096340048945 13 46.0
116 2.0 3.3076923076923075 9.0 1.7974340685458339 13 43.0
117 2.0 2.769230769230769 6.0 1.165750556068647 13 36.0
118 2.0 3.076923076923077 5.0 0.6405126152203486 13 40.0
119 2.0 3.3076923076923075 7.0 1.1821319289469758 13 43.0
120 2.0 3.0 9.0 1.9148542155126762 13 39.0
121 2.0 2.8461538461538463 5.0 0.898717034272917 13 37.0
122 2.0 3.0 5.0 0.816496580927726 13 39.0
123 2.0 3.1538461538461537 5.0 0.6887372317211946 13 41.0
124 3.0 3.3076923076923075 6.0 0.8548504142651105 13 43.0
125 2.0 3.230769230769231 5.0 0.8320502943378435 13 42.0
126 2.0 3.076923076923077 5.0 0.75955452531275 13 40.0
127 2.0 3.076923076923077 5.0 0.9540735874430285 13 40.0
128 2.0 3.230769230769231 6.0 0.9268086959962986 13 42.0
129 2.0 3.4615384615384617 9.0 1.7134460703206962 13 45.0
130 2.0 3.3076923076923075 7.0 1.2506408613597129 13 43.0
131 3.0 3.230769230769231 5.0 0.599144689515278 13 42.0
132 2.0 3.230769230769231 5.0 0.725011052081984 13 42.0
133 3.0 3.4615384615384617 9.0 1.6641005886756872 13 45.0
134 3.0 3.6923076923076925 9.0 1.6525039276108333 13 48.0
135 3.0 3.3846153846153846 6.0 0.869718492622904 13 44.0
136 3.0 3.3076923076923075 5.0 0.6304251719561152 13 43.0
137 3.0 3.3076923076923075 5.0 0.6304251719561151 13 43.0
138 3.0 3.4615384615384617 5.0 0.6602252917735248 13 45.0
139 3.0 3.230769230769231 4.0 0.4385290096535146 13 42.0
140 3.0 3.3076923076923075 5.0 0.6304251719561151 13 43.0
141 3.0 3.3076923076923075 5.0 0.6304251719561151 13 43.0
142 3.0 4.230769230769231 12.0 2.4205318339105477 13 55.0
143 3.0 3.3846153846153846 5.0 0.650443635587991 13 44.0
144 3.0 3.6153846153846154 5.0 0.6504436355879909 13 47.0
145 3.0 3.4615384615384617 5.0 0.6602252917735248 13 45.0
146 3.0 3.4615384615384617 5.0 0.6602252917735248 13 45.0
147 3.0 4.0 6.0 0.816496580927726 13 52.0
148 3.0 3.4615384615384617 5.0 0.6602252917735248 13 45.0
149 3.0 3.8461538461538463 5.0 0.5547001962252293 13 50.0
150 3.0 3.5384615384615383 6.0 0.8770580193070292 13 46.0
151 3.0 3.8461538461538463 6.0 0.898717034272917 13 50.0
152 3.0 3.6923076923076925 6.0 0.8548504142651103 13 48.0
153 3.0 3.4615384615384617 6.0 0.8770580193070292 13 45.0
154 3.0 4.076923076923077 6.0 0.7595545253127501 13 53.0
155 3.0 3.923076923076923 6.0 0.8623164985025763 13 51.0
156 3.0 4.0 6.0 0.816496580927726 13 52.0
157 3.0 4.0 5.0 0.5773502691896257 13 52.0
158 3.0 3.769230769230769 5.0 0.7250110520819842 13 49.0
159 3.0 3.8461538461538463 5.0 0.6887372317211946 13 50.0
160 3.0 3.923076923076923 5.0 0.75955452531275 13 51.0
161 4.0 4.076923076923077 5.0 0.2773500981126145 13 53.0
162 3.0 4.153846153846154 5.0 0.5547001962252291 13 54.0
163 3.0 9.384615384615383 74.0 19.418798716443398 13 122.0
164 3.0 4.076923076923077 6.0 0.7595545253127501 13 53.0
165 3.0 4.076923076923077 6.0 0.6405126152203486 13 53.0
166 4.0 4.153846153846154 5.0 0.3755338080994054 13 54.0
167 3.0 4.153846153846154 6.0 0.6887372317211945 13 54.0
168 3.0 4.076923076923077 6.0 0.7595545253127501 13 53.0
169 3.0 4.076923076923077 6.0 0.6405126152203484 13 53.0
170 4.0 4.230769230769231 5.0 0.4385290096535146 13 55.0
171 4.0 4.230769230769231 6.0 0.599144689515278 13 55.0
172 4.0 4.230769230769231 5.0 0.4385290096535146 13 55.0
173 4.0 4.384615384615385 5.0 0.5063696835418332 13 57.0
174 4.0 4.3076923076923075 6.0 0.7510676161988106 13 56.0
175 4.0 4.230769230769231 6.0 0.5991446895152781 13 55.0
176 4.0 4.538461538461538 7.0 0.8770580193070292 13 59.0
177 4.0 4.384615384615385 6.0 0.6504436355879908 13 57.0
178 4.0 4.615384615384615 7.0 0.869718492622904 13 60.0
179 4.0 4.384615384615385 6.0 0.6504436355879908 13 57.0
180 4.0 4.615384615384615 7.0 0.960768922830523 13 60.0
181 4.0 4.615384615384615 6.0 0.6504436355879908 13 60.0
182 4.0 4.538461538461538 6.0 0.7762500258061849 13 59.0
183 4.0 4.6923076923076925 7.0 0.8548504142651103 13 61.0
184 4.0 4.615384615384615 6.0 0.6504436355879908 13 60.0
185 4.0 4.538461538461538 7.0 0.8770580193070292 13 59.0
186 4.0 4.846153846153846 7.0 0.8006407690254357 13 63.0
187 4.0 4.461538461538462 6.0 0.6602252917735248 13 58.0
188 4.0 4.769230769230769 6.0 0.599144689515278 13 62.0
189 4.0 4.769230769230769 6.0 0.5991446895152781 13 62.0
190 4.0 4.538461538461538 7.0 0.8770580193070292 13 59.0
191 4.0 9.461538461538462 65.0 16.706362982485572 13 123.0
192 4.0 4.923076923076923 7.0 0.7595545253127501 13 64.0
193 4.0 4.615384615384615 6.0 0.7679476477883044 13 60.0
194 4.0 5.0 7.0 0.816496580927726 13 65.0
195 5.0 5.153846153846154 7.0 0.5547001962252291 13 67.0
196 4.0 4.769230769230769 7.0 0.9268086959962983 13 62.0
197 4.0 4.846153846153846 8.0 1.0681880176381124 13 63.0
198 4.0 5.153846153846154 8.0 0.9870962335856488 13 67.0
199 5.0 5.3076923076923075 8.0 0.8548504142651105 13 69.0
200 4.0 5.3076923076923075 8.0 0.947330933431342 13 69.0
201 4.0 5.076923076923077 8.0 1.1875421719907089 13 66.0
202 4.0 5.153846153846154 8.0 0.9870962335856487 13 67.0
203 4.0 5.3076923076923075 8.0 1.0315534712764842 13 69.0
204 4.0 5.153846153846154 8.0 1.0681880176381124 13 67.0
205 5.0 5.384615384615385 8.0 0.8697184926229042 13 70.0
206 5.0 5.461538461538462 8.0 0.8770580193070292 13 71.0
207 5.0 5.461538461538462 8.0 0.8770580193070292 13 71.0
208 5.0 5.3076923076923075 8.0 0.8548504142651105 13 69.0
209 5.0 5.461538461538462 8.0 0.9674179220468453 13 71.0
210 5.0 5.615384615384615 8.0 0.869718492622904 13 73.0
211 5.0 5.615384615384615 8.0 0.869718492622904 13 73.0
212 5.0 5.538461538461538 8.0 0.8770580193070292 13 72.0
213 5.0 5.615384615384615 8.0 0.960768922830523 13 73.0
214 5.0 5.538461538461538 8.0 0.8770580193070292 13 72.0
215 5.0 5.923076923076923 7.0 0.8623164985025763 13 77.0
216 5.0 5.384615384615385 7.0 0.6504436355879908 13 70.0
217 5.0 5.6923076923076925 8.0 1.0315534712764842 13 74.0
218 5.0 5.769230769230769 8.0 0.8320502943378435 13 75.0
219 5.0 5.769230769230769 8.0 1.091928428198338 13 75.0
220 5.0 6.0 8.0 0.9128709291752769 13 78.0
221 5.0 5.769230769230769 7.0 0.7250110520819842 13 75.0
222 5.0 6.0 8.0 0.9128709291752769 13 78.0
223 5.0 5.846153846153846 7.0 0.8006407690254357 13 76.0
224 5.0 5.615384615384615 7.0 0.6504436355879908 13 73.0
225 5.0 5.923076923076923 7.0 0.6405126152203486 13 77.0
226 5.0 5.769230769230769 7.0 0.7250110520819841 13 75.0
227 5.0 6.153846153846154 7.0 0.5547001962252291 13 80.0
228 5.0 5.846153846153846 7.0 0.6887372317211945 13 76.0
229 5.0 5.6923076923076925 7.0 0.7510676161988107 13 74.0
230 5.0 6.0 7.0 0.7071067811865476 13 78.0
231 5.0 6.076923076923077 7.0 0.49354811679282445 13 79.0
232 5.0 5.923076923076923 7.0 0.49354811679282456 13 77.0
233 5.0 6.230769230769231 8.0 0.7250110520819841 13 81.0
234 5.0 6.076923076923077 7.0 0.6405126152203485 13 79.0
235 5.0 6.230769230769231 7.0 0.5991446895152781 13 81.0
236 5.0 6.0 7.0 0.7071067811865476 13 78.0
237 5.0 6.076923076923077 8.0 0.8623164985025763 13 79.0
238 6.0 6.230769230769231 7.0 0.4385290096535146 13 81.0
239 6.0 6.384615384615385 8.0 0.6504436355879908 13 83.0
240 5.0 6.153846153846154 7.0 0.5547001962252291 13 80.0
241 6.0 6.3076923076923075 8.0 0.6304251719561151 13 82.0
242 6.0 6.461538461538462 7.0 0.5188745216627708 13 84.0
243 6.0 6.538461538461538 8.0 0.6602252917735247 13 85.0
244 6.0 6.384615384615385 8.0 0.6504436355879908 13 83.0
245 6.0 6.6923076923076925 8.0 0.7510676161988107 13 87.0
246 6.0 6.538461538461538 7.0 0.5188745216627708 13 85.0
247 6.0 6.769230769230769 8.0 0.8320502943378436 13 88.0
248 6.0 6.615384615384615 8.0 0.6504436355879908 13 86.0
249 6.0 6.6923076923076925 8.0 0.8548504142651103 13 87.0
250 6.0 6.923076923076923 8.0 0.75955452531275 13 90.0
251 6.0 6.6923076923076925 8.0 0.6304251719561152 13 87.0
252 6.0 7.0 8.0 0.816496580927726 13 91.0
253 6.0 7.0 8.0 0.816496580927726 13 91.0
254 6.0 7.0 8.0 0.5773502691896257 13 91.0
255 6.0 6.846153846153846 8.0 0.8006407690254357 13 89.0
256 6.0 7.153846153846154 9.0 0.8987170342729172 13 93.0
257 6.0 7.076923076923077 8.0 0.6405126152203486 13 92.0
258 6.0 7.153846153846154 9.0 0.6887372317211945 13 93.0
259 6.0 7.076923076923077 8.0 0.49354811679282456 13 92.0
260 6.0 7.153846153846154 9.0 0.8006407690254357 13 93.0
261 6.0 7.153846153846154 9.0 0.8006407690254357 13 93.0
262 6.0 6.923076923076923 8.0 0.6405126152203486 13 90.0
263 6.0 7.230769230769231 9.0 0.7250110520819841 13 94.0
264 6.0 7.076923076923077 9.0 0.6405126152203485 13 92.0
265 7.0 7.153846153846154 8.0 0.3755338080994054 13 93.0
266 7.0 7.230769230769231 9.0 0.599144689515278 13 94.0
267 7.0 7.3076923076923075 9.0 0.6304251719561151 13 95.0
268 7.0 7.153846153846154 8.0 0.3755338080994054 13 93.0
269 7.0 7.230769230769231 9.0 0.599144689515278 13 94.0
270 7.0 7.153846153846154 8.0 0.3755338080994054 13 93.0
271 7.0 7.538461538461538 9.0 0.6602252917735248 13 98.0
272 7.0 7.384615384615385 9.0 0.6504436355879908 13 96.0
273 7.0 7.538461538461538 9.0 0.6602252917735248 13 98.0
274 7.0 7.538461538461538 10.0 0.8770580193070292 13 98.0
275 7.0 7.615384615384615 9.0 0.6504436355879908 13 99.0
276 7.0 7.538461538461538 9.0 0.6602252917735248 13 98.0
277 7.0 7.615384615384615 9.0 0.6504436355879908 13 99.0
278 7.0 7.615384615384615 10.0 0.8697184926229041 13 99.0
279 7.0 7.769230769230769 9.0 0.5991446895152781 13 101.0
280 7.0 7.538461538461538 9.0 0.6602252917735248 13 98.0
281 7.0 7.769230769230769 10.0 0.8320502943378437 13 101.0
282 7.0 7.769230769230769 9.0 0.5991446895152781 13 101.0
283 7.0 7.846153846153846 10.0 0.8006407690254357 13 102.0
284 7.0 7.923076923076923 10.0 0.7595545253127501 13 103.0
285 7.0 7.846153846153846 9.0 0.5547001962252291 13 102.0
286 7.0 8.23076923076923 10.0 0.9268086959962986 13 107.0
287 7.0 8.076923076923077 12.0 1.4411533842457842 13 105.0
288 7.0 7.923076923076923 9.0 0.4935481167928245 13 103.0
289 7.0 8.076923076923077 10.0 0.7595545253127501 13 105.0
290 7.0 8.23076923076923 10.0 0.7250110520819842 13 107.0
291 7.0 8.076923076923077 10.0 0.6405126152203487 13 105.0
292 8.0 8.23076923076923 10.0 0.5991446895152781 13 107.0
293 8.0 8.23076923076923 10.0 0.5991446895152781 13 107.0
294 8.0 8.307692307692308 10.0 0.6304251719561152 13 108.0
295 8.0 8.461538461538462 10.0 0.6602252917735248 13 110.0
296 8.0 8.23076923076923 10.0 0.5991446895152781 13 107.0
297 8.0 8.384615384615385 10.0 0.6504436355879908 13 109.0
298 8.0 8.538461538461538 10.0 0.6602252917735248 13 111.0
299 8.0 8.615384615384615 10.0 0.6504436355879908 13 112.0
300 8.0 8.384615384615385 11.0 0.8697184926229041 13 109.0
301 8.0 8.538461538461538 10.0 0.6602252917735248 13 111.0
302 8.0 8.76923076923077 11.0 0.8320502943378436 13 114.0
303 8.0 8.615384615384615 10.0 0.6504436355879908 13 112.0
304 8.0 8.692307692307692 11.0 0.8548504142651104 13 113.0
305 8.0 8.538461538461538 10.0 0.6602252917735248 13 111.0
306 8.0 8.846153846153847 10.0 0.554700196225229 13 115.0
307 8.0 9.076923076923077 11.0 0.75955452531275 13 118.0
308 8.0 8.692307692307692 10.0 0.6304251719561152 13 113.0
309 8.0 8.692307692307692 10.0 0.6304251719561152 13 113.0
310 8.0 9.153846153846153 11.0 0.8006407690254358 13 119.0
311 8.0 9.0 11.0 0.7071067811865476 13 117.0
312 8.0 9.076923076923077 11.0 0.6405126152203486 13 118.0
313 8.0 9.076923076923077 11.0 0.6405126152203487 13 118.0
314 8.0 9.076923076923077 11.0 0.6405126152203487 13 118.0
315 9.0 9.384615384615385 11.0 0.6504436355879908 13 122.0
316 9.0 9.153846153846153 11.0 0.554700196225229 13 119.0
317 9.0 9.23076923076923 11.0 0.5991446895152781 13 120.0
318 8.0 9.307692307692308 11.0 0.7510676161988108 13 121.0
319 8.0 9.23076923076923 11.0 0.7250110520819842 13 120.0
320 8.0 9.23076923076923 11.0 0.7250110520819842 13 120.0
321 9.0 9.461538461538462 11.0 0.6602252917735248 13 123.0
322 9.0 9.461538461538462 11.0 0.6602252917735248 13 123.0
323 9.0 9.538461538461538 12.0 0.8770580193070292 13 124.0
324 9.0 9.538461538461538 11.0 0.6602252917735248 13 124.0
325 9.0 9.538461538461538 11.0 0.6602252917735248 13 124.0
326 9.0 9.692307692307692 12.0 0.8548504142651104 13 126.0
327 9.0 9.692307692307692 11.0 0.6304251719561152 13 126.0
328 9.0 9.76923076923077 12.0 0.8320502943378437 13 127.0
329 9.0 9.846153846153847 12.0 0.8006407690254358 13 128.0
330 9.0 9.692307692307692 12.0 0.9473309334313419 13 126.0
331 9.0 15.076923076923077 77.0 18.621052326428536 13 196.0
332 9.0 9.846153846153847 12.0 0.8006407690254358 13 128.0
333 9.0 9.846153846153847 12.0 0.8006407690254358 13 128.0
334 9.0 9.846153846153847 12.0 0.8006407690254358 13 128.0
335 9.0 10.0 12.0 0.9128709291752769 13 130.0
336 9.0 9.923076923076923 12.0 0.7595545253127501 13 129.0
337 9.0 10.076923076923077 12.0 0.7595545253127501 13 131.0
338 10.0 10.307692307692308 13.0 0.8548504142651104 13 134.0
339 10.0 10.307692307692308 12.0 0.6304251719561152 13 134.0
340 9.0 10.153846153846153 12.0 0.6887372317211947 13 132.0
341 9.0 10.076923076923077 13.0 0.9540735874430287 13 131.0
342 9.0 10.23076923076923 12.0 0.7250110520819842 13 133.0
343 10.0 10.23076923076923 13.0 0.8320502943378438 13 133.0
344 9.0 10.076923076923077 12.0 0.6405126152203486 13 131.0
345 10.0 10.307692307692308 13.0 0.8548504142651104 13 134.0
346 10.0 10.461538461538462 13.0 0.8770580193070292 13 136.0
347 10.0 10.461538461538462 12.0 0.6602252917735248 13 136.0
348 10.0 10.384615384615385 13.0 0.8697184926229041 13 135.0
349 10.0 10.384615384615385 13.0 0.8697184926229042 13 135.0
350 10.0 10.76923076923077 13.0 0.8320502943378438 13 140.0
351 10.0 10.615384615384615 12.0 0.6504436355879908 13 138.0
352 10.0 10.692307692307692 13.0 0.8548504142651104 13 139.0
353 10.0 10.692307692307692 13.0 0.8548504142651104 13 139.0
354 10.0 10.538461538461538 13.0 0.8770580193070292 13 137.0
355 10.0 11.076923076923077 13.0 0.6405126152203486 13 144.0
356 10.0 10.538461538461538 13.0 0.8770580193070292 13 137.0
357 10.0 10.846153846153847 13.0 1.0681880176381124 13 141.0
358 10.0 11.153846153846153 13.0 0.898717034272917 13 145.0
359 10.0 11.076923076923077 13.0 0.9540735874430286 13 144.0
360 10.0 10.923076923076923 13.0 1.0377490433255419 13 142.0
361 10.0 20.384615384615383 130.0 32.95334697603685 13 265.0
362 11.0 11.307692307692308 13.0 0.7510676161988108 13 147.0
363 10.0 11.23076923076923 13.0 0.8320502943378438 13 146.0
364 10.0 11.076923076923077 14.0 1.1875421719907089 13 144.0
365 10.0 11.307692307692308 14.0 1.031553471276484 13 147.0
366 11.0 11.384615384615385 13.0 0.7679476477883044 13 148.0
367 10.0 11.384615384615385 13.0 0.8697184926229041 13 148.0
368 10.0 11.307692307692308 13.0 0.8548504142651104 13 147.0
369 10.0 11.307692307692308 14.0 1.031553471276484 13 147.0
370 11.0 11.461538461538462 14.0 0.9674179220468453 13 149.0
371 11.0 11.692307692307692 14.0 0.9473309334313419 13 152.0
372 11.0 19.769230769230766 122.0 30.722287908926543 13 257.0
373 11.0 11.461538461538462 14.0 1.1266014242982163 13 149.0
374 11.0 11.538461538461538 14.0 0.9674179220468453 13 150.0
375 11.0 11.538461538461538 13.0 0.6602252917735248 13 150.0
376 11.0 11.461538461538462 14.0 0.8770580193070292 13 149.0
377 11.0 11.307692307692308 13.0 0.6304251719561152 13 147.0
378 11.0 12.076923076923077 14.0 0.6405126152203486 13 157.0
379 11.0 11.307692307692308 14.0 0.8548504142651104 13 147.0
380 11.0 11.76923076923077 14.0 0.8320502943378437 13 153.0
381 11.0 11.76923076923077 14.0 0.8320502943378438 13 153.0
382 11.0 11.692307692307692 14.0 0.8548504142651104 13 152.0
383 11.0 11.692307692307692 14.0 0.8548504142651104 13 152.0
384 11.0 11.846153846153847 14.0 0.8006407690254358 13 154.0
385 11.0 11.692307692307692 14.0 0.8548504142651104 13 152.0
386 11.0 12.076923076923077 14.0 0.75955452531275 13 157.0
387 11.0 11.923076923076923 14.0 0.7595545253127501 13 155.0
388 11.0 11.846153846153847 14.0 0.8006407690254358 13 154.0
389 11.0 11.76923076923077 14.0 0.8320502943378437 13 153.0
390 11.0 11.846153846153847 14.0 0.8006407690254358 13 154.0
391 11.0 12.0 14.0 0.7071067811865476 13 156.0
392 11.0 12.0 14.0 0.7071067811865476 13 156.0
393 12.0 12.307692307692308 15.0 0.8548504142651104 13 160.0
394 12.0 12.23076923076923 14.0 0.5991446895152781 13 159.0
395 12.0 12.23076923076923 14.0 0.5991446895152781 13 159.0
396 11.0 12.153846153846153 14.0 0.6887372317211945 13 158.0
397 12.0 12.307692307692308 14.0 0.6304251719561152 13 160.0
398 12.0 12.23076923076923 14.0 0.5991446895152781 13 159.0
399 12.0 12.461538461538462 15.0 0.8770580193070292 13 162.0
400 11.0 12.384615384615385 15.0 0.960768922830523 13 161.0
401 12.0 12.23076923076923 14.0 0.5991446895152781 13 159.0
402 12.0 12.76923076923077 15.0 0.8320502943378437 13 166.0
403 12.0 12.615384615384615 15.0 0.869718492622904 13 164.0
404 11.0 12.307692307692308 14.0 0.7510676161988108 13 160.0
405 12.0 12.615384615384615 14.0 0.6504436355879908 13 164.0
406 12.0 12.384615384615385 14.0 0.6504436355879908 13 161.0
407 12.0 12.846153846153847 14.0 0.554700196225229 13 167.0
408 12.0 12.384615384615385 14.0 0.6504436355879908 13 161.0
409 12.0 12.76923076923077 15.0 0.8320502943378438 13 166.0
410 12.0 12.923076923076923 16.0 1.1151635501529558 13 168.0
411 12.0 13.0 15.0 0.7071067811865476 13 169.0
412 12.0 12.923076923076923 15.0 0.7595545253127501 13 168.0
413 12.0 12.76923076923077 15.0 0.8320502943378437 13 166.0
414 12.0 12.692307692307692 15.0 0.8548504142651104 13 165.0
415 12.0 12.923076923076923 15.0 0.7595545253127501 13 168.0
416 12.0 12.923076923076923 15.0 0.7595545253127501 13 168.0
417 12.0 18.384615384615383 83.0 19.4273795691307 13 239.0
418 13.0 13.384615384615385 16.0 0.8697184926229041 13 174.0
419 12.0 13.0 15.0 0.7071067811865476 13 169.0
420 12.0 12.923076923076923 16.0 1.0377490433255419 13 168.0
421 12.0 13.076923076923077 15.0 0.7595545253127501 13 170.0
422 12.0 13.0 15.0 0.7071067811865476 13 169.0
423 13.0 13.307692307692308 16.0 0.8548504142651104 13 173.0
424 13.0 13.23076923076923 15.0 0.5991446895152781 13 172.0
425 13.0 13.23076923076923 16.0 0.8320502943378438 13 172.0
426 13.0 13.307692307692308 15.0 0.6304251719561152 13 173.0
427 13.0 13.307692307692308 15.0 0.6304251719561152 13 173.0
428 13.0 13.461538461538462 16.0 0.8770580193070292 13 175.0
429 13.0 13.538461538461538 16.0 0.8770580193070292 13 176.0
430 13.0 13.307692307692308 16.0 0.8548504142651104 13 173.0
431 13.0 18.615384615384617 79.0 18.16378476317854 13 242.0
432 13.0 13.923076923076923 20.0 2.0191391920625676 13 181.0
433 13.0 13.846153846153847 19.0 1.7722938923964169 13 180.0
434 13.0 14.0 17.0 1.224744871391589 13 182.0
435 13.0 13.76923076923077 17.0 1.3008872711759818 13 179.0
436 13.0 13.923076923076923 16.0 1.0377490433255419 13 181.0
437 13.0 13.538461538461538 16.0 0.8770580193070292 13 176.0
438 13.0 13.846153846153847 17.0 1.0681880176381124 13 180.0
439 13.0 13.846153846153847 16.0 0.8006407690254358 13 180.0
440 13.0 13.692307692307692 16.0 0.8548504142651104 13 178.0
441 13.0 14.0 17.0 1.0 13 182.0
442 13.0 13.923076923076923 16.0 0.7595545253127501 13 181.0
443 13.0 13.846153846153847 16.0 0.8006407690254358 13 180.0
444 13.0 20.307692307692307 101.0 24.25003304253631 13 264.0
445 13.0 13.692307692307692 14.0 0.4803844614152614 13 178.0
446 13.0 13.846153846153847 14.0 0.3755338080994054 13 180.0
447 13.0 14.0 15.0 0.408248290463863 13 182.0
448 13.0 14.461538461538462 22.0 2.295480509442581 13 188.0
449 13.0 14.923076923076923 27.0 3.6391743216820145 13 194.0
450 14.0 14.923076923076923 25.0 3.0403272428457004 13 194.0
451 14.0 14.615384615384615 22.0 2.218800784900917 13 190.0
452 14.0 14.615384615384615 21.0 1.9381460874790266 13 190.0
453 13.0 14.384615384615385 20.0 1.7097008285302204 13 187.0
454 14.0 14.461538461538462 19.0 1.3913653136029496 13 188.0
455 14.0 14.384615384615385 18.0 1.1208970766356101 13 187.0
456 14.0 14.384615384615385 17.0 0.8697184926229041 13 187.0
457 14.0 14.461538461538462 17.0 0.8770580193070292 13 188.0
458 14.0 14.461538461538462 17.0 1.1266014242982163 13 188.0
459 14.0 14.384615384615385 16.0 0.6504436355879908 13 187.0
460 13.0 14.23076923076923 16.0 0.8320502943378437 13 185.0
461 14.0 14.307692307692308 15.0 0.4803844614152614 13 186.0
462 14.0 17.692307692307693 60.0 12.71734127995192 13 230.0
463 14.0 14.538461538461538 15.0 0.5188745216627708 13 189.0
464 14.0 14.461538461538462 15.0 0.5188745216627708 13 188.0
465 14.0 14.692307692307692 18.0 1.1094003924504583 13 191.0
466 14.0 14.615384615384615 16.0 0.6504436355879908 13 190.0
467 14.0 14.615384615384615 15.0 0.5063696835418332 13 190.0
468 14.0 14.538461538461538 15.0 0.5188745216627708 13 189.0
469 14.0 14.615384615384615 15.0 0.5063696835418333 13 190.0
470 14.0 14.615384615384615 15.0 0.5063696835418332 13 190.0
471 14.0 14.615384615384615 15.0 0.5063696835418332 13 190.0
472 14.0 14.846153846153847 18.0 1.0681880176381127 13 193.0
473 14.0 14.384615384615385 16.0 0.6504436355879908 13 187.0
474 14.0 14.692307692307692 15.0 0.4803844614152614 13 191.0
475 14.0 14.76923076923077 15.0 0.4385290096535146 13 192.0
476 14.0 14.846153846153847 16.0 0.554700196225229 13 193.0
477 15.0 15.0 15.0 0.0 13 195.0
478 15.0 16.23076923076923 26.0 3.059244082935253 13 211.0
479 15.0 15.0 15.0 0.0 13 195.0
480 14.0 15.0 16.0 0.5773502691896257 13 195.0
481 15.0 15.0 15.0 0.0 13 195.0
482 15.0 15.23076923076923 16.0 0.4385290096535146 13 198.0
483 15.0 15.384615384615385 16.0 0.5063696835418332 13 200.0
484 14.0 15.076923076923077 16.0 0.49354811679282456 13 196.0
485 15.0 15.307692307692308 18.0 0.8548504142651104 13 199.0
486 15.0 15.461538461538462 16.0 0.5188745216627708 13 201.0
487 15.0 15.076923076923077 16.0 0.2773500981126145 13 196.0
488 15.0 15.461538461538462 16.0 0.5188745216627708 13 201.0
489 15.0 15.23076923076923 16.0 0.4385290096535146 13 198.0
490 15.0 15.538461538461538 16.0 0.5188745216627708 13 202.0
491 15.0 15.615384615384615 18.0 0.869718492622904 13 203.0
492 15.0 15.615384615384615 16.0 0.5063696835418333 13 203.0
493 15.0 15.384615384615385 16.0 0.5063696835418332 13 200.0
494 15.0 15.692307692307692 16.0 0.48038446141526137 13 204.0
495 15.0 15.615384615384615 16.0 0.5063696835418332 13 203.0
496 15.0 15.461538461538462 16.0 0.5188745216627708 13 201.0
497 15.0 15.923076923076923 18.0 0.75955452531275 13 207.0
498 15.0 15.76923076923077 17.0 0.5991446895152781 13 205.0
499 15.0 15.461538461538462 16.0 0.5188745216627708 13 201.0
500 15.0 15.692307692307692 16.0 0.4803844614152614 13 204.0
501 15.0 15.76923076923077 16.0 0.4385290096535146 13 205.0
502 15.0 15.846153846153847 17.0 0.554700196225229 13 206.0
503 15.0 16.0 18.0 0.7071067811865476 13 208.0
504 15.0 15.846153846153847 16.0 0.37553380809940534 13 206.0
505 15.0 16.0 17.0 0.5773502691896257 13 208.0
506 16.0 16.076923076923077 17.0 0.2773500981126145 13 209.0
507 15.0 16.076923076923077 17.0 0.4935481167928245 13 209.0
508 15.0 16.0 17.0 0.5773502691896257 13 208.0
509 15.0 16.076923076923077 18.0 0.6405126152203486 13 209.0
510 16.0 17.307692307692307 29.0 3.5445877847928338 13 225.0
511 16.0 16.384615384615383 18.0 0.6504436355879909 13 213.0
512 15.0 16.153846153846153 17.0 0.6887372317211946 13 210.0
513 15.0 16.307692307692307 17.0 0.6304251719561152 13 212.0
514 16.0 16.46153846153846 17.0 0.5188745216627708 13 214.0
515 16.0 16.53846153846154 18.0 0.6602252917735247 13 215.0
516 15.0 16.23076923076923 17.0 0.5991446895152781 13 211.0
517 15.0 16.46153846153846 18.0 0.7762500258061847 13 214.0
518 16.0 16.46153846153846 17.0 0.5188745216627708 13 214.0
519 16.0 16.46153846153846 18.0 0.6602252917735247 13 214.0
520 16.0 16.46153846153846 17.0 0.5188745216627708 13 214.0
521 16.0 16.53846153846154 18.0 0.7762500258061847 13 215.0
522 16.0 16.76923076923077 17.0 0.4385290096535146 13 218.0
523 16.0 16.692307692307693 18.0 0.6304251719561152 13 217.0
524 16.0 16.46153846153846 17.0 0.5188745216627708 13 214.0
525 16.0 16.76923076923077 18.0 0.5991446895152781 13 218.0
526 16.0 16.53846153846154 18.0 0.7762500258061847 13 215.0
527 16.0 16.846153846153847 17.0 0.3755338080994054 13 219.0
528 16.0 16.53846153846154 17.0 0.5188745216627708 13 215.0
529 16.0 16.846153846153847 18.0 0.6887372317211946 13 219.0
530 16.0 17.0 18.0 0.5773502691896257 13 221.0
531 16.0 17.076923076923077 18.0 0.6405126152203485 13 222.0
532 16.0 16.76923076923077 18.0 0.7250110520819842 13 218.0
533 16.0 16.923076923076923 18.0 0.6405126152203486 13 220.0
534 16.0 17.076923076923077 18.0 0.49354811679282456 13 222.0
535 17.0 17.153846153846153 18.0 0.37553380809940545 13 223.0
536 16.0 17.0 18.0 0.5773502691896257 13 221.0
537 16.0 16.923076923076923 18.0 0.6405126152203486 13 220.0
538 17.0 17.46153846153846 20.0 0.8770580193070292 13 227.0
539 17.0 17.46153846153846 20.0 0.8770580193070292 13 227.0
540 17.0 17.53846153846154 21.0 1.126601424298216 13 228.0
541 16.0 17.384615384615383 21.0 1.2608503439122305 13 226.0
542 16.0 17.384615384615383 21.0 1.3252962900462133 13 226.0
543 16.0 17.692307692307693 21.0 1.2506408613597126 13 230.0
544 16.0 17.46153846153846 21.0 1.1982893790305562 13 227.0
545 17.0 17.615384615384617 21.0 1.192927878405448 13 229.0
546 17.0 17.692307692307693 21.0 1.109400392450458 13 230.0
547 17.0 17.846153846153847 21.0 1.1435437497937309 13 232.0
548 17.0 17.615384615384617 22.0 1.386750490563073 13 229.0
549 17.0 17.692307692307693 21.0 1.1821319289469754 13 230.0
550 17.0 17.53846153846154 20.0 0.8770580193070292 13 228.0
551 17.0 17.615384615384617 19.0 0.6504436355879909 13 229.0
552 17.0 17.76923076923077 19.0 0.7250110520819842 13 231.0
553 17.0 17.615384615384617 19.0 0.7679476477883046 13 229.0
554 17.0 17.923076923076923 20.0 0.7595545253127501 13 233.0
555 17.0 18.0 19.0 0.7071067811865476 13 234.0
556 17.0 17.615384615384617 20.0 0.960768922830523 13 229.0
557 17.0 17.76923076923077 20.0 0.9268086959962983 13 231.0
558 17.0 23.692307692307693 90.0 19.94736664067305 13 308.0
559 17.0 18.076923076923077 21.0 1.0377490433255419 13 235.0
560 17.0 18.0 22.0 1.35400640077266 13 234.0
561 17.0 18.153846153846153 22.0 1.3445044840729645 13 236.0
562 17.0 18.23076923076923 21.0 1.0127393670836669 13 237.0
563 17.0 18.384615384615383 21.0 0.960768922830523 13 239.0
564 17.0 18.307692307692307 22.0 1.1821319289469756 13 238.0
565 17.0 18.307692307692307 22.0 1.1821319289469758 13 238.0
566 18.0 18.46153846153846 22.0 1.126601424298216 13 240.0
567 17.0 18.23076923076923 22.0 1.2351684199496948 13 237.0
568 17.0 18.307692307692307 22.0 1.2506408613597129 13 238.0
569 18.0 18.384615384615383 22.0 1.1208970766356101 13 239.0
570 18.0 26.615384615384617 122.0 28.680825364513886 13 346.0
571 18.0 18.692307692307693 22.0 1.109400392450458 13 243.0
572 17.0 18.23076923076923 22.0 1.235168419949695 13 237.0
573 18.0 18.46153846153846 23.0 1.3913653136029502 13 240.0
574 17.0 18.46153846153846 22.0 1.2659242088545832 13 240.0
575 18.0 18.615384615384617 22.0 1.1208970766356101 13 242.0
576 17.0 20.53846153846154 49.0 8.579193674382465 13 267.0
577 17.0 18.307692307692307 19.0 0.6304251719561152 13 238.0
578 18.0 18.46153846153846 19.0 0.5188745216627708 13 240.0
579 18.0 18.76923076923077 20.0 0.5991446895152781 13 244.0
580 18.0 18.384615384615383 19.0 0.5063696835418332 13 239.0
581 18.0 18.23076923076923 19.0 0.4385290096535146 13 237.0
582 18.0 18.384615384615383 19.0 0.5063696835418332 13 239.0
583 18.0 18.53846153846154 19.0 0.5188745216627708 13 241.0
584 18.0 18.615384615384617 19.0 0.5063696835418332 13 242.0
585 18.0 18.53846153846154 19.0 0.5188745216627708 13 241.0
586 18.0 18.692307692307693 20.0 0.7510676161988108 13 243.0
587 18.0 18.76923076923077 20.0 0.5991446895152781 13 244.0
588 18.0 18.615384615384617 20.0 0.6504436355879909 13 242.0
589 18.0 18.615384615384617 19.0 0.5063696835418332 13 242.0
590 18.0 19.0 20.0 0.408248290463863 13 247.0
591 18.0 18.846153846153847 20.0 0.554700196225229 13 245.0
592 18.0 18.615384615384617 20.0 0.6504436355879909 13 242.0
593 18.0 18.923076923076923 20.0 0.6405126152203487 13 246.0
594 19.0 19.23076923076923 20.0 0.4385290096535146 13 250.0
595 19.0 19.307692307692307 20.0 0.48038446141526137 13 251.0
596 18.0 18.923076923076923 20.0 0.6405126152203486 13 246.0
597 19.0 19.153846153846153 20.0 0.37553380809940534 13 249.0
598 19.0 19.23076923076923 20.0 0.4385290096535146 13 250.0
599 19.0 19.23076923076923 20.0 0.4385290096535146 13 250.0
600 19.0 19.307692307692307 20.0 0.48038446141526125 13 251.0
601 18.0 19.076923076923077 20.0 0.49354811679282445 13 248.0
602 19.0 19.46153846153846 20.0 0.5188745216627708 13 253.0
603 19.0 19.384615384615383 20.0 0.5063696835418332 13 252.0
604 18.0 28.153846153846153 135.0 32.10878943489397 13 366.0
605 18.0 19.384615384615383 22.0 0.9607689228305227 13 252.0
606 19.0 19.615384615384617 20.0 0.5063696835418332 13 255.0
607 19.0 19.384615384615383 20.0 0.5063696835418332 13 252.0
608 19.0 19.615384615384617 20.0 0.5063696835418332 13 255.0
609 19.0 19.384615384615383 20.0 0.5063696835418332 13 252.0
610 19.0 19.692307692307693 20.0 0.48038446141526137 13 256.0
611 19.0 19.76923076923077 20.0 0.4385290096535146 13 257.0
612 19.0 19.46153846153846 20.0 0.5188745216627708 13 253.0
613 19.0 19.76923076923077 20.0 0.4385290096535146 13 257.0
614 19.0 19.846153846153847 21.0 0.554700196225229 13 258.0
615 19.0 19.76923076923077 21.0 0.5991446895152781 13 257.0
616 19.0 19.76923076923077 21.0 0.7250110520819842 13 257.0
617 19.0 19.692307692307693 21.0 0.6304251719561152 13 256.0
618 19.0 20.076923076923077 21.0 0.49354811679282445 13 261.0
619 20.0 20.153846153846153 21.0 0.3755338080994054 13 262.0
620 19.0 20.0 21.0 0.408248290463863 13 260.0
621 19.0 20.0 21.0 0.5773502691896257 13 260.0
622 19.0 20.076923076923077 21.0 0.49354811679282445 13 261.0
623 20.0 20.153846153846153 21.0 0.37553380809940545 13 262.0
624 19.0 20.0 21.0 0.7071067811865476 13 260.0
625 20.0 20.153846153846153 21.0 0.37553380809940534 13 262.0
626 20.0 20.46153846153846 22.0 0.7762500258061847 13 266.0
627 20.0 20.615384615384617 22.0 0.7679476477883045 13 268.0
628 19.0 20.307692307692307 22.0 0.9473309334313417 13 264.0
629 19.0 20.384615384615383 22.0 0.8697184926229041 13 265.0
630 20.0 20.46153846153846 22.0 0.6602252917735247 13 266.0
631 20.0 20.692307692307693 22.0 0.7510676161988109 13 269.0
632 19.0 20.307692307692307 22.0 0.9473309334313417 13 264.0
633 20.0 20.53846153846154 22.0 0.6602252917735247 13 267.0
634 20.0 20.615384615384617 22.0 0.6504436355879909 13 268.0
635 20.0 20.846153846153847 22.0 0.6887372317211946 13 271.0
636 20.0 20.692307692307693 22.0 0.7510676161988108 13 269.0
637 20.0 20.615384615384617 22.0 0.6504436355879908 13 268.0
638 20.0 20.615384615384617 22.0 0.6504436355879909 13 268.0
639 20.0 20.615384615384617 22.0 0.6504436355879909 13 268.0
640 20.0 21.076923076923077 22.0 0.6405126152203485 13 274.0
641 20.0 25.846153846153847 89.0 18.990550956752823 13 336.0
642 20.0 21.0 22.0 0.5773502691896257 13 273.0
643 20.0 21.076923076923077 22.0 0.6405126152203486 13 274.0
644 20.0 20.76923076923077 23.0 0.9268086959962986 13 270.0
645 20.0 20.923076923076923 23.0 0.8623164985025764 13 272.0
646 20.0 21.076923076923077 22.0 0.4935481167928246 13 274.0
647 20.0 21.0 22.0 0.5773502691896257 13 273.0
648 20.0 21.076923076923077 23.0 0.7595545253127501 13 274.0
649 20.0 21.0 22.0 0.5773502691896257 13 273.0
650 20.0 21.23076923076923 23.0 0.7250110520819842 13 276.0
651 20.0 21.23076923076923 23.0 0.7250110520819842 13 276.0
652 20.0 21.076923076923077 23.0 0.8623164985025763 13 274.0
653 20.0 21.23076923076923 24.0 1.091928428198338 13 276.0
654 20.0 21.307692307692307 23.0 0.7510676161988108 13 277.0
655 21.0 21.46153846153846 24.0 0.8770580193070292 13 279.0
656 20.0 21.307692307692307 23.0 0.8548504142651103 13 277.0
657 21.0 21.307692307692307 23.0 0.6304251719561152 13 277.0
658 21.0 21.53846153846154 23.0 0.6602252917735247 13 280.0
659 21.0 21.846153846153847 23.0 0.8006407690254357 13 284.0
660 20.0 21.307692307692307 23.0 0.8548504142651104 13 277.0
661 20.0 21.46153846153846 23.0 0.8770580193070292 13 279.0
662 21.0 22.46153846153846 33.0 3.2561578743304356 13 292.0
663 21.0 21.923076923076923 23.0 0.7595545253127501 13 285.0
664 21.0 21.615384615384617 23.0 0.8697184926229041 13 281.0
665 21.0 21.846153846153847 23.0 0.8006407690254358 13 284.0
666 21.0 21.846153846153847 23.0 0.6887372317211946 13 284.0
667 21.0 22.076923076923077 24.0 0.8623164985025763 13 287.0
668 21.0 21.923076923076923 23.0 0.7595545253127501 13 285.0
669 21.0 22.153846153846153 24.0 0.8006407690254358 13 288.0
670 21.0 29.615384615384617 123.0 28.06996752622056 13 385.0
671 21.0 21.923076923076923 23.0 0.6405126152203485 13 285.0
672 21.0 24.76923076923077 62.0 11.203822607737104 13 322.0
673 21.0 21.923076923076923 23.0 0.6405126152203486 13 285.0
674 21.0 21.846153846153847 23.0 0.6887372317211946 13 284.0
675 21.0 22.23076923076923 24.0 0.7250110520819842 13 289.0
676 21.0 21.923076923076923 23.0 0.6405126152203486 13 285.0
677 21.0 22.23076923076923 24.0 0.7250110520819842 13 289.0
678 21.0 22.153846153846153 23.0 0.554700196225229 13 288.0
679 22.0 22.153846153846153 23.0 0.37553380809940545 13 288.0
680 21.0 22.153846153846153 24.0 0.8006407690254358 13 288.0
681 21.0 22.0 23.0 0.5773502691896257 13 286.0
682 22.0 22.307692307692307 23.0 0.48038446141526137 13 290.0
683 22.0 22.53846153846154 24.0 0.6602252917735247 13 293.0
684 21.0 22.307692307692307 24.0 0.7510676161988108 13 290.0
685 22.0 22.384615384615383 24.0 0.6504436355879909 13 291.0
686 21.0 31.076923076923077 134.0 30.933966063378556 13 404.0
687 21.0 22.46153846153846 23.0 0.6602252917735247 13 292.0
688 22.0 22.53846153846154 23.0 0.5188745216627708 13 293.0
689 22.0 22.53846153846154 24.0 0.6602252917735247 13 293.0
690 22.0 22.53846153846154 23.0 0.5188745216627708 13 293.0
691 22.0 22.846153846153847 24.0 0.554700196225229 13 297.0
692 22.0 22.53846153846154 23.0 0.5188745216627708 13 293.0
693 22.0 22.615384615384617 24.0 0.6504436355879909 13 294.0
694 22.0 22.846153846153847 24.0 0.554700196225229 13 297.0
695 22.0 22.76923076923077 24.0 0.5991446895152781 13 296.0
696 22.0 22.692307692307693 24.0 0.7510676161988108 13 295.0
697 22.0 22.615384615384617 23.0 0.5063696835418332 13 294.0
698 22.0 23.076923076923077 24.0 0.49354811679282456 13 300.0
699 22.0 23.0 24.0 0.5773502691896257 13 299.0
700 22.0 22.53846153846154 24.0 0.7762500258061847 13 293.0
701 22.0 22.615384615384617 23.0 0.5063696835418332 13 294.0
702 22.0 22.846153846153847 24.0 0.6887372317211944 13 297.0
703 23.0 23.153846153846153 24.0 0.37553380809940545 13 301.0
704 22.0 27.076923076923077 79.0 15.612289702141378 13 352.0
705 22.0 22.846153846153847 24.0 0.554700196225229 13 297.0
706 22.0 23.153846153846153 24.0 0.554700196225229 13 301.0
707 22.0 23.23076923076923 24.0 0.5991446895152781 13 302.0
708 22.0 22.846153846153847 24.0 0.6887372317211946 13 297.0
709 22.0 23.076923076923077 24.0 0.6405126152203485 13 300.0
710 22.0 23.307692307692307 24.0 0.6304251719561152 13 303.0
711 22.0 23.23076923076923 24.0 0.5991446895152781 13 302.0
712 22.0 23.153846153846153 24.0 0.5547001962252291 13 301.0
713 22.0 23.076923076923077 25.0 0.8623164985025763 13 300.0
714 23.0 23.46153846153846 24.0 0.5188745216627708 13 305.0
715 22.0 23.53846153846154 25.0 0.8770580193070292 13 306.0
716 22.0 23.307692307692307 25.0 0.7510676161988108 13 303.0
717 23.0 31.307692307692307 125.0 28.16139383205495 13 407.0
718 23.0 23.692307692307693 29.0 1.7021856236720767 13 308.0
719 23.0 23.923076923076923 26.0 0.8623164985025763 13 311.0
720 23.0 23.46153846153846 24.0 0.5188745216627708 13 305.0
721 23.0 23.23076923076923 24.0 0.4385290096535146 13 302.0
722 23.0 23.53846153846154 24.0 0.5188745216627708 13 306.0
723 23.0 23.923076923076923 25.0 0.7595545253127501 13 311.0
724 22.0 23.46153846153846 24.0 0.6602252917735247 13 305.0
725 23.0 23.46153846153846 25.0 0.6602252917735247 13 305.0
726 23.0 23.615384615384617 25.0 0.6504436355879909 13 307.0
727 23.0 23.846153846153847 24.0 0.3755338080994054 13 310.0
728 23.0 23.76923076923077 25.0 0.5991446895152781 13 309.0
729 23.0 24.0 25.0 0.5773502691896257 13 312.0
730 23.0 23.846153846153847 25.0 0.554700196225229 13 310.0
731 23.0 23.923076923076923 25.0 0.6405126152203485 13 311.0
732 23.0 23.692307692307693 25.0 0.6304251719561152 13 308.0
733 23.0 23.846153846153847 25.0 0.554700196225229 13 310.0
734 23.0 24.0 25.0 0.7071067811865476 13 312.0
735 23.0 24.0 25.0 0.7071067811865476 13 312.0
736 23.0 24.307692307692307 27.0 0.9473309334313418 13 316.0
737 23.0 24.076923076923077 26.0 0.8623164985025763 13 313.0
738 24.0 24.46153846153846 26.0 0.6602252917735247 13 318.0
739 24.0 24.384615384615383 26.0 0.6504436355879909 13 317.0
740 23.0 24.384615384615383 26.0 0.9607689228305228 13 317.0
741 23.0 24.153846153846153 26.0 0.8006407690254358 13 314.0
742 23.0 24.53846153846154 26.0 0.8770580193070292 13 319.0
743 24.0 24.53846153846154 25.0 0.5188745216627708 13 319.0
744 23.0 24.46153846153846 26.0 0.7762500258061847 13 318.0
745 23.0 24.307692307692307 25.0 0.6304251719561152 13 316.0
746 24.0 24.692307692307693 26.0 0.6304251719561152 13 321.0
747 24.0 24.692307692307693 26.0 0.7510676161988108 13 321.0
748 23.0 24.384615384615383 25.0 0.6504436355879909 13 317.0
749 24.0 24.53846153846154 25.0 0.5188745216627708 13 319.0
750 23.0 24.692307692307693 26.0 0.8548504142651103 13 321.0
751 23.0 24.76923076923077 26.0 0.8320502943378436 13 322.0
752 23.0 24.53846153846154 26.0 0.7762500258061847 13 319.0
753 24.0 24.846153846153847 26.0 0.6887372317211946 13 323.0
754 24.0 24.615384615384617 25.0 0.5063696835418332 13 320.0
755 24.0 24.923076923076923 26.0 0.49354811679282445 13 324.0
756 24.0 25.076923076923077 28.0 1.1151635501529558 13 326.0
757 24.0 25.153846153846153 29.0 1.2810252304406973 13 327.0
758 24.0 24.923076923076923 29.0 1.3204505835470497 13 324.0
759 24.0 31.692307692307693 111.0 23.862050119330398 13 412.0
760 24.0 25.076923076923077 29.0 1.3821202589704018 13 326.0
761 24.0 25.23076923076923 29.0 1.2351684199496946 13 328.0
762 24.0 25.307692307692307 29.0 1.2506408613597129 13 329.0
763 24.0 25.46153846153846 29.0 1.1982893790305562 13 331.0
764 24.0 25.153846153846153 29.0 1.2810252304406973 13 327.0
765 24.0 25.307692307692307 30.0 1.4935759876113541 13 329.0
766 24.0 25.384615384615383 29.0 1.2608503439122305 13 330.0
767 24.0 25.384615384615383 29.0 1.192927878405448 13 330.0
768 24.0 25.384615384615383 29.0 1.192927878405448 13 330.0
769 25.0 25.692307692307693 30.0 1.3774744634423894 13 334.0
770 25.0 25.46153846153846 29.0 1.126601424298216 13 331.0
771 25.0 25.76923076923077 29.0 1.0919284281983377 13 335.0
772 25.0 25.53846153846154 30.0 1.3913653136029502 13 332.0
773 25.0 25.923076923076923 29.0 1.1151635501529558 13 337.0
774 25.0 25.46153846153846 29.0 1.126601424298216 13 331.0
775 25.0 25.615384615384617 30.0 1.386750490563073 13 333.0
776 25.0 25.692307692307693 30.0 1.3774744634423894 13 334.0
777 25.0 25.76923076923077 30.0 1.423250162705427 13 335.0
778 25.0 26.153846153846153 30.0 1.3445044840729645 13 340.0
779 25.0 26.0 30.0 1.35400640077266 13 338.0
780 25.0 25.692307692307693 30.0 1.4366984945013916 13 334.0
781 25.0 25.923076923076923 30.0 1.3821202589704018 13 337.0
782 25.0 25.923076923076923 31.0 1.6052797503622467 13 337.0
783 25.0 26.153846153846153 30.0 1.214231845389905 13 340.0
784 25.0 25.923076923076923 31.0 1.6563785025137654 13 337.0
785 25.0 25.923076923076923 30.0 1.3204505835470497 13 337.0
786 25.0 26.307692307692307 30.0 1.1821319289469756 13 342.0
787 25.0 26.384615384615383 30.0 1.192927878405448 13 343.0
788 25.0 26.23076923076923 30.0 1.4232501627054273 13 341.0
789 25.0 26.23076923076923 31.0 1.5358952955766088 13 341.0
790 25.0 26.307692307692307 31.0 1.4935759876113541 13 342.0
791 25.0 26.615384615384617 32.0 1.7097008285302209 13 346.0
792 25.0 26.384615384615383 31.0 1.5566235649883127 13 343.0
793 25.0 26.53846153846154 31.0 1.4500221041639685 13 345.0
794 25.0 26.46153846153846 31.0 1.4500221041639685 13 344.0
795 26.0 26.692307692307693 32.0 1.6525039276108335 13 347.0
796 25.0 26.46153846153846 31.0 1.5607361839521232 13 344.0
797 26.0 26.53846153846154 31.0 1.3913653136029502 13 345.0
798 26.0 26.76923076923077 32.0 1.6408253082847337 13 348.0
799 26.0 28.384615384615383 50.0 6.640010812471887 13 369.0
800 25.0 26.46153846153846 31.0 1.4500221041639685 13 344.0
801 25.0 27.846153846153847 49.0 6.388089879431276 13 362.0
802 26.0 26.53846153846154 28.0 0.7762500258061847 13 345.0
803 26.0 26.615384615384617 27.0 0.5063696835418332 13 346.0
804 26.0 26.23076923076923 27.0 0.4385290096535146 13 341.0
805 26.0 26.23076923076923 27.0 0.4385290096535146 13 341.0
806 26.0 26.615384615384617 27.0 0.5063696835418332 13 346.0
807 26.0 26.384615384615383 27.0 0.5063696835418332 13 343.0
808 25.0 34.23076923076923 131.0 29.083654762752474 13 445.0
809 26.0 27.076923076923077 32.0 1.5525000516123695 13 352.0
810 26.0 26.76923076923077 28.0 0.5991446895152781 13 348.0
811 26.0 26.846153846153847 28.0 0.5547001962252291 13 349.0
812 26.0 26.384615384615383 27.0 0.5063696835418332 13 343.0
813 26.0 26.615384615384617 27.0 0.5063696835418332 13 346.0
814 26.0 26.846153846153847 28.0 0.554700196225229 13 349.0
815 26.0 26.692307692307693 27.0 0.48038446141526137 13 347.0
816 26.0 26.692307692307693 28.0 0.6304251719561152 13 347.0
817 26.0 26.846153846153847 28.0 0.554700196225229 13 349.0
818 26.0 27.0 28.0 0.5773502691896257 13 351.0
819 26.0 27.0 28.0 0.408248290463863 13 351.0
820 26.0 26.846153846153847 28.0 0.554700196225229 13 349.0
821 26.0 27.0 28.0 0.408248290463863 13 351.0
822 26.0 27.0 28.0 0.5773502691896257 13 351.0
823 26.0 27.0 28.0 0.5773502691896257 13 351.0
824 26.0 33.07692307692308 109.0 22.819806961137726 13 430.0
825 26.0 26.923076923076923 28.0 0.6405126152203486 13 350.0
826 27.0 27.23076923076923 28.0 0.4385290096535146 13 354.0
827 27.0 27.46153846153846 28.0 0.5188745216627708 13 357.0
828 26.0 27.0 28.0 0.5773502691896257 13 351.0
829 27.0 33.92307692307692 113.0 23.76433440565062 13 441.0
830 27.0 27.923076923076923 35.0 2.215909838025097 13 363.0
831 27.0 27.923076923076923 33.0 1.6052797503622467 13 363.0
832 26.0 27.153846153846153 28.0 0.6887372317211946 13 353.0
833 26.0 27.307692307692307 29.0 0.7510676161988108 13 355.0
834 27.0 27.53846153846154 28.0 0.5188745216627708 13 358.0
835 27.0 27.615384615384617 29.0 0.6504436355879909 13 359.0
836 26.0 27.153846153846153 28.0 0.554700196225229 13 353.0
837 27.0 27.53846153846154 29.0 0.6602252917735247 13 358.0
838 27.0 27.46153846153846 29.0 0.6602252917735247 13 357.0
839 27.0 27.615384615384617 30.0 0.8697184926229042 13 359.0
840 26.0 27.384615384615383 29.0 0.8697184926229041 13 356.0
841 27.0 27.307692307692307 29.0 0.6304251719561152 13 355.0
842 27.0 27.923076923076923 29.0 0.6405126152203485 13 363.0
843 27.0 28.0 29.0 0.5773502691896257 13 364.0
844 27.0 27.46153846153846 29.0 0.6602252917735247 13 357.0
845 27.0 27.615384615384617 28.0 0.5063696835418332 13 359.0
846 27.0 27.923076923076923 29.0 0.49354811679282445 13 363.0
847 27.0 28.0 29.0 0.5773502691896257 13 364.0
848 27.0 27.615384615384617 29.0 0.6504436355879909 13 359.0
849 27.0 27.923076923076923 29.0 0.6405126152203486 13 363.0
850 27.0 28.0 29.0 0.5773502691896257 13 364.0
851 27.0 28.153846153846153 29.0 0.6887372317211945 13 366.0
852 27.0 27.923076923076923 29.0 0.6405126152203486 13 363.0
853 27.0 27.923076923076923 29.0 0.49354811679282445 13 363.0
854 27.0 28.153846153846153 29.0 0.6887372317211946 13 366.0
855 27.0 28.153846153846153 29.0 0.554700196225229 13 366.0
856 27.0 28.153846153846153 30.0 0.8006407690254358 13 366.0
857 27.0 28.153846153846153 30.0 0.6887372317211945 13 366.0
858 28.0 28.307692307692307 31.0 0.8548504142651103 13 368.0
859 27.0 28.76923076923077 31.0 1.0127393670836669 13 374.0
860 27.0 28.0 31.0 1.0 13 364.0
861 27.0 28.23076923076923 29.0 0.5991446895152781 13 367.0
862 28.0 28.384615384615383 29.0 0.5063696835418332 13 369.0
863 28.0 28.615384615384617 30.0 0.6504436355879909 13 372.0
864 27.0 28.307692307692307 29.0 0.6304251719561154 13 368.0
865 28.0 28.692307692307693 32.0 1.109400392450458 13 373.0
866 28.0 29.0 31.0 0.816496580927726 13 377.0
867 28.0 28.923076923076923 30.0 0.8623164985025763 13 376.0
868 28.0 28.307692307692307 29.0 0.48038446141526137 13 368.0
869 28.0 28.46153846153846 30.0 0.6602252917735247 13 370.0
870 28.0 28.76923076923077 30.0 0.5991446895152781 13 374.0
871 28.0 28.692307692307693 30.0 0.6304251719561152 13 373.0
872 28.0 28.46153846153846 30.0 0.6602252917735247 13 370.0
873 28.0 28.692307692307693 30.0 0.6304251719561151 13 373.0
874 28.0 29.0 30.0 0.816496580927726 13 377.0
875 28.0 29.23076923076923 30.0 0.5991446895152781 13 380.0
876 28.0 28.615384615384617 30.0 0.6504436355879909 13 372.0
877 28.0 28.76923076923077 30.0 0.5991446895152781 13 374.0
878 28.0 29.23076923076923 30.0 0.5991446895152781 13 380.0
879 29.0 29.23076923076923 30.0 0.4385290096535146 13 380.0
880 28.0 28.923076923076923 30.0 0.6405126152203486 13 376.0
881 28.0 29.153846153846153 30.0 0.554700196225229 13 379.0
882 28.0 29.307692307692307 30.0 0.6304251719561152 13 381.0
883 29.0 29.615384615384617 32.0 0.8697184926229042 13 385.0
884 29.0 29.53846153846154 34.0 1.3913653136029502 13 384.0
885 28.0 29.53846153846154 35.0 1.7134460703206966 13 384.0
886 29.0 29.615384615384617 34.0 1.386750490563073 13 385.0
887 29.0 29.46153846153846 30.0 0.5188745216627708 13 383.0
888 28.0 29.153846153846153 30.0 0.6887372317211946 13 379.0
889 28.0 29.153846153846153 30.0 0.554700196225229 13 379.0
890 29.0 29.615384615384617 31.0 0.7679476477883045 13 385.0
891 29.0 29.615384615384617 31.0 0.650443635587991 13 385.0
892 28.0 29.0 30.0 0.5773502691896257 13 377.0
893 28.0 29.307692307692307 31.0 0.8548504142651101 13 381.0
894 29.0 29.615384615384617 30.0 0.5063696835418332 13 385.0
895 29.0 29.615384615384617 31.0 0.6504436355879909 13 385.0
896 29.0 29.53846153846154 31.0 0.6602252917735247 13 384.0
897 29.0 29.76923076923077 31.0 0.5991446895152781 13 387.0
898 29.0 29.307692307692307 30.0 0.48038446141526137 13 381.0
899 29.0 29.76923076923077 30.0 0.4385290096535146 13 387.0
900 28.0 29.23076923076923 31.0 0.7250110520819842 13 380.0
901 29.0 29.53846153846154 30.0 0.5188745216627708 13 384.0
902 29.0 29.76923076923077 31.0 0.5991446895152781 13 387.0
903 29.0 29.923076923076923 31.0 0.6405126152203486 13 389.0
904 29.0 29.692307692307693 31.0 0.6304251719561152 13 386.0
905 30.0 30.153846153846153 31.0 0.37553380809940534 13 392.0
906 29.0 30.153846153846153 31.0 0.554700196225229 13 392.0
907 29.0 30.076923076923077 31.0 0.6405126152203485 13 391.0
908 29.0 34.23076923076923 87.0 15.875315462240145 13 445.0
909 29.0 29.846153846153847 31.0 0.6887372317211946 13 388.0
910 29.0 29.692307692307693 31.0 0.8548504142651104 13 386.0
911 29.0 29.923076923076923 31.0 0.6405126152203487 13 389.0
912 29.0 30.153846153846153 32.0 0.8006407690254358 13 392.0
913 29.0 33.84615384615385 81.0 14.176542560665451 13 440.0
914 29.0 30.307692307692307 32.0 0.7510676161988108 13 394.0
915 29.0 30.153846153846153 31.0 0.554700196225229 13 392.0
916 29.0 30.23076923076923 31.0 0.5991446895152781 13 393.0
917 30.0 30.076923076923077 31.0 0.2773500981126145 13 391.0
918 30.0 33.84615384615385 74.0 12.081984893814385 13 440.0
919 30.0 30.23076923076923 31.0 0.4385290096535146 13 393.0
920 29.0 30.76923076923077 40.0 2.8622207623290854 13 400.0
921 29.0 30.53846153846154 34.0 1.2659242088545832 13 397.0
922 30.0 30.46153846153846 33.0 0.8770580193070292 13 396.0
923 30.0 30.923076923076923 34.0 1.1151635501529558 13 402.0
924 29.0 30.23076923076923 33.0 1.0127393670836666 13 393.0
925 30.0 30.53846153846154 33.0 0.8770580193070292 13 397.0
926 30.0 30.846153846153847 34.0 1.143543749793731 13 401.0
927 30.0 31.0 34.0 1.0801234497346435 13 403.0
928 29.0 30.53846153846154 34.0 1.1982893790305562 13 397.0
929 29.0 30.846153846153847 34.0 1.143543749793731 13 401.0
930 30.0 39.15384615384615 138.0 29.717688766810674 13 509.0
931 30.0 31.076923076923077 34.0 0.9540735874430286 13 404.0
932 30.0 31.0 34.0 1.0 13 403.0
933 30.0 30.846153846153847 34.0 1.0681880176381127 13 401.0
934 30.0 31.076923076923077 34.0 1.0377490433255416 13 404.0
935 30.0 31.076923076923077 34.0 0.9540735874430286 13 404.0
936 29.0 30.692307692307693 32.0 0.7510676161988108 13 399.0
937 30.0 31.0 32.0 0.5773502691896257 13 403.0
938 30.0 31.0 32.0 0.816496580927726 13 403.0
939 30.0 31.153846153846153 32.0 0.6887372317211946 13 405.0
940 30.0 30.692307692307693 33.0 0.9473309334313418 13 399.0
941 30.0 39.23076923076923 137.0 29.380134575803222 13 510.0
942 30.0 30.923076923076923 31.0 0.2773500981126145 13 402.0
943 31.0 31.23076923076923 32.0 0.4385290096535146 13 406.0
944 30.0 30.923076923076923 32.0 0.49354811679282456 13 402.0
945 30.0 31.076923076923077 32.0 0.49354811679282445 13 404.0
946 31.0 31.153846153846153 33.0 0.554700196225229 13 405.0
947 31.0 31.384615384615383 32.0 0.5063696835418332 13 408.0
948 31.0 31.153846153846153 32.0 0.3755338080994053 13 405.0
949 30.0 31.076923076923077 32.0 0.49354811679282445 13 404.0
950 31.0 31.384615384615383 32.0 0.5063696835418332 13 408.0
951 31.0 31.53846153846154 32.0 0.5188745216627708 13 410.0
952 30.0 34.07692307692308 67.0 9.920194373612667 13 443.0
953 31.0 31.53846153846154 32.0 0.5188745216627708 13 410.0
954 31.0 31.307692307692307 32.0 0.48038446141526137 13 407.0
955 31.0 31.53846153846154 33.0 0.6602252917735247 13 410.0
956 30.0 31.23076923076923 32.0 0.7250110520819842 13 406.0
957 30.0 31.53846153846154 32.0 0.6602252917735247 13 410.0
958 30.0 31.615384615384617 33.0 0.7679476477883045 13 411.0
959 31.0 31.615384615384617 32.0 0.5063696835418332 13 411.0
960 30.0 31.384615384615383 32.0 0.650443635587991 13 408.0
961 31.0 31.53846153846154 32.0 0.5188745216627708 13 410.0
962 31.0 34.07692307692308 60.0 7.825828374273854 13 443.0
963 31.0 32.23076923076923 35.0 0.9268086959962981 13 419.0
964 31.0 31.76923076923077 35.0 1.091928428198338 13 413.0
965 31.0 31.692307692307693 34.0 0.8548504142651104 13 412.0
966 31.0 32.0 33.0 0.408248290463863 13 416.0
967 31.0 32.0 33.0 0.5773502691896257 13 416.0
968 30.0 31.76923076923077 33.0 0.8320502943378437 13 413.0
969 31.0 31.76923076923077 33.0 0.5991446895152781 13 413.0
970 31.0 32.0 33.0 0.5773502691896257 13 416.0
971 31.0 32.23076923076923 33.0 0.5991446895152781 13 419.0
972 31.0 32.07692307692308 34.0 0.8623164985025762 13 417.0
973 31.0 32.15384615384615 33.0 0.554700196225229 13 418.0
974 31.0 32.07692307692308 33.0 0.6405126152203485 13 417.0
975 31.0 32.15384615384615 33.0 0.554700196225229 13 418.0
976 31.0 32.07692307692308 33.0 0.6405126152203485 13 417.0
977 31.0 32.23076923076923 34.0 0.7250110520819844 13 419.0
978 32.0 32.46153846153846 33.0 0.5188745216627708 13 422.0
979 32.0 32.38461538461539 34.0 0.650443635587991 13 421.0
980 31.0 32.07692307692308 33.0 0.4935481167928247 13 417.0
981 31.0 32.38461538461539 33.0 0.7679476477883046 13 421.0
982 32.0 32.46153846153846 34.0 0.6602252917735247 13 422.0
983 31.0 32.53846153846154 33.0 0.6602252917735247 13 423.0
984 31.0 32.23076923076923 33.0 0.8320502943378437 13 419.0
985 32.0 32.38461538461539 34.0 0.650443635587991 13 421.0
986 32.0 32.46153846153846 33.0 0.5188745216627708 13 422.0
987 32.0 32.84615384615385 34.0 0.6887372317211946 13 427.0
988 31.0 32.38461538461539 34.0 0.7679476477883046 13 421.0
989 32.0 32.76923076923077 34.0 0.5991446895152781 13 426.0
990 32.0 32.84615384615385 34.0 0.554700196225229 13 427.0
991 32.0 32.84615384615385 34.0 0.554700196225229 13 427.0
992 32.0 32.61538461538461 34.0 0.7679476477883046 13 424.0
993 32.0 32.76923076923077 34.0 0.5991446895152781 13 426.0
994 32.0 33.23076923076923 34.0 0.5991446895152781 13 432.0
995 32.0 33.30769230769231 35.0 0.7510676161988108 13 433.0
996 32.0 32.69230769230769 34.0 0.6304251719561152 13 425.0
997 32.0 32.84615384615385 34.0 0.554700196225229 13 427.0
998 32.0 33.0 34.0 0.5773502691896257 13 429.0
999 33.0 33.30769230769231 34.0 0.48038446141526137 13 433.0
1000 32.0 32.84615384615385 34.0 0.6887372317211946 13 427.0
1001 32.0 33.15384615384615 35.0 0.6887372317211946 13 431.0
1002 33.0 33.38461538461539 34.0 0.5063696835418333 13 434.0
1003 33.0 33.46153846153846 35.0 0.6602252917735247 13 435.0
1004 32.0 32.92307692307692 35.0 0.7595545253127498 13 428.0
1005 33.0 33.30769230769231 34.0 0.48038446141526137 13 433.0
1006 32.0 35.30769230769231 62.0 8.045543439120143 13 459.0
1007 33.0 37.53846153846154 86.0 14.569462267675867 13 488.0
1008 32.0 37.0 85.0 14.439529078193651 13 481.0
1009 32.0 38.15384615384615 86.0 14.701735463577954 13 496.0
1010 33.0 37.53846153846154 86.0 14.580897232425862 13 488.0
1011 33.0 37.61538461538461 85.0 14.25095588336949 13 489.0
1012 32.0 37.07692307692308 85.0 14.419093467006043 13 482.0
1013 33.0 36.46153846153846 69.0 9.870962335856492 13 474.0
1014 33.0 38.15384615384615 86.0 14.455945454184555 13 496.0
1015 33.0 38.15384615384615 86.0 14.455945454184555 13 496.0
1016 32.0 37.76923076923077 86.0 14.595397939954943 13 491.0
1017 33.0 37.92307692307692 86.0 14.53422133255132 13 493.0
1018 33.0 38.15384615384615 86.0 14.461708946076385 13 496.0
1019 33.0 38.23076923076923 86.0 14.446186614200569 13 497.0
1020 33.0 38.0 86.0 14.508618128546908 13 494.0
1021 33.0 38.07692307692308 86.0 14.482527049641222 13 495.0
1022 33.0 38.0 86.0 14.508618128546908 13 494.0
1023 33.0 38.46153846153846 87.0 14.68341118754644 13 500.0
1024 33.0 38.15384615384615 86.0 14.490492019747263 13 496.0
1025 33.0 38.38461538461539 87.0 14.71132478477302 13 499.0
1026 33.0 38.84615384615385 90.0 15.469573113298642 13 505.0
1027 33.0 38.53846153846154 86.0 14.362076130185038 13 501.0
1028 33.0 38.30769230769231 87.0 14.744403544987362 13 498.0
1029 34.0 38.46153846153846 86.0 14.350466802020666 13 500.0
1030 33.0 38.38461538461539 86.0 14.40797499962238 13 499.0
1031 33.0 38.53846153846154 86.0 14.333035178771365 13 501.0
1032 33.0 38.46153846153846 90.0 15.565000185327037 13 500.0
1033 33.0 38.53846153846154 87.0 14.637938064127434 13 501.0
1034 33.0 42.38461538461539 87.0 18.989200709607122 13 551.0
1035 34.0 38.84615384615385 87.0 14.559339235499628 13 505.0
1036 33.0 38.61538461538461 90.0 15.543157452388607 13 502.0
1037 33.0 38.61538461538461 87.0 14.643192169847286 13 502.0
1038 34.0 38.92307692307692 87.0 14.539953796702951 13 506.0
1039 33.0 38.61538461538461 87.0 14.637500136854317 13 502.0
1040 33.0 38.76923076923077 90.0 15.49276092327126 13 504.0
1041 33.0 38.76923076923077 87.0 14.623917886769412 13 504.0
1042 33.0 38.92307692307692 87.0 14.54568400168666 13 506.0
1043 34.0 39.23076923076923 91.0 15.637315659205738 13 510.0
1044 33.0 38.69230769230769 87.0 14.619533823989368 13 503.0
1045 34.0 38.84615384615385 87.0 14.559339235499628 13 505.0
1046 33.0 39.0 87.0 14.514360704718161 13 507.0
1047 34.0 44.76923076923077 162.0 35.27311026394338 13 582.0
1048 33.0 34.69230769230769 40.0 1.797434068545834 13 451.0
1049 33.0 35.07692307692308 41.0 1.8912755158683456 13 456.0
1050 34.0 35.23076923076923 40.0 1.5358952955766092 13 458.0
1051 34.0 35.53846153846154 41.0 1.713446070320697 13 462.0
1052 33.0 35.0 40.0 1.6832508230603465 13 455.0
1053 34.0 35.07692307692308 41.0 1.84668795692624 13 456.0
1054 34.0 35.38461538461539 41.0 1.7577666482623875 13 460.0
1055 34.0 35.15384615384615 40.0 1.5730095277394145 13 457.0
1056 34.0 35.07692307692308 41.0 1.8912755158683456 13 456.0
1057 34.0 35.30769230769231 41.0 1.7974340685458334 13 459.0
1058 34.0 35.38461538461539 41.0 1.804552647170554 13 460.0
1059 34.0 35.69230769230769 41.0 1.7504578155735608 13 464.0
1060 34.0 35.23076923076923 41.0 1.8776690404970273 13 458.0
1061 34.0 36.53846153846154 51.0 4.7013364166547476 13 475.0
1062 34.0 35.38461538461539 41.0 1.804552647170554 13 460.0
1063 35.0 35.69230769230769 41.0 1.6525039276108338 13 464.0
1064 34.0 42.0 123.0 24.40286868382486 13 546.0
1065 34.0 35.61538461538461 41.0 1.7097008285302209 13 463.0
1066 34.0 35.46153846153846 41.0 1.761409691855959 13 461.0
1067 34.0 38.07692307692308 72.0 10.209975011898397 13 495.0
1068 34.0 35.84615384615385 48.0 3.7158703297736726 13 466.0
1069 35.0 35.92307692307692 43.0 2.1779783615981456 13 467.0
1070 34.0 35.38461538461539 38.0 0.9607689228305227 13 460.0
1071 35.0 35.53846153846154 38.0 0.8770580193070292 13 462.0
1072 34.0 35.15384615384615 36.0 0.554700196225229 13 457.0
1073 34.0 35.23076923076923 36.0 0.5991446895152781 13 458.0
1074 35.0 35.61538461538461 37.0 0.7679476477883046 13 463.0
1075 35.0 35.76923076923077 37.0 0.5991446895152781 13 465.0
1076 34.0 35.30769230769231 37.0 0.7510676161988108 13 459.0
1077 35.0 35.53846153846154 37.0 0.6602252917735247 13 462.0
1078 35.0 38.30769230769231 72.0 10.135618838076402 13 498.0
1079 35.0 36.15384615384615 43.0 2.1152680620571416 13 470.0
1080 34.0 35.38461538461539 37.0 0.7679476477883046 13 460.0
1081 35.0 35.61538461538461 37.0 0.650443635587991 13 463.0
1082 35.0 35.92307692307692 37.0 0.6405126152203485 13 467.0
1083 35.0 36.0 37.0 0.7071067811865476 13 468.0
1084 35.0 35.61538461538461 37.0 0.650443635587991 13 463.0
1085 35.0 35.61538461538461 37.0 0.650443635587991 13 463.0
1086 35.0 35.84615384615385 37.0 0.554700196225229 13 466.0
1087 35.0 36.30769230769231 39.0 1.0315534712764838 13 472.0
1088 35.0 36.07692307692308 41.0 1.6052797503622465 13 469.0
1089 35.0 36.15384615384615 40.0 1.2810252304406975 13 470.0
1090 35.0 36.38461538461539 41.0 1.502135232397622 13 473.0
1091 36.0 36.61538461538461 41.0 1.4455945454184553 13 476.0
1092 34.0 36.23076923076923 41.0 1.6908501882113507 13 471.0
1093 35.0 36.15384615384615 39.0 0.9870962335856488 13 470.0
1094 35.0 36.61538461538461 41.0 1.502135232397622 13 476.0
1095 36.0 36.92307692307692 41.0 1.6563785025137652 13 480.0
1096 35.0 36.61538461538461 41.0 1.8045526471705544 13 476.0
1097 35.0 36.69230769230769 41.0 1.7974340685458339 13 477.0
1098 35.0 36.76923076923077 41.0 1.480644350378474 13 478.0
1099 35.0 36.92307692307692 42.0 1.7541160386140584 13 480.0
1100 35.0 36.61538461538461 41.0 1.502135232397622 13 476.0
1101 35.0 36.61538461538461 41.0 1.6602440351979155 13 476.0
1102 36.0 36.92307692307692 41.0 1.497861723788195 13 480.0
1103 36.0 37.15384615384615 44.0 2.2303271003059115 13 483.0
1104 35.0 36.92307692307692 41.0 1.5525000516123695 13 480.0
1105 36.0 39.15384615384615 65.0 7.904072303209213 13 509.0
1106 36.0 38.0 51.0 4.102844541697057 13 494.0
1107 36.0 37.69230769230769 45.0 2.7804260879888956 13 490.0
1108 35.0 36.61538461538461 41.0 1.502135232397622 13 476.0
1109 35.0 36.69230769230769 41.0 1.4935759876113541 13 477.0
1110 35.0 37.07692307692308 41.0 1.497861723788195 13 482.0
1111 36.0 37.23076923076923 41.0 1.5892265495016833 13 484.0
1112 35.0 36.92307692307692 41.0 1.7541160386140584 13 480.0
1113 36.0 37.07692307692308 41.0 1.3204505835470495 13 482.0
1114 36.0 37.07692307692308 41.0 1.3204505835470495 13 482.0
1115 36.0 37.23076923076923 41.0 1.235168419949695 13 484.0
1116 35.0 37.07692307692308 42.0 1.7059473644448735 13 482.0
1117 35.0 37.0 42.0 1.7320508075688772 13 481.0
1118 36.0 37.23076923076923 41.0 1.300887271175982 13 484.0
1119 37.0 37.61538461538461 42.0 1.3867504905630732 13 489.0
1120 35.0 37.23076923076923 42.0 1.6408253082847344 13 484.0
1121 36.0 37.38461538461539 42.0 1.502135232397622 13 486.0
1122 36.0 37.38461538461539 41.0 1.2608503439122307 13 486.0
1123 37.0 37.84615384615385 42.0 1.3445044840729647 13 492.0
1124 35.0 37.07692307692308 41.0 1.5525000516123695 13 482.0
1125 36.0 37.53846153846154 42.0 1.5063966175050876 13 488.0
1126 36.0 37.46153846153846 41.0 1.1982893790305562 13 487.0
1127 37.0 37.69230769230769 42.0 1.4366984945013916 13 490.0
1128 36.0 37.53846153846154 42.0 1.5063966175050876 13 488.0
1129 36.0 37.61538461538461 42.0 1.556623564988313 13 489.0
1130 37.0 37.92307692307692 42.0 1.3821202589704016 13 493.0
1131 37.0 37.92307692307692 42.0 1.3821202589704016 13 493.0
1132 36.0 37.53846153846154 42.0 1.5063966175050876 13 488.0
1133 36.0 38.0 42.0 1.4142135623730951 13 494.0
1134 36.0 39.46153846153846 65.0 7.698651230522838 13 513.0
1135 37.0 42.0 94.0 15.631165450257807 13 546.0
1136 36.0 42.0 98.0 16.842406795546374 13 546.0
1137 37.0 41.76923076923077 94.0 15.70644159866606 13 543.0
1138 37.0 42.0 94.0 15.636495771111889 13 546.0
1139 37.0 42.0 91.0 14.736575812130397 13 546.0
1140 36.0 42.0 97.0 16.547910240671882 13 546.0
1141 37.0 42.38461538461539 98.0 16.720937282034868 13 551.0
1142 37.0 42.30769230769231 95.0 15.845002447589035 13 550.0
1143 37.0 42.46153846153846 97.0 16.39926514926499 13 552.0
1144 36.0 41.84615384615385 95.0 15.999198697883557 13 544.0
1145 37.0 42.15384615384615 95.0 15.899927430893905 13 548.0
1146 37.0 42.69230769230769 97.0 16.342096027257412 13 555.0
1147 37.0 42.53846153846154 95.0 15.788262436672088 13 553.0
1148 36.0 44.38461538461539 98.0 17.36154016563844 13 577.0
1149 37.0 42.53846153846154 98.0 16.696383763235403 13 553.0
1150 37.0 42.53846153846154 97.0 16.394182833225656 13 553.0
1151 37.0 44.0 95.0 15.947831618540915 13 572.0
1152 37.0 42.46153846153846 98.0 16.706362982485565 13 552.0
1153 37.0 42.76923076923077 98.0 16.624048073768744 13 556.0
1154 38.0 43.15384615384615 98.0 16.501748159140366 13 561.0
1155 38.0 42.92307692307692 96.0 15.971127796023774 13 558.0
1156 37.0 42.69230769230769 98.0 16.650248323396536 13 555.0
1157 37.0 42.69230769230769 98.0 16.650248323396536 13 555.0
1158 37.0 45.84615384615385 98.0 19.003710838702677 13 596.0
1159 37.0 43.0 98.0 16.55294535724685 13 559.0
1160 37.0 42.53846153846154 95.0 15.79881527528454 13 553.0
1161 37.0 42.92307692307692 99.0 16.899021364473246 13 558.0
1162 38.0 43.15384615384615 98.0 16.501748159140366 13 561.0
1163 38.0 44.69230769230769 98.0 16.564945997419848 13 581.0
1164 37.0 43.07692307692308 99.0 16.829842237632228 13 560.0
1165 37.0 43.15384615384615 99.0 16.811931050329278 13 561.0
1166 38.0 43.15384615384615 99.0 16.79209215596315 13 561.0
1167 37.0 43.15384615384615 99.0 16.79705407626664 13 561.0
1168 37.0 43.0 98.0 16.54287359157008 13 559.0
1169 38.0 43.0 96.0 15.937377450509228 13 559.0
1170 38.0 43.46153846153846 98.0 16.39926514926499 13 565.0
1171 38.0 43.76923076923077 99.0 16.609002810493298 13 569.0
1172 37.0 43.0 99.0 16.842406795546374 13 559.0
1173 37.0 43.69230769230769 103.0 17.848364142523046 13 568.0
1174 38.0 38.46153846153846 40.0 0.7762500258061847 13 500.0
1175 38.0 42.69230769230769 89.0 13.936669947687262 13 555.0
1176 37.0 39.38461538461539 50.0 3.3050078552216666 13 512.0
1177 38.0 39.23076923076923 45.0 1.832750490103429 13 510.0
1178 38.0 39.23076923076923 41.0 0.8320502943378437 13 510.0
1179 38.0 39.07692307692308 40.0 0.4935481167928247 13 508.0
1180 37.0 38.61538461538461 41.0 0.9607689228305225 13 502.0
1181 38.0 39.0 41.0 0.816496580927726 13 507.0
1182 38.0 38.84615384615385 40.0 0.554700196225229 13 505.0
1183 38.0 39.07692307692308 40.0 0.49354811679282456 13 508.0
1184 38.0 38.84615384615385 41.0 0.8006407690254358 13 505.0
1185 38.0 39.07692307692308 41.0 0.8623164985025762 13 508.0
1186 39.0 39.46153846153846 41.0 0.6602252917735247 13 513.0
1187 39.0 39.30769230769231 41.0 0.6304251719561154 13 511.0
1188 37.0 39.07692307692308 41.0 0.9540735874430285 13 508.0
1189 38.0 39.15384615384615 41.0 0.8006407690254357 13 509.0
1190 38.0 39.23076923076923 41.0 0.7250110520819844 13 510.0
1191 39.0 39.30769230769231 41.0 0.6304251719561152 13 511.0
1192 38.0 39.23076923076923 41.0 0.8320502943378437 13 510.0
1193 38.0 39.07692307692308 40.0 0.4935481167928247 13 508.0
1194 39.0 39.38461538461539 41.0 0.650443635587991 13 512.0
1195 39.0 39.76923076923077 41.0 0.7250110520819842 13 517.0
1196 38.0 39.30769230769231 41.0 0.8548504142651102 13 511.0
1197 38.0 39.38461538461539 41.0 0.8697184926229041 13 512.0
1198 38.0 39.38461538461539 41.0 0.7679476477883046 13 512.0
1199 39.0 39.69230769230769 41.0 0.6304251719561152 13 516.0
1200 38.0 39.46153846153846 41.0 0.7762500258061847 13 513.0
1201 39.0 39.76923076923077 41.0 0.5991446895152781 13 517.0
1202 39.0 43.23076923076923 81.0 11.395568189387237 13 562.0
1203 39.0 40.15384615384615 43.0 1.214231845389905 13 522.0
1204 38.0 39.84615384615385 43.0 1.214231845389905 13 518.0
1205 39.0 40.07692307692308 43.0 0.9540735874430284 13 521.0
1206 39.0 39.84615384615385 41.0 0.6887372317211946 13 518.0
1207 39.0 39.92307692307692 41.0 0.6405126152203484 13 519.0
1208 38.0 39.53846153846154 41.0 0.8770580193070292 13 514.0
1209 39.0 39.92307692307692 41.0 0.6405126152203484 13 519.0
1210 40.0 40.30769230769231 42.0 0.6304251719561154 13 524.0
1211 39.0 40.23076923076923 41.0 0.5991446895152781 13 523.0
1212 39.0 43.23076923076923 83.0 11.966298830144085 13 562.0
1213 39.0 40.30769230769231 46.0 1.797434068545834 13 524.0
1214 39.0 40.07692307692308 41.0 0.6405126152203484 13 521.0
1215 39.0 40.07692307692308 41.0 0.6405126152203485 13 521.0
1216 39.0 40.15384615384615 42.0 0.8006407690254358 13 522.0
1217 39.0 40.0 41.0 0.7071067811865476 13 520.0
1218 39.0 40.46153846153846 42.0 0.8770580193070292 13 526.0
1219 40.0 40.46153846153846 42.0 0.6602252917735247 13 526.0
1220 39.0 40.15384615384615 42.0 0.8006407690254357 13 522.0
1221 39.0 40.46153846153846 41.0 0.6602252917735247 13 526.0
1222 39.0 40.53846153846154 43.0 0.9674179220468452 13 527.0
1223 40.0 40.69230769230769 43.0 0.9473309334313417 13 529.0
1224 39.0 40.23076923076923 41.0 0.7250110520819842 13 523.0
1225 39.0 40.07692307692308 41.0 0.49354811679282456 13 521.0
1226 40.0 41.61538461538461 52.0 3.202563076101743 13 541.0
1227 40.0 40.84615384615385 43.0 1.143543749793731 13 531.0
1228 39.0 40.46153846153846 43.0 1.0500305245868342 13 526.0
1229 40.0 40.46153846153846 42.0 0.6602252917735247 13 526.0
1230 39.0 40.69230769230769 42.0 0.9473309334313418 13 529.0
1231 39.0 40.69230769230769 42.0 0.8548504142651103 13 529.0
1232 39.0 40.23076923076923 42.0 0.8320502943378437 13 523.0
1233 39.0 40.61538461538461 42.0 0.7679476477883046 13 528.0
1234 40.0 41.0 43.0 0.9128709291752769 13 533.0
1235 40.0 41.15384615384615 42.0 0.554700196225229 13 535.0
1236 40.0 40.76923076923077 42.0 0.7250110520819842 13 530.0
1237 40.0 40.76923076923077 42.0 0.7250110520819842 13 530.0
1238 39.0 41.07692307692308 43.0 1.1151635501529555 13 534.0
1239 40.0 41.15384615384615 42.0 0.8006407690254358 13 535.0
1240 39.0 40.53846153846154 44.0 1.2659242088545832 13 527.0
1241 40.0 41.30769230769231 45.0 1.3774744634423892 13 537.0
1242 40.0 41.23076923076923 44.0 1.0919284281983375 13 536.0
1243 40.0 41.38461538461539 43.0 0.7679476477883046 13 538.0
1244 40.0 41.07692307692308 42.0 0.6405126152203485 13 534.0
1245 40.0 41.84615384615385 51.0 2.8532482613725785 13 544.0
1246 40.0 41.23076923076923 42.0 0.7250110520819842 13 536.0
1247 40.0 41.38461538461539 42.0 0.6504436355879909 13 538.0
1248 40.0 41.0 43.0 0.816496580927726 13 533.0
1249 40.0 41.15384615384615 43.0 0.8006407690254357 13 535.0
1250 41.0 41.84615384615385 43.0 0.8006407690254358 13 544.0
1251 41.0 45.0 84.0 11.73314393786536 13 585.0
1252 40.0 40.92307692307692 42.0 0.6405126152203485 13 532.0
1253 40.0 41.23076923076923 42.0 0.5991446895152781 13 536.0
1254 40.0 41.30769230769231 42.0 0.6304251719561152 13 537.0
1255 40.0 41.69230769230769 44.0 0.9473309334313418 13 542.0
1256 40.0 41.15384615384615 43.0 0.987096233585649 13 535.0
1257 41.0 45.46153846153846 89.0 13.093353177696592 13 591.0
1258 41.0 42.84615384615385 58.0 4.597937107119413 13 557.0
1259 41.0 42.46153846153846 49.0 2.0254787341673337 13 552.0
1260 40.0 41.38461538461539 43.0 0.8697184926229041 13 538.0
1261 40.0 41.53846153846154 43.0 0.7762500258061847 13 540.0
1262 40.0 41.46153846153846 43.0 0.7762500258061847 13 539.0
1263 41.0 41.69230769230769 43.0 0.7510676161988108 13 542.0
1264 40.0 41.38461538461539 44.0 1.0439078454267834 13 538.0
1265 41.0 41.76923076923077 43.0 0.5991446895152781 13 543.0
1266 41.0 42.0 43.0 0.408248290463863 13 546.0
1267 41.0 42.07692307692308 43.0 0.6405126152203484 13 547.0
1268 41.0 41.84615384615385 44.0 0.8006407690254358 13 544.0
1269 41.0 41.69230769230769 43.0 0.6304251719561152 13 542.0
1270 41.0 41.92307692307692 44.0 0.9540735874430284 13 545.0
1271 41.0 41.92307692307692 44.0 0.8623164985025761 13 545.0
1272 41.0 42.07692307692308 44.0 0.8623164985025762 13 547.0
1273 41.0 43.46153846153846 61.0 5.363695626080098 13 565.0
1274 42.0 42.69230769230769 45.0 0.9473309334313419 13 555.0
1275 42.0 42.53846153846154 45.0 0.8770580193070292 13 553.0
1276 40.0 42.0 45.0 1.2909944487358056 13 546.0
1277 41.0 42.46153846153846 45.0 0.9674179220468452 13 552.0
1278 41.0 42.53846153846154 45.0 0.9674179220468452 13 553.0
1279 41.0 42.53846153846154 44.0 0.8770580193070292 13 553.0
1280 41.0 42.15384615384615 43.0 0.8006407690254357 13 548.0
1281 41.0 42.53846153846154 44.0 0.8770580193070292 13 553.0
1282 42.0 42.69230769230769 44.0 0.7510676161988108 13 555.0
1283 42.0 42.76923076923077 44.0 0.8320502943378436 13 556.0
1284 41.0 42.38461538461539 44.0 1.12089707663561 13 551.0
1285 41.0 44.84615384615385 71.0 7.914608369403102 13 583.0
1286 41.0 42.53846153846154 44.0 0.7762500258061847 13 553.0
1287 42.0 42.92307692307692 45.0 0.9540735874430284 13 558.0
1288 41.0 42.46153846153846 44.0 1.0500305245868342 13 552.0
1289 42.0 42.76923076923077 44.0 0.8320502943378437 13 556.0
1290 42.0 42.92307692307692 44.0 0.7595545253127498 13 558.0
1291 42.0 43.30769230769231 45.0 0.8548504142651102 13 563.0
1292 41.0 42.53846153846154 44.0 0.8770580193070292 13 553.0
1293 42.0 42.92307692307692 45.0 0.9540735874430284 13 558.0
1294 42.0 43.07692307692308 44.0 0.8623164985025762 13 560.0
1295 42.0 43.15384615384615 45.0 0.8006407690254358 13 561.0
1296 41.0 42.61538461538461 46.0 1.2608503439122305 13 554.0
1297 42.0 43.0 46.0 1.1547005383792515 13 559.0
1298 42.0 43.30769230769231 46.0 0.9473309334313417 13 563.0
