##ver, min, mean, max, stddev, count,total
0 0.0 1.020408163265306 13.0 2.4957446777662673 49 50.0
1 0.0 0.7346938775510206 12.0 1.9976601959551072 49 36.0
2 0.0 0.6326530612244898 11.0 1.7759255515437167 49 31.0
3 0.0 0.5714285714285716 11.0 1.7911821050170569 49 28.0
4 0.0 0.857142857142857 11.0 2.217355782608345 49 42.0
5 0.0 0.775510204081633 13.0 2.4175168572529215 49 38.0
6 0.0 0.7551020408163264 15.0 2.578198759509713 49 37.0
7 0.0 0.775510204081633 11.0 2.123924297560699 49 38.0
8 0.0 0.6326530612244898 10.0 1.7759255515437165 49 31.0
9 0.0 0.5714285714285716 11.0 1.825741858350554 49 28.0
10 0.0 0.7346938775510206 13.0 2.1386864173685516 49 36.0
11 0.0 0.8979591836734693 19.0 2.924358177156027 49 44.0
12 0.0 0.816326530612245 17.0 2.5954565220444623 49 40.0
13 0.0 0.653061224489796 11.0 1.8206113946529423 49 32.0
14 0.0 0.5510204081632654 11.0 1.8034830247075126 49 27.0
15 0.0 0.653061224489796 11.0 1.7859523650814801 49 32.0
16 0.0 0.5510204081632654 11.0 1.8034830247075129 49 27.0
17 0.0 0.6326530612244898 10.0 1.629083044115876 49 31.0
18 0.0 0.6938775510204079 11.0 1.8166370215393086 49 34.0
19 0.0 0.653061224489796 11.0 1.7506072804430275 49 32.0
20 0.0 0.5918367346938773 11.0 1.7902323795499602 49 29.0
21 0.0 0.5918367346938773 11.0 1.8133574678265856 49 29.0
22 0.0 0.693877551020408 11.0 1.839430183877753 49 34.0
23 0.0 0.5918367346938773 11.0 1.8361913406439372 49 29.0
24 0.0 0.8979591836734694 14.0 2.592014161798887 49 44.0
25 0.0 0.816326530612245 12.0 1.9861339056459564 49 40.0
26 0.0 0.5714285714285716 11.0 1.7320508075688779 49 28.0
27 0.0 0.6326530612244898 11.0 1.7523065460393967 49 31.0
28 0.0 0.6122448979591836 11.0 1.6933242273042421 49 30.0
29 0.0 0.5510204081632654 10.0 1.5819453278821505 49 27.0
30 0.0 0.5918367346938774 11.0 1.6572865290757 49 29.0
31 0.0 0.6122448979591836 11.0 1.6560033027670897 49 30.0
32 0.0 0.5918367346938773 11.0 1.7549734963209882 49 29.0
33 0.0 0.653061224489796 11.0 1.7386659206625825 49 32.0
34 0.0 0.653061224489796 11.0 1.714533712220361 49 32.0
35 0.0 0.5714285714285715 11.0 1.6832508230603467 49 28.0
36 0.0 0.5714285714285716 11.0 1.707825127659934 49 28.0
37 0.0 0.7142857142857142 11.0 1.7320508075688779 49 35.0
38 0.0 0.510204081632653 11.0 1.6970863386452464 49 25.0
39 0.0 0.6122448979591836 11.0 1.7537617489581765 49 30.0
40 0.0 0.653061224489796 11.0 1.6900569567345352 49 32.0
41 0.0 0.6122448979591836 12.0 1.8121847602940977 49 30.0
42 0.0 0.5918367346938774 11.0 1.6572865290757 49 29.0
43 0.0 0.5306122448979591 12.0 1.7807072660454146 49 26.0
44 0.0 0.5510204081632654 11.0 1.6337740624317765 49 27.0
45 0.0 0.5510204081632654 11.0 1.6464763447257587 49 27.0
46 0.0 0.6122448979591836 11.0 1.65600330276709 49 30.0
47 0.0 0.653061224489796 11.0 1.7023393268304252 49 32.0
48 0.0 0.5102040816326531 12.0 1.7692094395001197 49 25.0
49 0.0 0.5510204081632654 11.0 1.659081378476704 49 27.0
50 0.0 0.5918367346938774 11.0 1.631951379827981 49 29.0
51 0.0 0.5510204081632654 11.0 1.6464763447257589 49 27.0
52 0.0 0.5714285714285716 12.0 1.8257418583505545 49 28.0
53 0.0 1.3061224489795915 48.0 6.831922867540824 49 64.0
54 0.0 0.7959183673469385 23.0 3.3102089047667795 49 39.0
55 0.0 0.7755102040816328 21.0 3.070459426280597 49 38.0
56 0.0 0.7551020408163266 19.0 2.772864134825954 49 37.0
57 0.0 0.8571428571428572 17.0 2.4748737341529163 49 42.0
58 0.0 0.693877551020408 16.0 2.3822615448407864 49 34.0
59 0.0 0.6938775510204082 15.0 2.2192724186154367 49 34.0
60 0.0 0.6326530612244898 15.0 2.214477718250029 49 31.0
61 0.0 0.693877551020408 14.0 2.1525574095388356 49 34.0
62 0.0 0.6122448979591836 12.0 1.8006518094222184 49 30.0
63 0.0 0.5306122448979591 11.0 1.6968357907235065 49 26.0
64 0.0 0.6122448979591836 12.0 1.8350332255235893 49 30.0
65 0.0 0.5918367346938774 11.0 1.718991556927815 49 29.0
66 0.0 0.5918367346938774 12.0 1.8361913406439372 49 29.0
67 0.0 0.653061224489796 11.0 1.6526622513407876 49 32.0
68 0.0 0.4693877551020409 12.0 1.768969106762544 49 23.0
69 0.0 0.8367346938775512 13.0 2.4268200968165994 49 41.0
70 0.0 0.6938775510204082 12.0 1.7819006897207288 49 34.0
71 0.0 0.5306122448979591 11.0 1.62149674704585 49 26.0
72 0.0 0.653061224489796 12.0 1.832018699961002 49 32.0
73 0.0 0.5918367346938775 11.0 1.6698099610801367 49 29.0
74 0.0 0.5918367346938774 12.0 1.7785570854269612 49 29.0
75 0.0 0.5714285714285715 12.0 1.7795130420052194 49 28.0
76 0.0 0.673469387755102 11.0 1.6506028583273349 49 33.0
77 0.0 0.5510204081632654 12.0 1.7802296725632982 49 27.0
78 0.0 0.5918367346938774 11.0 1.6698099610801367 49 29.0
79 0.0 0.5306122448979591 12.0 1.7807072660454146 49 26.0
80 0.0 0.653061224489796 12.0 1.7859523650814801 49 32.0
81 0.0 0.5714285714285715 11.0 1.6457014715109584 49 28.0
82 0.0 0.5918367346938774 12.0 1.7668046409990494 49 29.0
83 0.0 0.5918367346938774 12.0 1.7902323795499604 49 29.0
84 0.0 0.5714285714285715 11.0 1.6457014715109584 49 28.0
85 0.0 0.5918367346938774 12.0 1.7785570854269612 49 29.0
86 0.0 0.5510204081632654 12.0 1.7566685383820972 49 27.0
87 0.0 0.5918367346938774 12.0 1.7785570854269612 49 29.0
