##bucket, min, mean, max, stddev, count,total
0 0.0 0.8163265306122451 11.0 2.0276574064232653 49 40.0
1 0.0 0.6122448979591836 10.0 1.630648216336736 49 30.0
2 0.0 0.5306122448979591 10.0 1.6968357907235072 49 26.0
3 0.0 0.5918367346938773 11.0 1.7785570854269612 49 29.0
4 0.0 0.6734693877551021 11.0 1.7486632406646236 49 33.0
5 0.0 0.6734693877551022 11.0 1.8072510790106167 49 33.0
6 0.0 0.6734693877551022 11.0 1.760536791980892 49 33.0
7 0.0 0.6734693877551021 12.0 1.9831346724949632 49 33.0
8 0.0 0.6326530612244898 11.0 1.8562268803388555 49 31.0
9 0.0 0.6734693877551021 12.0 1.908181454313252 49 33.0
10 0.0 0.6734693877551021 11.0 1.7956864414252203 49 33.0
11 0.0 0.6530612244897958 11.0 1.78595236508148 49 32.0
12 0.0 0.6734693877551022 11.0 1.7956864414252203 49 33.0
13 0.0 0.6734693877551022 12.0 1.908181454313252 49 33.0
14 0.0 0.7142857142857142 13.0 2.041241452319315 49 35.0
15 0.0 0.693877551020408 13.0 2.0331019161273107 49 34.0
16 0.0 0.693877551020408 13.0 2.043323290139671 49 34.0
17 0.0 0.653061224489796 11.0 1.7975796274454154 49 32.0
18 0.0 0.6734693877551022 11.0 1.7840468405430683 49 33.0
19 0.0 0.7142857142857142 11.0 1.7911821050170564 49 35.0
20 0.0 0.6326530612244898 11.0 1.799234531115715 49 31.0
21 0.0 0.6530612244897958 11.0 1.854622832367846 49 32.0
22 0.0 0.653061224489796 11.0 1.7742489069106016 49 32.0
23 0.0 0.7551020408163266 11.0 1.8317866078969867 49 37.0
24 0.0 0.7142857142857144 11.0 1.859659467035116 49 35.0
25 0.0 0.6734693877551022 11.0 1.81874218328264 49 33.0
26 0.0 0.653061224489796 11.0 1.8546228323678462 49 32.0
27 0.0 0.5714285714285716 12.0 1.881931631772703 49 28.0
28 0.0 0.7142857142857142 11.0 1.7559422921421233 49 35.0
29 0.0 0.6734693877551021 12.0 1.8639983358142707 49 33.0
30 0.0 0.6326530612244898 11.0 1.7876180328281879 49 31.0
31 0.0 0.5510204081632654 12.0 1.8603452243445289 49 27.0
32 0.0 0.5918367346938773 12.0 1.8699194205782717 49 29.0
33 0.0 0.6734693877551021 12.0 1.8972321407562047 49 33.0
34 0.0 0.5918367346938773 11.0 1.7549734963209882 49 29.0
35 0.0 0.6122448979591836 12.0 1.7773614166629634 49 30.0
36 0.0 0.653061224489796 11.0 1.714533712220361 49 32.0
37 0.0 0.653061224489796 11.0 1.6776846695193146 49 32.0
38 0.0 0.7959183673469387 24.0 3.4639788769367446 49 39.0
39 0.0 0.6122448979591836 11.0 1.7177544271835952 49 30.0
40 0.0 0.5918367346938774 11.0 1.6572865290757 49 29.0
41 0.0 0.5918367346938774 12.0 1.7902323795499604 49 29.0
42 0.0 0.5714285714285715 12.0 1.8027756377319952 49 28.0
43 0.0 0.5510204081632654 12.0 1.791894068783502 49 27.0
44 0.0 0.653061224489796 13.0 1.9316553825687435 49 32.0
45 0.0 0.6122448979591836 12.0 1.8687822074215892 49 30.0
46 0.0 0.5918367346938773 12.0 1.8810277260376695 49 29.0
47 0.0 0.6326530612244898 12.0 1.8222453817454223 49 31.0
48 0.0 0.5714285714285715 12.0 1.791182105017057 49 28.0
49 0.0 0.5918367346938774 12.0 1.7785570854269612 49 29.0
50 0.0 0.653061224489796 12.0 1.8320186999610015 49 32.0
51 0.0 0.6734693877551021 12.0 1.8187421832826398 49 33.0
52 0.0 0.5714285714285715 12.0 1.8257418583505545 49 28.0
53 0.0 0.7346938775510204 12.0 1.823178431157174 49 36.0
54 0.0 0.6326530612244898 12.0 1.833642521856206 49 31.0
55 0.0 0.6326530612244898 12.0 1.833642521856206 49 31.0
56 0.0 0.6326530612244898 12.0 1.8674166374859111 49 31.0
57 0.0 0.5510204081632654 12.0 1.780229672563298 49 27.0
58 0.0 0.6122448979591836 12.0 1.7890445137303996 49 30.0
59 0.0 0.5918367346938774 12.0 1.8018320230964315 49 29.0
60 0.0 0.6122448979591836 12.0 1.8006518094222181 49 30.0
61 0.0 0.653061224489796 13.0 1.9316553825687435 49 32.0
62 0.0 0.6122448979591836 13.0 1.9237152263546813 49 30.0
63 0.0 0.5714285714285716 12.0 1.779513042005219 49 28.0
64 0.0 0.693877551020408 12.0 1.8507214993151209 49 34.0
65 0.0 0.6734693877551021 13.0 1.9620116706886253 49 33.0
66 0.0 0.653061224489796 13.0 1.920839881494585 49 32.0
67 0.0 0.5714285714285715 12.0 1.8027756377319955 49 28.0
68 0.0 0.653061224489796 13.0 1.8880216763427617 49 32.0
69 0.0 0.6122448979591836 13.0 1.8909469247202162 49 30.0
70 0.0 0.6122448979591836 12.0 1.7890445137303999 49 30.0
71 0.0 0.4897959183673469 11.0 1.647250853437223 49 24.0
72 0.0 0.653061224489796 11.0 1.6526622513407876 49 32.0
73 0.0 0.653061224489796 12.0 1.7859523650814801 49 32.0
74 0.0 0.5510204081632654 11.0 1.6337740624317765 49 27.0
75 0.0 0.5510204081632654 11.0 1.6464763447257589 49 27.0
76 0.0 0.9591836734693875 13.0 2.5079804597314057 49 47.0
77 0.0 1.0 23.0 3.5997685110758626 49 49.0
78 0.0 0.5510204081632654 12.0 1.8034830247075133 49 27.0
79 0.0 0.7142857142857143 12.0 1.7795130420052185 49 35.0
80 0.0 0.6326530612244898 12.0 1.7523065460393967 49 31.0
81 0.0 0.4897959183673469 11.0 1.6345545899366565 49 24.0
82 0.0 0.6326530612244898 11.0 1.654462117414353 49 31.0
83 0.0 0.6326530612244898 12.0 1.7523065460393967 49 31.0
84 0.0 0.653061224489796 11.0 1.627255107127788 49 32.0
85 0.0 0.5918367346938774 12.0 1.7785570854269612 49 29.0
86 0.0 0.6326530612244898 12.0 1.7759255515437165 49 31.0
87 0.0 1.2244897959183674 42.0 5.976569898788271 49 60.0
tot,0.0,0.6500463821892384,42.0,1.9571446586124372,4312
